# FOF_ID M_FOF[10^10 Msun/h] Vmax [km/s] Pos_xyz [kpc/h] Vel_xyz [km/s]
113044 27.034861 403.717346 80210.695312 121134.164062 194333.828125 752.520325 -372.095367 -428.194794
13037 349.088470 788.141602 192539.859375 143333.203125 182762.078125 218.228378 -153.542038 113.582184
13121 272.125702 747.375977 41624.375000 77994.562500 160886.078125 -344.835083 -148.052567 -635.974365
14201 214.644135 811.386414 69979.132812 143633.078125 134642.390625 167.402390 -175.888779 -98.048744
13043 244.603760 773.074585 148025.109375 65606.656250 78567.093750 -103.223915 -85.000435 -108.368736
10351 338.565338 715.674744 124027.617188 79236.445312 180007.203125 205.675064 -315.772278 444.879974
10954 369.437897 736.705688 15856.355469 7235.955566 154586.359375 3.725634 149.469330 -195.294449
9221 409.631989 546.929260 41003.015625 93053.210938 15303.888672 239.527664 16.151291 -379.795685
9411 283.740326 640.688171 9323.122070 194119.203125 45514.835938 308.919189 -1.806579 173.181610
9777 156.579865 659.788818 23184.656250 181097.125000 125409.289062 -22.193415 115.030846 -122.023323
9045 404.861053 733.724182 54722.078125 839.661072 136942.515625 24.954615 360.477539 -14.603683
8989 461.509857 700.859436 31032.679688 58484.402344 170814.562500 409.662811 57.739925 -116.815010
6053 381.868927 362.100830 6758.437500 123095.078125 72221.601562 111.752686 200.655838 98.117851
8727 272.201111 653.081482 135024.015625 75981.046875 10508.083008 -412.296539 262.367523 -124.909203
7947 315.349701 661.825745 185876.031250 115340.046875 167881.875000 -230.516174 -661.631226 457.806549
7061 558.341736 606.106262 100635.421875 74674.632812 116070.250000 -248.309647 -105.681847 -166.633957
7286 516.812561 565.667847 135052.359375 85362.351562 66832.585938 143.614288 -268.148102 -469.979919
6994 600.114929 615.098877 78310.562500 38833.148438 160290.750000 -414.495300 373.689545 -302.923553
5688 704.400696 431.230408 37572.394531 97370.984375 108361.703125 531.327148 -60.073853 568.942566
6352 680.927490 613.178589 194005.625000 183956.687500 83091.828125 72.160744 151.098663 249.126633
4790 784.412598 545.922607 26474.765625 204925.406250 188968.203125 -35.247494 474.153442 -93.225441
5768 734.469055 484.306091 91749.812500 204950.046875 43308.480469 46.714798 125.277191 164.486557
5622 655.944397 498.355042 43933.417969 165968.171875 38135.097656 288.292480 207.395905 572.503601
6190 626.017822 602.493469 84110.468750 3003.626465 196327.015625 -106.364128 355.294098 17.759693
6408 544.795837 633.949829 59934.789062 83239.023438 191935.421875 -64.946068 88.239349 128.906281
3665 1165.823486 543.645081 100478.351562 26329.187500 118145.164062 -256.205292 -124.210770 519.878601
4928 829.594238 563.698608 49366.757812 188093.437500 74621.210938 297.911133 31.109488 -158.387680
5827 698.013184 569.997314 27274.878906 36399.554688 141891.562500 1031.250732 51.688499 -23.057974
4768 806.338074 288.556335 98475.882812 5397.702148 41383.578125 -305.756348 -31.326416 -117.774368
5709 626.333618 531.426270 55510.128906 61130.707031 131003.046875 -183.665741 -182.904343 651.900269
5555 749.979919 583.212646 6438.724609 106730.945312 23996.505859 -112.537460 -81.752937 -510.469727
4005 1063.712036 539.925110 138598.640625 1382.675415 2550.424805 -209.972260 205.713852 -23.711378
4063 969.489502 502.223145 69920.421875 63861.914062 41830.324219 239.047516 -83.749405 175.473648
5158 795.974243 461.191284 99041.296875 65459.382812 196634.531250 434.200867 287.007141 -228.634613
5530 347.271851 591.467102 8451.210938 102985.890625 191104.968750 -417.100861 -144.021545 -300.921509
4842 817.659790 474.820374 14848.291016 11598.144531 135847.203125 254.769241 232.585129 14.963784
4659 817.708740 468.925110 161996.750000 52405.472656 84597.671875 -223.990402 -185.982971 -154.724930
5362 791.608765 523.976257 127851.757812 130851.421875 22719.691406 -338.259033 -223.971024 -81.847221
5294 640.228210 484.406067 196954.203125 183106.984375 86903.828125 37.402252 -0.725107 -61.297668
5187 774.534668 529.963135 105652.757812 191862.890625 158092.953125 -225.162582 342.319305 -311.424194
5444 469.685486 563.542480 67038.171875 41896.214844 155340.234375 -105.701088 374.047302 170.355789
5281 783.986694 565.875793 109752.609375 11177.182617 8187.481445 -168.059769 369.663666 300.038666
4662 855.403931 508.890472 63727.687500 34168.625000 163916.796875 -241.866165 519.088074 -214.137405
5086 765.847900 472.760345 58375.003906 180018.125000 14315.171875 -129.212631 19.609058 173.528366
3938 1037.486816 531.884338 127156.757812 127747.804688 84435.304688 -79.204292 -162.374084 -191.656738
4982 793.098694 533.211609 36640.296875 87817.109375 162498.781250 229.895752 -244.973480 -397.186035
4850 845.194519 580.209900 168145.890625 24483.277344 193758.484375 235.200104 431.488617 -300.368500
4830 824.200562 537.494751 77752.867188 70441.304688 47950.496094 275.990723 230.149796 -293.226105
4749 698.296814 472.636353 174113.125000 161729.515625 64850.031250 -262.570435 228.670212 -139.100632
4187 909.352112 437.783478 99206.937500 123023.398438 81182.359375 -174.396469 -277.772430 127.601982
4583 805.653625 512.274597 19795.134766 77908.484375 143638.406250 476.360870 333.163605 185.079834
4560 606.974792 516.869263 67486.671875 57348.539062 45323.417969 51.134167 -102.335388 -192.868790
3100 1347.468994 470.772705 48506.089844 94315.265625 123284.460938 64.072807 -78.660141 250.394424
2495 920.533997 439.164215 58573.234375 123749.484375 113221.187500 -134.206467 -63.456612 1.526081
4399 962.085754 459.518188 190737.750000 93240.695312 12492.587891 -32.642502 203.735474 -575.998474
3713 1060.598877 505.543640 168573.375000 78494.234375 170647.375000 147.205719 194.868729 58.208084
3495 1220.251831 507.740387 58681.828125 147833.265625 99613.437500 146.716476 -25.682274 84.951218
4316 921.182068 467.251007 39000.804688 112029.507812 124377.570312 174.847443 -481.549988 -37.626694
4187 909.352112 487.318146 177543.687500 191891.421875 43901.406250 120.749771 -92.591316 158.875504
4279 804.070679 510.644562 149466.000000 36348.109375 162123.343750 145.291229 500.667328 -331.896027
4306 871.976501 527.072205 121081.601562 161719.875000 119590.539062 -194.089233 -63.589012 274.121216
3992 938.575378 523.034729 171739.000000 174291.578125 94006.703125 -5.218488 249.616684 252.288666
3891 804.847839 410.690826 91297.726562 83286.835938 36790.988281 -259.329590 -149.556946 259.224884
4165 810.391541 511.655060 75143.835938 98221.187500 124296.914062 -216.780014 -78.660583 -1.312104
4044 978.101440 486.501099 60075.855469 1581.002075 76630.523438 210.666611 -557.857666 -6.831860
4111 941.381348 488.755157 22621.611328 133934.671875 45428.324219 235.693405 -127.113533 -5.395796
4080 462.957031 473.547638 157890.515625 182610.765625 153209.609375 162.803604 289.446289 -141.074188
4136 991.912964 537.964539 71483.320312 677.055420 68863.398438 -145.266891 -363.334259 89.321060
4144 1013.626404 510.285858 96503.265625 54967.753906 123551.859375 -94.993553 -223.141632 155.552353
4008 1007.818359 489.271423 56107.375000 27843.611328 82243.398438 15.678451 -122.171074 -73.889610
3973 964.645813 498.866821 199555.171875 100577.945312 81623.187500 252.415802 -113.596268 -2.560000
4001 914.412170 534.781433 143004.406250 81297.210938 139311.203125 3.614438 -429.882782 241.087311
4084 845.671143 547.688416 21708.777344 188131.984375 62385.359375 298.173309 -149.417007 -262.544891
2740 1487.097290 465.473236 146890.265625 86394.343750 26072.244141 -267.695496 129.583450 -451.980255
3525 831.963501 490.293640 131311.218750 16170.474609 189107.140625 -108.851982 328.128693 93.810555
4016 995.533997 470.835541 97476.289062 185657.265625 69879.617188 -325.017700 352.875153 -213.204010
4059 939.428101 466.398041 155154.125000 60504.867188 149661.296875 -388.901062 -373.364716 120.605423
2480 1456.943359 425.050446 62070.378906 97158.640625 110300.453125 -186.135712 -108.261436 -137.286484
3610 1150.847168 482.900055 78167.093750 74795.773438 83238.679688 38.208256 202.754059 -38.718475
4096 1001.164734 435.372864 87920.046875 104703.789062 85369.500000 -156.849625 -216.806305 -273.480682
3643 1034.257080 514.607910 50825.652344 67792.476562 202286.812500 3.621972 -308.348083 63.139977
2915 1313.526733 443.330475 58552.191406 95613.437500 153222.265625 -432.652374 -149.241257 9.954788
3811 1152.397705 513.231018 17590.683594 173929.937500 117512.093750 67.197174 251.605072 -88.073135
3852 603.496826 486.363495 43398.527344 189520.281250 94613.867188 774.812805 -1.405794 9.478126
4001 914.412170 557.575684 86745.421875 119151.289062 195366.218750 -785.220215 131.173676 163.131363
3262 1200.445557 504.974762 165721.937500 54789.359375 24014.837891 -283.294800 152.771408 -19.909248
3922 1046.375610 493.133057 177940.125000 164039.109375 136031.140625 154.409027 9.841208 -23.311533
3861 1080.412720 510.929474 132806.812500 51803.859375 31639.550781 -564.506653 -129.746948 -153.970581
3443 663.272827 427.164093 86779.750000 80788.164062 189681.609375 -26.778343 -95.862053 273.609344
1844 2001.867432 426.937744 112142.328125 31192.761719 165096.921875 7.845773 384.133514 -88.001045
3234 885.424988 467.477692 88916.343750 4562.887207 75067.890625 -374.122223 -137.179001 -139.357452
3546 826.526917 438.759705 161546.328125 125513.789062 154769.546875 182.774063 -38.459236 760.546997
3797 1057.249878 506.676910 146541.796875 87533.898438 197833.031250 21.689144 -184.077484 136.245865
2094 1984.968384 353.914429 59561.902344 20433.701172 202138.562500 -274.398407 436.380768 169.943192
2212 1783.556274 457.675659 51850.101562 98453.109375 87350.414062 -130.528976 -235.932861 63.498940
3268 863.029114 427.429474 100942.843750 17231.945312 31453.748047 -59.137741 -102.435410 -411.098022
3231 706.800720 456.252045 82771.468750 24466.062500 102986.875000 99.701004 -97.238266 576.680237
2432 1730.815063 459.562073 44407.816406 125695.367188 187534.968750 31.666460 -402.858307 -161.964447
3391 1116.353516 443.966888 105170.921875 11325.257812 42863.613281 -482.191803 238.061340 -337.026306
3411 1067.454468 484.938080 166755.015625 43450.316406 118323.796875 -121.195427 -193.794861 63.800663
3410 687.061707 473.300446 180531.656250 11025.389648 145975.109375 -18.488815 203.435440 -4.670049
3235 1267.729736 437.657318 195683.718750 58695.046875 58894.199219 -193.166061 -154.586807 -188.332916
1979 1857.493042 396.311829 108914.703125 28462.974609 203809.593750 -198.333878 322.038605 191.319794
2769 1529.051025 455.614777 181133.656250 93840.875000 165095.000000 -135.951187 360.903381 348.166809
2036 2042.359619 423.338104 9109.625000 102356.289062 133707.500000 381.601868 -427.115356 298.857727
1863 1638.381958 376.349762 135239.703125 185655.578125 7450.317871 -51.402779 -21.143995 408.693481
3209 1195.254517 468.799683 197038.843750 187409.750000 139937.984375 90.620277 352.517517 36.101822
3189 853.476013 431.361786 13476.162109 89562.179688 14744.969727 -87.134094 231.451843 -413.959808
3027 1205.963989 463.697540 20001.914062 44891.378906 96573.015625 -66.214958 -92.082718 181.970551
2524 1194.345459 377.272858 56409.894531 94417.117188 94078.046875 -49.952206 -61.267830 228.696991
1461 1426.324341 341.227142 137117.343750 108353.398438 76374.367188 -290.752991 -327.744385 -173.845245
2339 1457.509155 364.971344 42777.207031 69109.835938 84280.304688 120.648048 206.044678 320.374542
3163 1332.114868 469.048431 166253.609375 35741.480469 138363.640625 -220.560730 31.603861 407.315948
2966 899.746277 432.207642 101876.648438 22446.222656 197485.437500 -120.063171 419.024170 58.445045
2821 1436.133179 477.742859 51466.691406 139435.171875 5923.307129 83.758743 -281.641296 -140.301239
2314 725.906433 422.625336 47174.234375 12750.487305 43514.933594 289.500000 -3.095571 -26.602875
1896 1929.424316 425.841278 132580.687500 194422.375000 35169.457031 -133.182678 -21.096542 44.098049
2753 1509.741089 420.204285 181326.718750 199378.281250 56404.410156 360.525116 18.203735 -4.569495
2837 1402.373535 424.523987 94421.460938 157702.984375 146808.046875 -18.519135 -349.967285 45.089802
2925 1176.473999 428.339203 108540.203125 32170.677734 178721.406250 39.146004 453.953339 -4.197471
2717 1463.951416 411.355713 52164.945312 158392.593750 53530.707031 -151.832642 181.542465 224.462006
2705 1438.681641 442.572205 163828.578125 64335.523438 163335.156250 69.859734 -19.088142 24.356157
2364 1705.271362 431.747803 192676.812500 125140.046875 191805.843750 -17.750048 -631.764587 52.698639
2388 1691.757812 332.610138 20054.380859 168294.781250 8786.277344 311.226318 481.651672 106.148468
2841 1274.455200 435.776642 193859.140625 101257.890625 183911.953125 205.386444 200.269577 337.454773
2828 1250.156982 388.560425 56866.488281 44674.656250 3188.817139 82.484932 844.598206 -248.688019
1517 2646.438477 360.950226 125233.328125 115619.164062 5346.502930 -155.144257 -245.979263 137.067520
2847 1450.378174 425.381012 90366.539062 118288.382812 195391.750000 -716.850952 -185.304871 209.515427
2563 1322.318359 457.133087 21193.101562 130584.296875 126006.382812 221.922272 -251.407394 70.274330
2802 1315.253296 476.522614 73941.187500 113938.671875 2345.320068 288.407043 -162.387909 -206.926193
2248 1851.635376 419.417297 102185.125000 108692.273438 6045.565918 -357.629211 34.316208 -224.810822
2708 1276.440308 454.069946 135308.140625 162990.875000 55469.613281 -12.849823 92.439766 55.645206
1596 1837.632935 337.898987 92770.875000 190948.984375 74234.921875 -444.481049 273.725372 -342.520813
2716 1527.278442 399.985199 77800.593750 119965.289062 156055.375000 -241.924713 -265.157471 118.004967
2293 1727.034302 350.798615 147563.703125 71047.656250 161387.656250 379.077057 -383.399902 200.386063
2633 1533.585693 392.716766 123711.148438 57548.757812 98255.882812 74.575821 -20.259106 71.675285
2261 1675.260986 389.450989 79158.445312 51448.855469 134242.187500 -304.822205 -398.523651 -108.664505
1892 2178.849121 390.509491 64753.738281 17914.232422 120636.039062 -103.066307 265.239380 -29.906513
2405 1737.629150 458.863281 194794.093750 75319.187500 4025.265137 -71.722893 593.692627 -504.283569
2660 1036.953247 426.272186 81889.523438 45866.468750 133793.187500 -343.819916 -78.642395 -132.831787
2245 1566.072632 399.941498 33041.859375 108202.039062 141507.140625 36.496994 -506.466522 -392.346832
1811 2247.037598 332.086090 118678.820312 61801.085938 34154.441406 -112.524986 395.736237 -191.600861
1720 2168.586182 306.781555 137501.031250 53852.781250 16922.599609 -398.832123 402.863281 -18.692204
1781 2315.558838 387.019196 32305.785156 200532.531250 79332.640625 307.412720 -139.757660 135.989487
2646 1420.065063 447.387115 40789.570312 48587.121094 87846.101562 110.791542 116.108902 111.014893
1544 2499.907959 331.187256 141186.781250 37461.554688 41775.671875 -437.689362 -42.057873 -142.294525
1481 2543.932861 358.709045 78872.429688 163920.968750 119.703461 -88.355286 -422.102264 121.842087
2160 2011.791626 399.992188 117880.218750 93668.265625 14326.270508 182.971252 -369.770386 -220.647812
2536 1608.604492 390.417603 201879.765625 121341.968750 5637.715820 -99.072319 -638.125244 -743.278381
2458 1727.135986 404.374207 96582.343750 152078.078125 53961.089844 -140.326538 -25.832268 80.058540
1423 2781.154785 325.899200 54928.191406 174432.875000 146873.125000 -68.375046 67.014473 -71.956100
2364 1705.271362 406.854828 150677.265625 166356.515625 11683.982422 -80.993675 -282.398010 -15.630824
2456 1703.960938 441.562775 16047.828125 9758.231445 172695.296875 77.905090 -64.152840 -76.738892
2566 382.344879 435.249298 98720.710938 152938.234375 54860.160156 -339.456116 -43.365250 65.949203
2074 1964.005249 402.923920 158411.843750 72018.554688 162854.578125 -118.830208 -233.820984 387.919098
1837 1863.598755 342.595032 114506.492188 33939.746094 129699.117188 -5.355409 109.173218 247.116913
2502 1560.579712 393.218506 108022.546875 37569.265625 184796.968750 -102.085968 446.919739 -231.094742
2435 1569.284180 433.668579 79707.617188 43963.878906 148544.437500 -409.156769 -303.671906 173.543228
1781 2315.558838 365.452240 137588.671875 63085.160156 132857.531250 119.202942 -801.061768 247.896454
2315 1718.711670 409.566742 46126.199219 152484.015625 105578.976562 173.752045 -28.302650 -139.845139
2306 1685.432495 384.951324 155146.046875 10225.725586 116600.476562 19.749212 467.090363 253.241913
2127 1885.796509 401.134399 130334.679688 50905.964844 195528.125000 -280.922180 447.348816 163.879623
1879 2186.701172 408.437225 77095.226562 62538.023438 44370.765625 -61.639946 107.673393 -72.219032
1330 3012.104248 409.447205 181109.515625 2491.687988 58619.316406 179.413345 -138.882874 202.560516
2164 1895.482056 419.055939 63215.601562 107006.335938 163353.578125 -188.852112 -92.379051 77.357880
1370 2841.262451 393.417633 195084.625000 100212.406250 177726.656250 -39.848324 152.817947 640.206238
2120 1878.415771 399.213837 82296.617188 69698.281250 119261.765625 -7.745190 -99.546143 164.704788
1718 2328.336914 347.519257 25136.148438 16870.107422 140196.562500 -14.316893 674.930237 -412.157898
1353 2009.432983 345.792175 91409.328125 38725.753906 36204.964844 -90.230888 64.197502 -129.010803
2233 1718.507812 356.774170 181096.703125 189059.906250 42067.699219 32.133656 129.928619 198.102905
1355 3030.364502 405.453583 158328.734375 90067.046875 172787.828125 65.248993 184.907715 396.204132
2060 1618.976318 372.507812 176905.828125 40856.851562 186028.375000 -61.331291 182.280289 -337.499390
2168 1896.621094 405.598846 169767.968750 120417.351562 44090.734375 -378.578857 -105.413040 -209.323105
2456 1703.960938 440.437988 36574.925781 102253.757812 178992.562500 -42.789043 -131.397186 120.612579
2075 2049.075684 389.059082 57948.398438 136239.546875 187605.578125 23.373322 -299.790558 -110.676903
2341 1650.012207 409.173828 133436.171875 197243.218750 10302.446289 -302.346436 -211.210602 232.252884
2068 2102.295898 535.290100 159088.015625 42166.730469 106970.765625 -127.630066 -202.151001 119.408188
2360 1749.680176 422.894318 105259.710938 86862.406250 141155.312500 -157.451935 -136.350250 -41.638966
1947 2173.230469 336.824341 117256.437500 82009.164062 52046.726562 93.831200 -299.028625 4.202278
1948 1420.312134 411.126740 32118.361328 143645.046875 118277.914062 148.562180 -118.931976 -177.870590
1848 2260.863525 400.087891 127058.140625 64989.781250 151977.500000 257.746246 -301.163055 393.827454
1408 2820.117188 382.901489 172439.640625 148245.125000 560.319763 -8.789234 -392.586273 -269.095886
2232 1701.285767 412.217377 153794.750000 62151.351562 97688.351562 -135.957977 -196.315765 -207.930252
2052 1918.141846 415.970398 73346.234375 69216.484375 37429.019531 286.288422 -146.768295 110.715469
1900 2077.625244 413.249908 164402.734375 138198.500000 17852.787109 -106.723503 -300.452087 -164.787567
2162 1852.413696 416.270966 40273.839844 191061.968750 96605.992188 804.966553 -108.063873 -73.200546
2166 1786.073486 352.065399 196510.484375 147437.406250 201947.750000 -240.093033 -372.257385 -412.511627
1932 1627.896606 428.839508 124957.812500 143604.859375 91442.195312 -73.848961 -157.259750 -174.806671
1863 1638.381958 399.121613 84724.656250 70880.335938 139408.968750 -149.931946 -204.824417 -146.791016
1185 3517.932861 355.953644 119385.531250 139209.140625 101608.546875 -189.376877 -60.132381 -18.115677
1893 2293.780518 437.183807 161188.828125 186975.937500 40624.429688 -107.112129 -289.100464 59.069481
2260 1808.455688 433.941193 124334.531250 54006.769531 126225.500000 -74.129082 -28.149094 108.367760
1600 2560.806396 317.028168 164601.968750 38892.886719 163167.156250 268.401001 -70.570557 -305.735321
2120 1878.415771 340.572845 147205.656250 71044.101562 88101.562500 -255.511383 -429.346008 1.232641
1638 2292.678711 370.191101 66116.484375 38471.082031 132353.906250 -13.170160 161.001801 153.573074
2144 1172.008911 432.954102 141334.562500 162059.796875 171426.968750 251.926788 -165.297775 208.217270
2156 1956.243896 379.304871 85915.765625 187175.875000 54899.558594 -296.329803 228.877823 372.459290
1166 3095.744141 313.234344 43617.578125 33712.351562 55470.351562 416.589142 25.300131 150.822739
2169 1898.309814 463.189789 77141.875000 36734.875000 149352.203125 -107.136688 353.363770 211.180939
2178 1841.673828 383.289398 188367.406250 40437.648438 66300.695312 -87.377441 72.655930 -103.631622
2210 1908.963013 445.101318 86819.242188 73740.859375 29106.070312 344.589203 -120.175957 447.584198
2213 1898.259766 408.879089 147563.546875 67225.007812 166138.000000 -7.290333 -116.829086 -203.222076
2096 1848.683838 387.576294 74053.164062 16559.634766 91900.734375 -231.995605 -221.292572 220.324600
1479 2636.166016 339.726593 92075.570312 191682.453125 134526.250000 189.011856 648.433594 354.105042
1282 3140.882080 358.271851 169667.031250 58741.160156 39459.257812 63.730824 4.420282 124.069893
2132 1796.295898 424.871185 30255.845703 173427.531250 184019.656250 -188.164459 -52.899002 -52.851135
1627 2418.714600 389.887665 102004.695312 60694.437500 169078.046875 19.644083 -237.594635 305.214661
1420 2248.022949 326.853516 200561.375000 99727.664062 188352.515625 173.267593 664.465271 -11.402925
1868 1980.824219 345.882507 106833.796875 26948.216797 130007.437500 -147.021210 331.547577 63.898449
1308 2821.603271 375.102203 169928.140625 15485.197266 144845.718750 -69.691650 401.839661 -73.165588
1650 2392.130127 355.028809 52473.601562 144998.265625 174748.265625 -92.039925 -445.234009 94.487366
1890 2147.066406 384.542419 83415.507812 26145.675781 23555.062500 68.072456 191.367203 -137.897568
1384 2569.517822 334.303223 178142.609375 184275.375000 155192.953125 -103.175346 218.773956 110.195221
1857 2228.274170 379.188721 5239.404785 201575.390625 33197.234375 -33.547382 125.334457 -137.152039
1458 2664.072998 371.635895 41365.070312 86523.671875 160358.812500 -578.116760 -396.648071 -170.974319
1849 2115.082520 368.240906 54032.308594 65465.460938 47144.476562 396.931854 -117.595795 -8.923731
1163 3127.954590 368.445923 162483.375000 177234.656250 153858.093750 273.024139 58.692062 54.901310
1544 2499.907959 349.998413 90816.523438 82272.421875 57290.199219 -100.833405 193.760162 -574.548889
1715 2447.608887 345.619965 190041.015625 110153.359375 201668.000000 61.398865 206.008392 -806.764038
2004 1973.141113 368.565033 131516.515625 16589.394531 4440.517578 -263.151428 195.903000 86.966995
1862 2177.351318 355.166779 64971.957031 44077.175781 10442.954102 6.226917 300.275879 36.653713
1351 2799.348145 378.211548 33183.492188 9629.337891 166671.000000 13.373463 363.963745 34.683998
1184 3376.704590 358.365631 185057.171875 29440.542969 178080.718750 -70.336128 234.546265 -60.780468
1695 2288.483154 417.276154 119326.171875 194856.718750 28421.404297 -11.716795 355.804413 90.986900
1805 2259.576416 327.191223 26357.095703 187958.281250 134117.390625 -194.797928 124.220718 -367.864838
2010 1974.952271 412.202972 189770.515625 26985.742188 168901.921875 -178.555252 123.763115 -27.155245
1056 2642.104736 340.238281 129575.312500 188968.109375 195780.468750 47.527653 -38.486824 91.591148
1555 1423.280396 363.407990 62263.640625 91382.335938 105898.250000 -394.647400 275.976196 -145.218994
1694 2516.396484 354.011139 26487.697266 91999.585938 1286.101562 -151.851089 -33.300903 -54.896744
1299 3118.026611 367.548431 117128.453125 93875.929688 1519.375366 -1.965429 -224.997391 262.196899
1965 2092.179443 417.888031 182599.187500 174797.453125 2868.354248 112.388824 -170.296066 81.230820
1850 2225.775635 430.094421 27270.800781 86668.617188 3774.123047 73.576256 383.466553 -549.270752
1935 2123.961426 442.078613 81723.062500 76288.007812 53062.472656 509.925781 457.408508 -586.297913
1611 2458.375977 387.222290 38878.753906 107177.429688 182302.359375 61.249481 -395.299347 -195.912109
1861 2120.771240 392.817871 183184.234375 72228.968750 100354.875000 36.143097 -326.260773 269.845398
1852 2113.489990 398.400238 10763.125977 30716.101562 190010.046875 117.871941 110.882668 -367.168701
1898 1682.871338 428.937897 132298.218750 16694.484375 51459.277344 -102.684898 435.239594 -1.713508
1009 3140.594238 321.171265 82509.359375 124152.062500 42388.660156 -122.816437 21.043598 -106.224632
1381 3121.417236 359.173737 55756.328125 150929.875000 187734.859375 101.210159 -334.423004 115.675468
1746 2118.688232 417.257507 119214.656250 190711.687500 62036.691406 -63.241943 -40.780186 -204.781555
1626 1906.439697 397.667419 17286.988281 67062.625000 184159.906250 570.752075 276.157288 -108.190422
1696 2155.069336 393.645264 183786.609375 96526.171875 200257.968750 -10.274206 292.340210 -375.191498
1908 1961.398315 385.217163 42597.679688 93687.117188 196699.500000 117.164398 144.767471 -276.391937
1218 3150.788086 368.519775 75720.468750 14328.041016 106248.507812 -340.711670 506.077332 225.190125
1305 2847.717285 305.922363 55853.507812 194954.468750 26412.320312 23.496117 45.135838 137.969727
1785 2205.928955 322.784821 1170.890015 113601.171875 203357.562500 -209.342529 -470.522675 -822.896118
1579 2192.395264 399.083893 195434.609375 166555.156250 56869.089844 2.180024 120.151146 -137.177902
1566 2649.571289 353.436646 50579.183594 136468.140625 191429.187500 -4.445045 -284.185242 -116.339584
1851 1600.131470 388.111145 44865.097656 76460.828125 11788.548828 301.581116 28.891592 -324.237579
1524 2501.164795 411.594757 48098.218750 109441.289062 129291.609375 -30.184874 -547.547852 179.019958
1873 985.834900 413.868011 98298.656250 163773.875000 23040.662109 -109.112190 -272.392792 -5.774186
973 4231.667969 364.447296 188080.406250 140739.078125 197281.156250 190.530685 -381.357849 -542.351868
1414 2818.566406 344.846771 91407.007812 151469.312500 194489.359375 -282.710114 -328.882080 73.284691
1824 2196.930176 423.299469 31307.437500 188396.687500 145144.687500 -164.513397 246.406128 -154.691269
919 3735.291748 308.634155 106282.039062 44110.296875 127657.476562 -127.592178 -273.869904 -144.584930
1094 3383.129883 343.292969 111844.765625 36155.066406 134999.375000 115.034233 -104.644173 -234.031342
1746 2118.688232 356.995270 143774.546875 63074.097656 80422.429688 54.586246 66.449356 -189.444458
849 4242.851562 257.703430 14051.032227 163728.046875 103002.937500 -20.454739 22.125771 98.907806
1656 1781.824097 369.486298 73883.710938 43254.546875 153576.031250 -444.026398 -326.500214 523.813843
1830 2150.448486 416.667908 25504.029297 166642.890625 120862.054688 42.976147 216.361511 -182.293594
1856 2204.873291 522.386047 114218.273438 381.521149 16579.261719 -112.533699 311.090332 458.816742
1457 2812.972656 379.135071 186714.937500 2813.143555 163938.203125 266.592865 27.515442 61.622189
1361 2288.217041 338.579193 163324.593750 126965.187500 146600.468750 193.952118 -52.822918 657.524231
967 3874.202881 332.601074 136403.093750 76996.828125 64771.546875 15.527274 143.632584 -252.786499
1189 3202.869385 344.099670 193161.515625 87896.468750 81219.117188 301.472595 -192.980011 -91.282600
1230 2987.206055 265.671814 149926.187500 68307.093750 77212.148438 -343.611420 -206.482712 76.960907
1831 1960.082275 431.384857 22607.162109 118465.242188 129194.023438 373.988281 -393.243408 228.869720
1519 2428.078613 355.039673 73722.781250 17785.871094 34912.468750 17.581602 105.878853 -93.740311
1353 2009.432983 313.105957 87026.914062 115718.914062 190247.109375 -343.077942 320.681030 628.936096
1561 2532.548584 418.690948 107757.906250 44104.085938 183885.109375 -59.450577 311.510162 -96.264893
1527 1481.518066 316.535980 71474.796875 70392.289062 80316.695312 91.600418 139.963440 22.032499
766 4921.357422 240.780899 52830.683594 39530.796875 154461.281250 -512.166077 968.609009 -304.272705
896 4222.571777 326.651764 29166.521484 23714.775391 185448.031250 177.823288 58.277603 -264.956146
895 4308.371094 319.430328 129109.445312 24076.621094 121863.851562 94.189301 308.314545 205.862244
1183 3297.269531 336.922729 30179.080078 179963.531250 15854.956055 -379.712891 -242.126740 327.807892
1137 2078.150879 295.778351 89890.703125 137645.937500 171566.765625 -356.752747 -98.790733 297.886597
1194 3095.124512 341.623505 63838.781250 132001.031250 193560.750000 175.944138 -362.465302 -234.159653
1103 3400.958984 335.003082 169555.609375 77003.039062 14638.499023 -225.690643 267.029633 -461.344391
1143 2887.409912 315.185852 174386.609375 23046.664062 133104.187500 -143.874725 89.996841 419.749451
1657 2377.793701 376.586609 143619.218750 135496.250000 140317.859375 225.071732 253.179306 269.958740
1040 3234.672363 337.958832 49353.722656 105168.937500 132287.453125 -42.084846 135.914841 321.856567
1247 3081.908691 346.898895 55536.781250 122463.867188 98935.109375 -29.536524 282.150574 175.743195
1652 2230.343262 405.391022 86276.328125 64698.644531 80860.703125 -54.096310 208.610199 22.323029
986 4096.807617 295.646271 125693.945312 162218.484375 118415.125000 -314.759125 -121.175026 389.639191
1300 3114.109863 341.008575 48994.996094 128379.132812 107983.148438 329.395477 6.089870 264.029266
1332 3033.068848 348.291809 16182.709961 7576.209473 103715.109375 134.495041 25.395849 309.786987
1240 2930.058594 303.396790 128259.445312 59339.929688 102403.453125 79.878830 -57.305374 -6.522522
1522 2575.605957 343.380249 148204.578125 72662.875000 84296.070312 -133.734177 -256.512115 -3.981006
1656 1781.824097 402.488495 170634.703125 149897.031250 57645.949219 -82.288803 288.334625 -154.133926
1398 1806.269653 384.832062 161698.812500 98735.218750 54433.589844 -428.752625 -61.350800 -610.236694
1476 2342.291748 358.674438 68799.687500 204794.437500 116722.625000 134.607895 392.675415 -202.994781
1075 3609.259521 287.905579 181700.000000 57500.789062 46091.160156 -248.208755 -143.518372 248.786896
1113 3231.728516 333.604218 73370.101562 101250.460938 154202.765625 -449.702118 11.505503 124.840721
1488 1700.063232 337.361908 50537.113281 149984.953125 63860.128906 202.113998 114.020477 88.233360
1220 3172.587891 303.880219 63912.828125 155478.875000 172500.843750 86.498322 -189.263290 -67.655312
1556 2068.487549 386.325836 74167.226562 45016.726562 44877.917969 -120.620674 380.806641 -162.997818
1370 2841.262451 375.026062 54807.820312 90297.460938 54852.406250 185.262726 69.475929 48.621738
784 4234.977539 291.075989 154841.515625 182548.000000 159902.156250 223.078598 -18.576090 -312.513062
1246 3272.714355 321.982910 30418.082031 17507.154297 174349.171875 167.668503 144.436874 -36.177467
1036 2642.903076 334.975159 137455.671875 30945.876953 35367.441406 -474.263367 936.104980 374.193054
1546 2310.344971 390.476410 136814.109375 62407.074219 86366.523438 10.660105 -59.061916 -10.930124
1164 3314.615723 376.963440 39062.906250 17648.335938 135527.968750 -329.478882 304.837189 -87.113083
1387 1517.914062 386.669403 51160.394531 188755.703125 77848.078125 -5.571881 65.953857 -246.734375
1415 2433.158691 358.003326 97237.742188 8184.311523 41706.421875 113.159271 -143.019058 -194.545578
1239 3105.497559 323.542908 89699.570312 195161.937500 141622.671875 143.873077 466.114197 -336.526611
1454 2581.138916 317.138641 136578.890625 20554.521484 122457.117188 209.364609 577.985413 93.957169
1425 2753.498779 314.238861 198115.671875 96688.554688 76396.359375 126.474739 -88.719795 152.821899
1462 2680.053223 350.809631 57388.171875 158060.734375 58325.851562 -345.573273 -64.497887 -91.611046
1155 2986.259033 277.762238 33105.214844 10112.109375 27847.509766 297.972198 -101.580421 -49.301743
1158 3344.306885 344.488556 189139.687500 141066.562500 81196.015625 178.148575 224.028519 -20.755333
1029 2182.156494 299.210541 96080.429688 80465.273438 51707.636719 -557.478149 -267.282928 0.608624
1465 2261.586670 378.725494 84764.828125 128552.523438 32631.357422 -79.210007 49.710243 -46.190765
1206 2279.705811 335.161133 164828.546875 174802.265625 39852.667969 -588.919189 165.315445 410.439606
1439 2782.024414 350.744507 3875.146973 50175.039062 108805.757812 16.605043 -111.012810 103.754791
1313 859.916809 286.820282 150466.140625 134291.187500 149848.484375 39.957478 -350.428375 449.785950
1234 3316.404541 338.142365 28527.408203 2358.012451 151154.500000 -252.101410 378.725250 -61.045601
1302 2679.392822 312.976868 52095.207031 10423.595703 28520.847656 134.177094 327.245544 -81.092232
1434 2694.558838 344.553741 58671.117188 121093.617188 182575.062500 106.056908 -522.759338 80.861916
609 5108.375000 257.072296 110494.460938 77130.992188 16706.126953 352.536743 26.916374 113.671410
1081 2992.781006 325.748871 83975.554688 100778.765625 149993.921875 -431.872925 228.592972 -68.940193
1430 2806.535889 353.446381 62413.179688 155895.359375 122828.296875 71.969055 -245.468063 -281.260834
1492 1196.000122 372.371368 46981.453125 84814.007812 116738.406250 51.089153 383.408295 394.338898
1488 1700.063232 381.093842 150044.640625 181591.031250 175249.921875 -34.635006 -156.515839 -53.047024
961 4107.728027 335.521057 35961.898438 98571.875000 175305.812500 -167.847168 160.698868 98.400871
1450 2712.911865 393.177246 152333.484375 196914.562500 66555.859375 -42.730980 -21.441662 -15.627773
1194 3095.124512 327.712524 159833.281250 27307.833984 40216.195312 -211.294937 236.594513 15.628517
1170 3262.979980 282.091187 196945.906250 83200.539062 121462.000000 278.057098 -11.887570 217.849487
1176 3255.788818 332.482422 135762.390625 157795.937500 175579.359375 263.481995 87.034843 93.966202
1340 2865.093750 316.603088 54764.175781 39697.746094 62068.015625 274.897430 91.952972 -263.937256
1274 2113.200928 329.646942 59573.761719 141554.468750 144628.359375 148.769608 -311.286896 4.019895
1496 1811.876099 404.352844 39008.621094 19938.787109 201380.171875 289.569244 92.065933 -434.465240
918 4044.254883 269.775635 84010.328125 113023.546875 190149.250000 -86.589996 447.207520 283.292633
1383 2522.337158 351.996918 122108.093750 188335.640625 176455.015625 -129.682236 -11.454306 -63.750141
1402 2833.171631 389.606293 102672.109375 26073.691406 160831.718750 -39.379883 394.416321 -357.239410
1148 3249.731445 362.358246 129542.007812 189399.500000 198751.921875 -116.002083 -69.618179 117.705956
672 5088.441895 255.825790 155193.562500 85979.242188 168511.953125 198.226334 79.240005 347.424896
958 3777.761963 322.994019 14713.201172 65012.183594 39070.339844 -184.133316 50.743111 -80.142899
1184 3376.704590 349.063934 167413.234375 101988.125000 25289.621094 -109.903419 80.157921 -360.402313
1163 3127.954590 361.765656 112713.742188 75781.671875 21260.392578 229.181580 -104.856300 -92.330765
862 3815.072754 299.178864 151522.890625 153673.390625 161108.937500 84.426109 -146.764481 396.062897
960 3525.509277 336.370056 128382.304688 45800.132812 102583.523438 -148.657532 44.564964 67.366959
748 5045.135742 285.460999 14467.321289 169968.281250 112729.796875 177.020584 257.101562 -54.162045
787 4858.364746 325.409882 34548.980469 181751.796875 14014.911133 -88.134743 103.638748 129.188324
671 5282.981445 289.721985 14675.888672 84106.695312 203196.421875 261.515564 129.470016 -556.246399
1101 3537.276123 265.965393 186912.859375 10396.602539 175942.375000 125.598625 19.232899 -48.494308
755 5320.453613 290.340942 192805.015625 178307.781250 19172.265625 130.053192 135.795807 -23.842518
1009 3140.594238 286.664124 150224.953125 49648.226562 186386.843750 121.426331 79.288811 -96.828362
1457 2812.972656 396.452545 173975.843750 19772.160156 104712.046875 -53.913120 340.471863 128.639084
1349 2999.271729 335.721313 109750.687500 179424.765625 113207.054688 -322.605225 197.869553 139.245697
1116 3113.220947 341.036041 57427.121094 42724.167969 159523.781250 -463.399597 -19.378748 -476.047272
1242 3114.964111 317.604034 30961.265625 110727.335938 60608.660156 298.866180 16.252382 31.009243
1296 3003.808350 361.099792 86054.320312 146292.421875 196778.859375 -162.012924 -356.544617 -100.932793
968 3809.861816 339.225922 42988.230469 2433.515625 121107.140625 95.823639 356.650452 18.381065
1316 2912.409912 320.956421 95082.804688 177595.468750 55974.085938 -351.459656 206.193527 171.005600
1395 2851.818115 403.455872 55348.968750 60260.328125 49493.531250 455.798187 -34.004173 324.192932
977 2480.378418 297.738861 46526.984375 125748.953125 111003.187500 406.350403 0.722893 194.934753
754 4773.987305 319.373505 165213.125000 164641.312500 123700.625000 280.081116 254.566162 64.777451
968 3809.861816 308.126862 84301.757812 175626.078125 184865.453125 -73.682098 -170.853790 47.758381
1096 3359.103271 283.434509 17456.337891 156952.765625 144781.484375 -100.442398 -270.107849 24.552446
1345 2983.612061 355.078278 107015.531250 93973.843750 93123.515625 33.125080 -460.018005 -254.141190
413 4756.655762 244.496658 110189.367188 59186.359375 121163.414062 -143.917923 -255.077469 126.926407
1194 3095.124512 320.424377 129547.968750 153080.765625 10433.042969 -90.925278 -138.323395 37.309704
1100 3332.806152 322.927612 69945.195312 99588.601562 67142.023438 136.138962 97.740883 -53.950413
647 5660.978516 300.724243 20614.781250 107988.187500 181147.921875 90.517838 -694.193481 486.246033
1259 3028.377930 351.466675 34971.882812 62736.558594 13551.744141 425.080841 265.605438 -403.431549
936 4203.934082 335.009735 135519.234375 47960.519531 94855.726562 64.558525 192.317459 112.008835
545 6087.084473 222.731308 90000.031250 134985.265625 176691.171875 -292.365265 -69.338219 267.843781
982 3778.299561 279.407715 27970.986328 43934.902344 119984.671875 297.283783 -102.406235 387.372284
676 5333.903809 300.346954 134105.781250 189110.703125 105918.281250 -108.706871 94.205078 118.018005
1032 3824.791748 341.037384 17866.982422 92407.078125 133629.656250 439.531494 -165.782043 264.841278
833 2495.190186 300.587769 55383.882812 84640.968750 153530.078125 -610.725647 -14.574318 -127.549423
1088 3626.646484 372.394745 162550.062500 156255.296875 101983.312500 -113.877808 271.932068 -60.327770
873 4374.467773 288.986725 44870.968750 24584.408203 198834.031250 -239.815872 349.962891 -141.342224
836 4607.033203 255.369583 188915.093750 175380.546875 88376.210938 153.036591 239.034042 96.220108
681 5362.904297 269.357147 11220.980469 84067.359375 123911.468750 482.137299 143.473907 358.396881
1234 3316.404541 280.764435 93657.390625 187311.515625 149022.156250 6.515903 317.451813 -61.633575
995 3885.265625 339.706848 185076.296875 198691.453125 2215.687256 436.441833 417.136597 -140.736969
885 4279.390625 279.903564 18754.140625 3357.022217 96073.406250 215.800537 -2.275943 326.999420
1111 2629.145508 259.264618 118021.453125 83930.804688 177483.500000 185.713699 -512.942078 412.432831
1156 3411.697266 311.166870 51850.164062 87739.578125 4747.123047 5.548620 37.041912 -74.410622
975 4032.949707 319.271729 132579.140625 171407.265625 176127.875000 37.602425 -117.054337 10.635780
835 4300.004395 299.792725 89547.664062 79984.679688 128160.843750 -40.080807 -277.406769 23.048994
743 5078.196777 292.276398 30796.263672 77848.296875 84174.492188 391.351746 248.195648 297.018036
728 5231.707031 265.081787 127008.781250 80282.296875 6238.776367 291.199432 -139.994827 524.590881
716 5260.796387 313.207977 119021.171875 167657.390625 128431.664062 -70.454414 -207.146271 -50.282509
874 4148.542969 306.593933 133247.062500 102934.382812 139280.046875 -96.240845 -143.883301 192.903320
753 5022.944824 320.215302 172519.875000 98409.195312 154907.218750 367.195923 -83.886421 703.502747
1126 3078.681885 368.055450 33608.257812 10454.476562 14858.712891 161.127319 -47.178680 -44.542408
1031 3706.998779 353.877838 20178.199219 110547.070312 953.096802 -419.731537 -320.042206 -245.504044
1008 3852.793457 312.059113 40873.972656 201738.218750 228.008926 -60.642708 71.675362 47.725433
628 4768.702637 259.177734 130595.734375 33533.601562 136117.781250 66.081779 30.444241 120.130600
486 6731.422363 268.039398 71718.773438 116221.578125 176958.453125 133.200974 -348.836670 175.222321
680 4736.746094 289.705841 17229.148438 110956.804688 5614.734375 -316.272369 -147.090652 -504.913879
1187 1668.875000 352.722931 190023.984375 86917.968750 126123.570312 276.928375 -39.668465 172.873856
683 2332.595215 289.247894 49736.949219 140413.546875 70285.921875 274.041168 94.510262 295.038025
602 6136.477051 266.699738 185430.343750 109725.414062 17326.988281 12.678868 156.313110 -807.536804
1232 3268.631836 347.246918 41216.863281 138472.718750 123208.859375 200.059418 -324.323029 -243.964020
840 4614.137207 326.721741 31992.449219 5945.606445 192209.578125 -86.980591 215.163696 -116.917381
687 5235.468750 301.400970 65432.734375 96122.414062 98569.460938 -239.560364 -5.936922 119.923141
1230 2987.206055 385.252777 13276.105469 128177.382812 93166.875000 227.071442 164.174118 120.138885
947 3674.206543 293.521057 69119.000000 43190.371094 76149.125000 -139.585815 62.598942 -130.590561
663 5557.362305 317.911713 202778.343750 200922.140625 15870.965820 470.803040 195.369461 -177.898026
789 3090.056885 295.754150 150381.218750 142281.046875 59779.800781 7.074558 28.560356 -19.810648
1237 3209.292725 341.002045 169522.984375 99333.359375 190983.203125 377.261444 -49.440979 -142.445618
900 2854.859131 309.558655 6133.097168 159503.968750 72140.781250 299.147644 53.547894 412.239838
1000 3580.812256 306.349792 132822.406250 72963.656250 58346.589844 -197.412689 43.728737 -105.588379
1244 3045.368652 365.731964 160851.859375 126294.492188 46400.144531 101.814560 -270.985046 -60.292912
957 3964.415283 410.732117 159577.390625 166378.234375 125823.500000 80.055214 229.689270 84.754791
1047 3546.649902 290.493042 162553.078125 75443.906250 166984.296875 -22.521778 -34.412239 290.488708
1103 3400.958984 316.944122 143788.875000 53705.390625 191122.812500 -44.325134 207.041550 -35.322395
972 3954.533447 314.304321 58853.628906 189555.515625 77521.742188 -280.780701 64.671638 -42.564453
754 4773.987305 287.936676 108185.054688 181853.250000 114578.593750 -124.501732 138.386780 -8.800453
1113 3231.728516 325.676147 102935.632812 188560.109375 55053.644531 -345.293427 131.992416 112.877296
826 4492.212891 329.996185 140962.812500 57894.285156 155326.546875 223.060394 -239.100647 52.594086
700 5157.161133 314.218658 48405.632812 99795.125000 169154.187500 -348.095612 166.186356 -152.197968
541 6352.161621 238.407486 158247.625000 7932.680664 45280.804688 -93.874985 64.271210 93.913612
634 5631.390137 305.805603 59983.546875 179817.703125 191355.906250 158.354050 13.955821 39.676865
584 6438.278809 283.054596 164385.953125 43629.191406 168887.515625 132.104446 -24.587505 -554.451843
1087 3039.169434 326.587372 70442.500000 98900.695312 78920.867188 110.379570 -24.929743 -43.266193
610 5360.975098 299.056824 137726.140625 37154.421875 146890.046875 86.638275 -198.341568 66.480461
945 2505.102295 333.958282 140727.234375 66163.039062 158336.609375 339.316193 -458.957489 159.694061
1072 3647.070068 344.621307 165158.687500 30294.046875 176919.609375 -18.733534 541.097168 -153.070786
923 4136.005371 314.482269 180508.218750 154230.312500 70595.757812 -170.071182 313.404266 -230.888702
775 4682.942383 322.798431 137052.453125 158387.703125 187985.296875 71.124321 -308.906311 -418.088989
611 5983.352051 279.831848 130135.671875 60719.011719 159019.078125 433.691406 -60.028641 -130.715103
499 5214.898926 264.407684 109917.578125 194820.578125 30373.189453 -49.066692 136.079102 283.000763
657 5583.767090 282.858459 2739.361084 71400.531250 25545.593750 16.868229 335.290283 -221.312012
943 3741.401123 328.380005 12031.291992 63844.570312 35057.292969 -66.966927 254.038162 173.460358
813 4662.482422 289.031860 92888.156250 26070.519531 155833.375000 47.598755 286.480591 -191.501587
649 3672.972656 250.703751 57007.300781 171320.000000 193490.875000 304.728027 -164.170059 156.998459
854 4167.583008 276.510590 56005.488281 125462.687500 165566.171875 72.552216 -317.908203 218.244797
966 4023.548828 300.311707 19808.371094 157692.390625 158711.156250 -157.317810 -368.578400 -90.181480
616 5827.956055 293.810486 51555.503906 148953.984375 175737.234375 81.793976 -565.741455 -98.007362
1077 3601.461182 333.536163 108385.460938 106837.820312 48172.664062 -61.766327 -302.066650 -109.089798
1122 2796.218018 340.402710 2596.693604 203344.390625 183674.625000 123.419868 315.209564 171.451782
1060 3409.900879 320.426239 129375.179688 51631.457031 81142.046875 -94.863510 73.629059 -88.845726
512 6655.410156 238.244308 194637.484375 89672.429688 80233.867188 243.037430 -69.672958 7.124745
1049 3688.253906 295.588409 177389.593750 187184.062500 179606.296875 265.668640 14.353657 -264.095093
522 6878.627441 270.207245 155959.078125 56445.546875 47671.796875 -61.699680 -210.219971 8.821969
701 3245.376709 294.847229 13663.072266 119900.273438 131627.406250 312.545532 -290.571289 236.664673
718 5172.399414 272.137756 28078.152344 181781.843750 36305.226562 150.492477 8.160536 321.097534
941 3913.875732 319.558502 202655.359375 133299.500000 144995.812500 196.012375 -203.640411 86.183228
1046 3425.990234 318.133820 71371.757812 2014.202759 37610.824219 127.442680 110.965797 105.125000
666 5601.171875 276.027252 88271.460938 156475.812500 188128.406250 -241.170288 -344.314331 -46.835041
724 5048.342285 303.779205 42538.917969 47989.164062 203901.656250 572.440491 227.597824 -463.323883
1162 3410.753906 375.986694 62321.476562 142856.343750 173533.609375 4.820318 -66.897758 67.254723
1029 2182.156494 343.546265 68442.554688 85469.148438 100855.054688 -136.148834 50.665188 7.106127
1062 3449.819092 314.046295 10895.538086 186569.781250 52345.605469 557.978149 -128.054672 -84.307358
871 4316.165527 287.106720 86736.750000 192091.953125 52187.125000 -264.129028 225.400299 423.307190
1071 3589.224854 332.554626 103595.859375 67269.937500 442.518219 1.897775 101.643173 -116.480980
1012 4030.882080 347.870087 17036.048828 19164.888672 179386.687500 134.765701 -41.041512 -37.814697
875 4381.162109 274.713379 62977.828125 186863.312500 22030.250000 -33.522526 20.172146 169.648392
579 6172.888184 282.375183 166780.578125 50841.472656 136174.656250 -320.001434 -218.778152 376.027222
674 5566.028809 294.465240 86791.984375 182285.578125 53633.488281 -484.738312 225.763275 598.090393
777 4826.761230 298.333984 121221.609375 174655.375000 178326.640625 120.919617 -9.398163 -63.986706
703 5255.783691 263.337128 37713.621094 135666.234375 169678.203125 160.481949 67.248642 248.703522
635 5709.732422 271.240540 127475.453125 57858.980469 198458.156250 -424.745758 173.553940 104.581123
634 5631.390137 314.364044 69797.539062 173083.484375 67979.125000 -164.636536 256.968109 -82.464699
1046 3425.990234 334.499329 87555.804688 132956.640625 36461.750000 -123.032837 -57.473736 -27.926380
677 5430.179199 283.440277 98532.343750 172934.093750 155328.515625 -120.507332 35.077984 -139.887573
610 5360.975098 275.962402 73360.156250 51389.121094 41038.695312 -382.125031 -35.103336 139.098969
741 3915.920166 330.706055 119349.203125 62828.378906 25559.152344 255.328705 -14.789035 330.987122
934 3873.614990 288.270813 128727.804688 159989.796875 49925.515625 79.971123 -101.156952 125.033737
916 4165.747070 273.764130 30438.205078 178518.125000 50984.078125 177.458633 -105.877792 271.171600
1015 3906.712402 340.880951 22223.333984 45653.910156 200379.828125 268.630280 265.502319 -611.065430
1047 3546.649902 346.711456 52894.949219 175730.093750 29851.652344 -38.962852 34.450981 362.160919
818 2720.994629 301.816284 52942.292969 70530.828125 91121.031250 -66.831039 92.556648 66.530861
1035 3947.770996 364.904785 173630.062500 156250.906250 171590.906250 181.954254 -220.596420 -57.523853
1021 3838.910645 327.444427 13762.468750 196387.859375 123747.757812 21.454519 168.593765 152.194244
954 3910.929932 305.826233 168934.296875 118571.921875 136740.015625 134.602768 -47.563656 390.068604
683 2332.595215 288.045258 98286.976562 102109.445312 201538.515625 -215.598328 117.325737 109.487450
961 4107.728027 293.090424 196819.656250 63559.597656 190755.046875 -60.566280 415.775482 -329.220917
949 3314.781006 300.537628 53214.695312 39441.371094 192907.437500 -63.037758 145.664230 -176.019714
913 4237.895020 277.285492 69814.578125 53808.679688 77625.679688 -73.614792 15.037405 44.295090
462 5748.916504 270.013031 11997.971680 8468.859375 110023.640625 144.482391 -133.231003 213.825729
990 3933.158203 490.470367 44457.917969 56672.074219 80305.484375 234.042480 187.653824 -103.063187
945 2505.102295 291.811279 138731.750000 143219.312500 133828.375000 81.964394 281.287506 370.342285
578 6188.366211 277.824585 57034.371094 59753.742188 21618.882812 128.614487 -22.776678 -57.295582
872 4482.120605 280.300446 58029.734375 88392.273438 116517.625000 -284.025970 225.997543 201.182480
620 5968.146484 274.465942 132345.500000 73176.789062 147542.625000 156.375244 -354.690796 139.357895
732 4935.558594 322.506744 162153.406250 160976.875000 27189.425781 -8.032695 -39.043728 100.243813
896 4222.571777 311.555359 12811.371094 153295.937500 105856.070312 294.992096 -46.118584 -45.721024
704 5281.063477 255.546051 151854.453125 183079.546875 43965.191406 -102.975586 5.001684 108.514328
995 3885.265625 354.650208 178344.218750 94593.171875 7421.667969 -199.714890 104.542511 -572.094849
901 4271.975098 297.827972 121637.625000 120419.500000 182830.890625 -205.610718 44.957973 280.959839
984 3377.486328 360.161377 159322.328125 183267.515625 136271.046875 9.129075 121.822655 82.316574
535 5828.223145 282.422394 108404.226562 185174.015625 77875.296875 -301.427002 -4.313036 -147.699081
832 4577.629883 261.806671 199038.859375 86341.476562 75208.234375 133.335983 -65.701607 123.530571
951 3947.297363 287.269318 199112.578125 91442.710938 192997.296875 34.690014 619.304993 -87.074318
873 4374.467773 299.767975 51524.812500 195548.828125 845.732605 -268.370087 115.060585 59.829693
686 5444.873535 272.845764 170663.843750 198685.875000 71527.585938 91.944290 -43.885117 98.552505
960 3525.509277 319.286682 196248.250000 184638.453125 22742.876953 9.413744 97.050308 -34.336063
799 4866.025879 262.116974 176605.890625 167273.265625 124418.078125 -75.844147 43.138000 80.886925
739 5194.117676 316.280060 130546.187500 96561.593750 116970.554688 -26.215113 -337.240448 -105.418938
577 6068.365234 239.065918 76158.523438 152082.453125 9219.662109 97.579834 57.899197 -139.493378
783 4827.301270 287.992554 18126.208984 35197.203125 172755.765625 378.175385 243.750519 -108.424202
927 4346.211914 339.493103 194102.703125 159772.703125 28874.429688 -98.978386 90.044579 7.828067
908 3726.813965 312.217041 90496.859375 105564.359375 192571.078125 -143.199051 192.078339 192.530640
589 6472.095703 277.938721 55917.011719 107143.390625 73550.445312 263.189911 -19.535475 46.710308
575 6408.268066 261.239990 184565.234375 16062.429688 173719.843750 43.805229 -11.056614 -209.134949
927 4346.211914 326.766571 81187.203125 151036.093750 95815.726562 -451.370209 -232.784500 87.400604
519 6715.255859 245.073318 87007.828125 96470.257812 186079.734375 -11.252796 -26.410719 316.358398
955 2566.201904 357.276398 119336.218750 147905.578125 26874.066406 -303.533875 -155.365311 -57.685444
701 3245.376709 274.378265 40353.976562 56148.933594 111253.742188 37.263943 -115.742226 374.265259
877 4355.978516 299.577118 145875.546875 116893.562500 3766.596680 46.608009 -418.713867 -84.648689
865 4329.111328 306.322540 22182.546875 50968.695312 170545.531250 595.108704 178.645126 12.328155
829 4561.534180 308.378357 138588.765625 135232.671875 156630.390625 221.937576 -124.346306 218.518570
637 5343.030273 336.132965 164605.000000 77197.695312 192158.718750 -122.836288 749.403198 79.088318
950 3815.894043 339.134521 20651.322266 64906.773438 94549.273438 209.395523 76.907166 194.262238
889 2231.931396 307.850037 57850.484375 15784.101562 16533.126953 271.466522 222.686722 15.153758
628 4768.702637 279.189758 45962.628906 57749.617188 68616.507812 267.661224 4.190118 -252.233795
457 6366.426270 282.779480 133172.234375 70956.031250 99055.203125 115.950272 -97.740067 -123.891365
503 4197.657715 279.873322 172562.437500 31641.246094 42423.156250 -192.462952 7.814204 144.385071
686 5444.873535 287.751740 71686.187500 42275.851562 14299.081055 204.173141 5.519855 129.623535
871 4316.165527 304.143005 153867.781250 33831.691406 5297.323730 8.551037 279.983856 -70.936043
865 4329.111328 318.731018 81500.554688 70765.203125 69741.664062 67.639008 316.175507 -248.429214
611 5983.352051 274.379181 164313.375000 197319.515625 140503.031250 17.313580 141.660126 226.535690
878 4223.336426 335.190460 78519.992188 91766.593750 2160.703857 30.081642 -83.002953 -112.183228
522 6878.627441 243.694382 128483.867188 195251.765625 9167.940430 -56.879662 -17.062956 235.945389
742 4719.664062 251.050751 132772.718750 90143.312500 59007.292969 92.601479 -250.511200 -153.420593
947 3674.206543 358.692566 127674.132812 40254.804688 187517.390625 -73.623535 372.790955 -130.398743
544 6409.618164 303.624664 164836.593750 26774.464844 180843.031250 192.217133 572.391479 -224.110107
543 6340.748047 308.299286 146441.078125 197076.375000 29062.734375 -333.337067 -177.896118 276.255127
705 4811.674805 268.295288 125665.890625 168636.703125 133302.546875 -93.778557 -198.129288 12.643521
536 6772.769043 271.719788 99619.140625 107238.000000 2738.519531 -318.456146 241.772598 102.096283
530 6247.827637 293.301666 198897.968750 21707.070312 98331.773438 107.409813 113.110771 165.547058
508 6649.813477 278.447968 128574.718750 139312.671875 50761.992188 128.974762 199.727463 163.791977
831 4527.010742 275.773285 142861.000000 78932.296875 190741.234375 -13.600976 29.795891 -31.950399
550 5643.332031 280.853607 136726.468750 19354.949219 44080.164062 62.956429 460.955109 -122.927490
569 6102.728027 294.416290 155386.609375 129563.125000 15336.717773 357.613831 -407.144440 -274.914307
508 6649.813477 240.659088 62384.574219 132509.031250 54459.101562 -372.454559 88.275925 136.305984
793 4580.755859 304.257141 193935.265625 178952.187500 182420.609375 152.139236 -113.308289 -138.380005
661 4306.043945 309.782440 101029.476562 21661.765625 85514.382812 -97.874626 6.973152 97.437210
837 3630.594482 318.730408 135769.750000 62183.406250 55568.015625 -212.256699 -34.526436 5.203887
783 4827.301270 269.401093 184956.421875 4870.817871 176236.281250 508.632965 199.220078 -193.644699
691 5318.377441 258.690613 93171.812500 42491.910156 126255.984375 66.696419 82.021271 378.241760
658 5428.153809 297.786072 146828.421875 49456.816406 145177.437500 147.106613 222.687790 558.580322
588 5959.508789 277.718506 146232.125000 37434.179688 170965.140625 250.987564 394.108124 -343.690155
528 6439.050781 259.624939 105712.203125 16286.329102 13445.590820 -83.180664 522.448975 149.023773
557 5921.399414 267.127014 44690.660156 31804.478516 193095.765625 -259.450714 7.957693 136.682892
659 4842.479492 313.118958 133858.015625 62971.230469 90718.375000 129.790268 -98.709915 58.899548
861 4378.961914 329.638977 30551.476562 70721.789062 100276.070312 186.875580 122.150688 -10.231318
601 6171.375000 356.237335 97562.039062 71703.531250 117321.531250 63.172707 -440.220764 -141.521042
794 4187.665527 313.637665 81271.039062 132985.500000 161160.593750 -56.411621 -86.106232 119.448021
855 4355.347168 325.918671 83944.984375 21364.164062 9539.832031 -13.672586 465.035400 317.637024
597 6057.078613 279.511292 82325.570312 59472.625000 26119.367188 127.815697 100.623451 80.483543
820 4448.972168 299.882202 138288.562500 153873.031250 149138.656250 44.815136 -141.292267 -106.954971
850 4272.124023 370.592285 103216.015625 185712.156250 75160.093750 -335.324158 -105.357178 -105.595238
778 4833.026367 305.356293 39316.726562 78682.656250 179512.859375 -61.096859 11.873345 -261.357910
524 6710.997559 232.170593 53848.910156 117524.101562 102856.312500 -121.969711 271.457520 192.094727
428 7643.778809 275.585632 53742.398438 23212.179688 203654.390625 -62.940552 285.187653 -92.130775
457 6366.426270 249.321579 135087.265625 186439.093750 137081.921875 84.306229 61.932228 -173.845840
722 5232.895020 251.343185 60394.429688 130916.070312 41505.257812 -11.422596 69.179985 87.075226
861 4378.961914 320.416107 14180.791016 77303.203125 146876.796875 641.073669 279.738403 202.433685
776 4807.411133 310.940308 1262.538330 12476.727539 199778.718750 45.353180 -293.594879 -264.781799
557 5921.399414 294.868927 171606.187500 172374.703125 54076.261719 -345.871033 -273.527710 255.677765
817 4560.191895 314.952698 3784.357666 188898.343750 114264.281250 309.464722 253.662598 134.505463
600 5958.906250 268.173218 154676.328125 97468.820312 74109.015625 -435.523315 -115.540207 -327.980682
425 7725.268555 263.602509 29704.644531 57111.375000 133507.468750 611.337830 -260.462830 319.388977
547 5949.669434 259.316711 28373.400391 83515.281250 143676.234375 366.181763 -372.790283 299.634277
794 4187.665527 298.825562 103108.984375 145451.640625 115537.289062 -175.919846 28.461435 185.333191
500 6840.547852 239.738373 198608.640625 192066.046875 138439.468750 12.332545 255.362534 140.796585
823 4318.409180 314.371857 69753.289062 110440.125000 7630.278809 38.438606 -161.699799 -264.395203
786 4749.781738 308.953979 74727.421875 152268.593750 123396.539062 5.168023 -388.244110 70.604889
859 4403.429688 329.983337 166933.218750 111493.093750 123262.039062 114.179314 38.050907 247.232071
644 5336.776367 264.401825 73289.156250 68344.296875 94847.281250 -30.025410 138.532074 136.077026
760 4969.478516 247.205124 171553.484375 134880.781250 153981.359375 75.495293 -440.019928 304.498566
407 6802.418945 234.202927 103412.914062 198076.953125 82419.515625 -277.594971 -187.107010 -113.508171
821 4375.772949 305.010284 158536.578125 163852.062500 107613.500000 93.264328 138.772324 -32.671951
673 5323.953613 251.104874 43529.441406 35427.882812 101613.617188 79.907227 -91.197708 289.516266
719 4951.405273 263.202240 85362.218750 172014.421875 57512.035156 -311.595825 232.843689 -71.973335
383 8344.031250 243.292862 31220.630859 27820.404297 100936.734375 257.635132 163.922653 389.070557
768 4010.643311 284.772583 84440.296875 142680.328125 21404.193359 266.569397 -174.012222 36.333908
778 4833.026367 303.400604 75567.929688 190899.234375 127025.085938 172.390564 429.731537 -122.129456
716 5260.796387 242.670670 109133.812500 468.063568 188808.375000 -101.865013 139.834076 -76.117348
383 8344.031250 242.020462 25362.148438 180554.109375 92609.351562 358.480286 40.909828 -193.666000
704 5281.063477 296.520538 198086.281250 196722.765625 103835.656250 400.482666 -228.081116 80.087715
836 4607.033203 332.791473 60387.906250 200139.734375 88051.726562 -330.719543 106.825523 -242.950623
810 4821.431641 323.615845 162336.890625 22896.158203 184245.296875 329.817993 610.939636 -205.735413
429 7563.387695 264.488495 86930.632812 66835.562500 90712.617188 -58.600483 218.123199 -127.695778
622 5795.383301 295.589172 103405.367188 65297.500000 10416.794922 70.061066 117.240776 -134.555557
508 6649.813477 308.416809 135782.453125 6636.310059 197439.421875 -211.326675 279.366699 -43.151642
448 5022.373535 259.753998 137189.828125 102101.804688 73239.625000 -127.365097 -70.097954 -193.482361
505 4547.738281 266.556183 28626.583984 106081.632812 140403.906250 33.404888 -196.791931 192.463135
300 9766.621094 247.021667 119441.515625 33080.769531 61974.523438 -51.381813 379.374725 -181.123230
768 4010.643311 279.361755 52174.132812 147492.546875 84088.039062 164.735657 -374.498627 -147.550842
771 4885.494629 317.130768 89937.695312 52486.542969 178978.421875 39.764420 -217.182648 34.169624
806 4473.873535 313.762695 142057.109375 128954.546875 75763.148438 -235.437668 116.014542 -332.536102
743 5078.196777 274.588562 76735.546875 131930.562500 92034.703125 -396.840027 88.883377 -109.135406
705 4811.674805 295.404816 34995.566406 12855.662109 128333.007812 -48.095661 329.334595 389.587341
665 3940.364746 296.684326 60550.746094 22424.259766 57059.511719 65.327660 298.898956 110.169052
783 4827.301270 321.081451 121779.289062 202558.390625 199624.203125 -41.533443 105.082863 163.490997
471 7146.404297 261.332092 162594.250000 148561.515625 102048.218750 -41.332634 195.518707 41.465454
773 3377.416016 320.975769 48727.031250 12750.166016 114141.031250 308.538208 123.501213 8.729474
736 4492.766113 299.210541 148446.515625 79522.320312 145745.875000 152.170090 -446.753510 184.686020
418 5649.833984 275.814880 83728.507812 23178.910156 120712.945312 -62.054688 2.539476 178.425659
746 4803.089355 305.602997 230.941666 93013.101562 183016.328125 122.476341 712.082092 705.024231
748 5045.135742 284.120972 116722.429688 54656.367188 128050.773438 63.986973 -262.503052 -150.851349
768 4010.643311 298.782471 188421.921875 33435.898438 42785.792969 136.918793 -297.046906 156.147537
469 7186.217773 247.422791 198190.312500 82936.093750 73879.023438 174.901840 -51.692429 237.637177
648 5158.488281 272.964630 193716.796875 17277.802734 92398.679688 51.208549 76.973305 76.899544
708 3450.984375 326.129272 93641.320312 55032.476562 133477.015625 -290.092773 -255.922729 -253.109375
479 6843.692383 279.514557 203063.921875 63816.230469 192399.843750 -24.769243 342.649048 -252.164719
753 5022.944824 322.623779 64616.105469 1722.782227 111943.531250 -124.911667 418.538147 -192.304962
709 4662.326660 302.371887 161837.671875 188021.765625 105003.781250 68.762398 -159.277420 28.024961
417 7194.353027 222.434631 119343.648438 112326.359375 138489.250000 -115.284271 -279.014923 170.756287
750 4983.808594 326.854156 2235.508789 155083.468750 97129.882812 371.475739 70.229210 19.054228
658 5428.153809 305.996399 183803.625000 10788.492188 169634.156250 190.998718 65.043045 36.915718
681 5362.904297 276.822388 168157.343750 41923.558594 134309.734375 -187.845261 117.441910 461.910217
805 4606.513672 335.534454 20879.552734 102993.343750 192508.250000 -412.755463 -274.268829 -557.249695
637 5343.030273 250.645538 50544.128906 131411.093750 148089.046875 76.818268 -332.890259 50.681190
715 5334.784668 331.649231 162171.984375 98901.375000 13053.500000 263.894714 -257.352936 -420.776276
691 5318.377441 297.451385 113674.296875 4476.528809 98220.812500 -280.224396 83.353416 269.878784
488 7084.848145 237.963898 130567.656250 141204.843750 156349.921875 165.093231 -281.164185 79.473129
396 8257.011719 236.434875 107366.156250 29555.669922 90565.492188 -230.714676 243.145752 -51.056896
476 5364.786621 248.016312 79684.781250 128768.664062 153877.656250 -119.823044 17.012928 242.480728
704 5281.063477 299.536255 170541.765625 65628.296875 194254.437500 -59.794319 360.683624 -186.114212
650 5062.745117 243.533722 78938.976562 109583.085938 158306.796875 -628.698425 31.055550 85.670296
641 5572.881348 286.365387 101946.031250 169100.093750 61971.437500 -215.590256 191.204636 -152.415512
455 7064.075195 263.015350 98110.140625 138712.031250 157257.265625 -339.973022 155.122742 142.781845
748 5045.135742 304.830444 85044.109375 179662.250000 18112.056641 -161.178879 -22.438164 255.306198
753 5022.944824 307.593475 29422.380859 57301.667969 75713.062500 261.806793 138.906479 178.494247
722 5232.895020 321.233063 179428.875000 147174.656250 129496.093750 68.720268 -53.658173 134.504440
564 6381.506836 280.937286 132505.734375 143596.203125 35963.148438 89.633514 -13.699885 -45.511311
609 5108.375000 267.186249 186933.765625 139103.078125 66497.828125 -100.538300 120.279167 -96.603630
718 5172.399414 310.334198 128562.882812 61490.703125 135759.453125 379.871765 -301.111237 -49.736359
450 7464.582520 251.938049 53725.246094 158359.500000 59885.582031 -316.732574 69.243622 -66.210487
686 5444.873535 311.866486 108757.632812 38059.070312 171100.437500 57.851215 149.311646 -10.755964
387 8218.027344 240.937683 112966.351562 142191.250000 77657.101562 53.364597 167.874344 -238.459381
509 5454.753906 312.917023 164408.546875 83602.523438 193198.406250 242.283905 197.157745 -169.130890
606 6136.642090 276.617828 192427.531250 133474.796875 136191.859375 239.049820 -197.435440 305.007080
675 5414.095215 283.868073 116551.460938 30343.576172 1220.802612 -336.277130 385.391418 103.265694
588 5959.508789 240.358505 194128.500000 3678.988525 162757.156250 75.309502 -17.192484 -13.943044
655 5530.526855 306.052795 169037.031250 54783.910156 124825.390625 23.455427 -133.952408 262.685455
375 8447.435547 259.617554 80049.289062 85745.765625 81277.789062 101.414276 245.794632 -180.734848
381 6488.184570 218.562134 163439.828125 147368.156250 136125.531250 57.622601 -127.711098 148.585571
605 6038.038574 261.702148 191622.796875 45971.878906 104082.750000 100.249611 161.753052 68.123154
621 5756.026855 295.547821 73450.109375 29573.560547 201799.578125 -142.457703 245.697937 144.171982
221 11573.817383 227.788422 52377.269531 94015.023438 45312.507812 107.094124 23.385183 -220.405197
653 4548.600586 248.134369 113098.000000 50725.421875 165951.140625 121.929108 0.233253 231.060699
626 4619.539062 290.532471 145109.703125 80644.734375 62930.785156 -426.262512 250.495361 29.009592
667 5286.876953 273.413055 97354.117188 13300.350586 131409.468750 -323.370422 743.830444 10.718321
636 5465.866699 294.859833 100364.187500 131585.359375 144602.984375 -316.245514 80.028885 -128.959717
665 3940.364746 313.061676 136521.031250 152581.718750 70802.734375 -10.701544 11.787679 -179.158112
585 6432.760742 304.464142 131668.593750 189368.171875 169170.250000 -108.852028 13.180006 -97.413445
673 5323.953613 311.723724 136779.625000 198154.359375 20136.660156 -319.896759 -68.971870 238.939285
366 5175.085938 246.803543 89343.992188 39906.539062 34015.570312 132.993210 202.983429 141.234085
584 6438.278809 293.265930 40056.519531 78767.476562 56343.476562 333.146454 94.234657 46.628864
581 3665.502930 277.923798 125597.546875 156757.406250 108510.406250 -62.811916 -2.690315 113.556641
390 7475.455566 268.581268 122112.093750 154116.546875 62051.882812 -32.860020 -146.073868 -206.605347
613 4398.870605 275.424622 119097.781250 61860.523438 168767.531250 188.282944 -164.506744 173.064377
317 9668.053711 246.623245 80141.062500 91417.328125 191242.656250 120.541245 45.262962 201.169022
610 5360.975098 291.690216 21096.394531 20864.093750 81470.421875 220.977661 -81.348793 121.352226
631 3782.257080 286.635651 41657.257812 102185.835938 135624.687500 33.730659 -2.642274 57.639828
643 5412.269531 291.245483 75941.226562 143187.250000 137697.750000 -92.159615 47.020420 -102.689964
617 5288.380859 291.516998 130523.054688 100544.585938 4777.213379 32.532047 -378.246857 168.400238
520 6589.975098 261.198975 180536.609375 45731.535156 173313.703125 -341.266785 170.053009 -123.476097
604 5907.642578 287.410706 185873.812500 18077.330078 60945.402344 153.094543 99.006767 69.655624
588 5959.508789 251.462204 57345.273438 109502.875000 41784.765625 182.780930 -152.523361 92.706116
613 4398.870605 302.039215 78586.671875 153458.468750 184808.375000 -119.234695 -281.769165 135.574661
531 5156.290039 286.360626 46492.980469 160876.265625 192649.171875 138.323578 -239.537598 -28.679810
485 6275.693848 218.201691 23130.718750 188971.984375 162738.203125 -101.293930 315.459534 -38.735905
449 7135.489258 316.360504 140856.031250 50578.773438 62244.687500 -22.376472 -272.748932 -284.903656
612 5881.722656 280.912415 183517.453125 39774.171875 133322.890625 -351.121552 124.479599 182.588577
523 6201.381836 226.952744 198179.093750 101397.007812 188125.625000 213.674911 293.148621 266.193512
623 3037.605713 311.699188 22971.781250 92296.234375 66307.843750 402.268585 -179.460876 208.059082
326 9344.763672 242.667465 86496.656250 46943.085938 172004.062500 66.156059 174.150955 -379.568756
601 6171.375000 277.179413 202633.750000 171463.531250 127088.992188 145.989120 91.694145 69.182022
515 6648.492676 241.460373 110651.359375 56784.511719 73127.781250 211.243561 146.873413 -200.987534
601 6171.375000 313.485382 176207.093750 89250.789062 23270.332031 -127.595528 176.291428 -574.802307
304 7057.984375 223.170074 185850.187500 2053.907959 159273.171875 187.072479 48.966667 117.688934
544 6409.618164 291.359955 4334.257812 179275.687500 166787.203125 2.353361 32.860790 -24.072165
265 10148.912109 242.620010 49843.308594 30130.154297 155576.515625 125.924164 768.099243 -51.299622
370 8690.408203 249.663895 116076.648438 150964.828125 132482.343750 -177.715302 -135.597198 194.842575
290 9221.625977 221.078857 44815.265625 199823.609375 111433.585938 74.170212 197.670670 -317.696564
322 5521.457031 245.961761 118369.406250 4319.681152 110343.375000 -355.813721 221.967941 215.688034
562 6282.873535 240.740646 116874.296875 123931.914062 120963.312500 -155.224899 140.467072 73.571068
570 5622.710449 298.406006 125774.882812 110105.148438 154884.187500 -3.844050 -169.719772 44.207230
642 4005.589355 322.118011 106211.617188 38299.886719 102351.484375 -89.784744 52.170113 253.381699
254 10894.461914 242.111786 42721.925781 71775.156250 90021.804688 136.623062 147.623444 252.867996
498 6133.535156 241.085480 180157.968750 133614.484375 47483.972656 -212.371185 -52.411442 60.910374
336 9045.022461 238.645630 114230.937500 144324.187500 10512.433594 -221.767380 -253.821793 -169.279449
317 9668.053711 249.559448 107594.468750 195229.953125 162237.515625 -170.145233 339.527954 -414.984039
313 9724.627930 240.591446 106018.406250 73631.492188 195663.265625 254.108383 -434.555908 71.235451
302 10005.167969 238.332382 113295.812500 4946.461914 22551.681641 -561.868774 100.556038 318.547363
578 6188.366211 302.107056 33659.046875 135614.843750 98613.835938 247.456268 106.080193 112.967285
376 8327.061523 248.908203 118595.671875 37585.800781 177532.062500 -168.365112 356.972168 -177.819183
470 5751.363281 268.670532 151201.625000 80739.320312 5389.531250 -152.605362 292.920319 -49.914131
390 7475.455566 262.163391 117116.601562 64206.617188 177031.031250 266.242645 -247.042007 432.128326
272 10463.030273 231.281082 129314.406250 61328.968750 123783.515625 191.776169 -446.824463 122.438980
558 5768.112305 282.419861 127077.828125 37016.066406 75508.296875 -7.218897 228.032013 -157.682770
352 8772.970703 244.430344 99325.515625 95951.320312 203189.531250 -43.250679 48.751320 -34.522629
581 3665.502930 276.251556 130563.195312 191965.812500 75349.875000 140.305145 -216.784973 -77.563637
545 6087.084473 245.580490 108222.406250 45569.003906 197486.375000 -79.610405 372.750183 16.654661
482 6863.311035 243.745850 20898.507812 102175.585938 152463.140625 265.843201 -318.995300 -127.434326
544 6409.618164 304.313354 37287.066406 86425.781250 124842.335938 65.673004 67.370338 279.074158
602 6136.477051 314.664093 197718.109375 97792.546875 104418.585938 130.460464 -178.677505 321.682709
481 5199.802246 215.891357 202835.625000 149104.562500 113563.414062 111.990479 150.443466 161.813354
334 9340.079102 247.861679 108299.000000 98229.179688 16156.648438 -2.613945 -80.512840 -215.449966
569 6102.728027 288.655334 151014.250000 194400.593750 182657.812500 -7.879715 -43.036926 -128.064438
593 6245.721680 314.821075 115234.054688 158325.531250 146668.296875 -310.304474 -87.121223 -167.915436
332 8939.222656 205.309250 2317.944092 200166.359375 203995.890625 54.259670 348.520355 -386.811981
268 10585.156250 218.690186 27741.169922 181829.421875 73323.914062 560.847351 187.729462 37.953640
569 6102.728027 294.018677 11366.504883 15248.665039 33042.039062 -166.108551 -278.611420 83.933418
527 6734.448242 273.523987 142304.234375 12677.169922 66195.562500 144.736938 136.353943 -231.951172
537 6689.817871 283.116455 17060.339844 188051.375000 191732.062500 -184.778336 195.118774 -24.566036
528 6439.050781 261.507935 97910.335938 109731.898438 82787.710938 -581.920166 -296.278381 78.866547
543 6340.748047 286.722321 57544.226562 148877.046875 58504.539062 -227.254532 -74.153275 121.496597
377 8266.728516 237.182968 72749.820312 52274.421875 55335.468750 -25.978092 109.611023 -273.853638
505 4547.738281 258.451141 76000.273438 135279.781250 81870.703125 -300.258972 -168.980789 171.212189
578 6188.366211 318.443237 133446.203125 182640.093750 171848.015625 -124.861847 -63.463242 -44.312778
469 7186.217773 234.489487 93510.335938 101442.515625 26755.701172 -116.853661 -139.118225 51.984905
345 9434.845703 244.897354 135588.468750 61118.027344 10481.727539 -274.884094 -48.068916 -27.929182
537 6689.817871 261.848480 192607.156250 140773.718750 102121.296875 147.719254 120.064049 100.959915
231 11849.916016 201.267838 99681.695312 150292.453125 7383.354004 -132.541504 -569.839050 70.517235
474 6669.671387 271.667328 76219.718750 132263.703125 98944.625000 -150.689392 171.943542 -66.969376
551 6290.082520 294.952576 44376.355469 43772.890625 74171.757812 322.226379 130.330338 -46.638882
321 7782.518555 246.750229 164261.250000 174291.156250 177452.609375 111.815834 -158.935165 -400.723145
341 9190.479492 245.409775 151242.468750 175169.328125 80096.781250 -103.963394 162.509781 -237.411331
516 5491.595703 284.462311 48879.359375 133245.265625 65274.867188 479.455505 73.632645 308.166168
567 6639.568359 293.322937 152640.656250 40466.585938 53038.347656 -310.899353 172.824142 -299.155670
449 7135.489258 255.946823 117796.093750 151217.562500 136869.656250 -97.144241 -127.892349 -24.879568
517 6759.867676 298.992340 86603.554688 153917.218750 136666.515625 -113.995956 -307.728546 213.345932
529 6236.112305 308.133820 45680.472656 177796.906250 99045.867188 393.730896 232.545670 -154.028214
535 5828.223145 287.548492 47777.238281 53198.964844 68048.867188 321.821930 195.216553 -470.710999
457 6366.426270 265.266541 113511.257812 136494.015625 73997.695312 -110.168442 167.050888 8.026546
480 6829.404785 257.108917 192905.125000 68622.867188 71843.109375 59.779331 -196.320358 93.776192
349 8769.922852 250.981400 78032.578125 110179.695312 46387.292969 -172.612686 -161.771729 65.581573
251 10940.859375 226.040421 42043.019531 180545.390625 105981.265625 167.367188 245.052078 -406.521790
234 12342.517578 223.275223 126975.273438 89758.664062 43751.324219 -557.193115 -143.432648 27.769028
454 7283.146484 241.997070 204468.250000 174188.265625 177230.484375 -57.782955 -30.229561 85.239807
511 5688.049316 263.605194 80915.578125 155209.781250 13716.393555 41.922829 -64.782738 -343.963501
469 7186.217773 262.818787 62862.566406 11612.053711 129829.343750 -59.030441 406.421661 -234.165894
486 6731.422363 260.810059 168440.890625 20798.882812 138169.687500 3.979773 325.410217 314.821198
513 3071.056641 264.882904 201840.093750 18093.591797 109268.218750 49.176842 -94.589989 241.655258
523 6201.381836 313.339752 80255.882812 95998.460938 37635.531250 111.354408 -349.830109 201.032623
457 6366.426270 254.798584 63134.566406 108651.679688 68120.742188 243.904984 -46.599461 -50.240372
297 9016.593750 232.761551 147452.937500 39982.511719 160994.156250 75.927673 418.625732 -343.389862
520 6589.975098 313.018372 84187.882812 108941.531250 117882.851562 -383.479401 -83.890518 -82.121941
504 6994.606445 269.816254 154905.625000 132526.218750 146669.046875 150.980728 -148.155563 621.304260
250 7451.833008 237.380905 24131.478516 203657.703125 177222.703125 -160.581635 364.635010 -35.342510
501 6721.686035 277.117767 149902.312500 50967.480469 7080.392090 -347.781219 316.887146 -107.877151
426 7510.659668 246.497818 6262.432129 93099.437500 156754.390625 145.189392 -26.642572 122.602234
468 7074.890625 249.196426 111913.093750 103562.859375 81477.898438 -267.064850 -332.682434 149.826706
452 7322.010254 281.061035 36129.777344 91924.257812 79588.867188 354.483459 -169.010101 616.614807
450 7464.582520 261.425354 190693.937500 34209.042969 164841.703125 -329.647369 25.407530 14.698910
232 11708.191406 213.599350 53404.949219 19617.048828 138834.171875 -18.721268 356.850342 -143.971313
434 7671.138184 256.954620 78253.781250 90219.375000 12215.407227 -22.793156 30.376730 -172.301437
512 6655.410156 295.866852 62502.914062 81752.773438 155784.937500 -551.318604 0.641222 -106.093666
445 7124.662109 228.674011 176661.093750 86895.437500 179446.703125 43.438400 194.236526 86.323631
449 7135.489258 233.380020 127524.906250 40026.632812 100199.929688 -116.460365 305.256927 236.825516
335 4880.730957 234.453873 131108.500000 203544.421875 114847.507812 -95.081772 223.732315 289.973053
382 5642.392090 236.251984 136300.718750 198795.843750 146259.984375 120.659515 377.407806 -300.901245
508 6649.813477 298.577423 156490.578125 189393.687500 140148.171875 -5.280023 194.363617 211.285950
434 7671.138184 257.710388 176308.218750 169511.312500 103465.812500 -223.947449 324.701172 44.727974
359 4473.478516 239.532211 141290.546875 35424.761719 190765.906250 -6.592796 370.392700 -68.094177
480 6829.404785 269.748016 194208.796875 151300.812500 78790.914062 191.846359 41.594723 -22.334589
372 8243.713867 241.694321 125238.125000 110046.835938 36125.398438 -62.135712 -365.626068 -224.848999
502 6504.254883 259.524323 23538.873047 116258.578125 13424.620117 -366.504211 -318.319427 -272.546722
437 7406.644531 267.951843 36644.355469 11778.606445 29296.978516 153.531738 -125.133415 -4.929089
221 11573.817383 218.178787 197550.671875 114041.875000 181164.640625 -175.502640 -567.304016 482.644196
467 6777.061035 275.141296 133571.343750 193293.125000 4356.076660 -290.564178 -13.724032 236.787537
242 11638.901367 247.086029 68807.335938 45226.609375 157064.234375 111.394501 -515.263062 -88.256271
394 8227.361328 248.564667 36996.316406 122622.679688 15952.298828 94.063217 -313.193878 -224.957657
402 7909.137695 247.947052 183090.500000 204106.140625 76569.226562 -140.963623 -9.648176 -76.718498
467 6777.061035 265.532928 39356.082031 43024.953125 126962.187500 54.048431 32.277294 644.302612
464 7090.776367 253.015869 62826.308594 154044.593750 158543.812500 171.581589 -271.615753 96.906906
435 7264.870117 232.049896 189566.765625 188595.062500 38918.296875 77.287041 70.718880 275.535461
472 6104.930664 292.441711 146313.796875 156810.015625 130053.656250 -166.015030 18.664476 172.120041
379 7965.163086 219.021729 73019.171875 27009.812500 186034.421875 -158.649063 229.382645 -235.131668
450 7464.582520 316.410889 4237.497559 115348.125000 197306.250000 -287.649261 -859.947449 -777.776367
471 7146.404297 257.878448 137142.406250 155718.828125 87789.078125 1.643779 -44.332176 -142.301147
434 7671.138184 256.080994 105805.429688 55232.996094 123914.156250 -149.136978 -223.999420 112.422310
437 7406.644531 261.442322 126096.843750 62877.949219 165130.171875 215.341873 -94.771606 -23.403324
412 7947.157715 214.030624 167645.500000 159962.921875 44484.687500 52.015732 116.798119 168.665543
417 7194.353027 269.350739 203828.906250 49969.175781 60262.152344 -212.114716 -54.893360 75.603912
421 5166.832031 249.674820 89925.414062 11738.912109 41168.792969 222.126282 -75.471375 -66.977501
440 6910.512207 244.940170 20214.488281 69355.546875 112556.773438 262.304199 -38.625896 147.367935
408 8045.590332 271.051880 180372.562500 165126.968750 142733.750000 55.119633 40.357548 -53.779697
409 7396.895020 272.366425 150662.312500 46.344456 33245.882812 -198.998840 37.462036 82.408051
380 8465.456055 225.177505 178416.968750 95792.281250 186681.703125 62.070606 140.071228 188.444763
368 8570.571289 219.765930 30721.916016 203367.781250 188802.296875 -220.289017 431.196320 -87.360519
406 7534.848145 256.728577 124081.140625 96720.281250 27131.343750 161.852493 -444.336609 -229.393799
446 7261.468262 247.205093 152232.937500 124654.195312 94297.523438 -94.328827 -75.242851 -36.270142
404 7346.772461 262.472565 183328.687500 101254.015625 17255.974609 -108.270050 127.270584 -582.535034
370 8690.408203 230.001282 24232.042969 182970.546875 70263.281250 424.709869 -42.990967 -90.175522
381 6488.184570 236.254105 119828.625000 64268.429688 63320.539062 -72.234756 171.669586 -271.826080
424 7725.913086 248.520004 73047.835938 40716.628906 102613.554688 4.373150 -2.253199 276.628082
367 8655.881836 218.681076 187184.359375 57380.031250 91585.453125 -60.515198 -223.667480 214.520203
423 7009.162598 265.737671 167923.656250 107769.554688 34643.136719 -491.809387 -67.807144 -476.607269
328 9077.824219 213.863205 94352.859375 8040.735352 16167.413086 -40.900932 395.360962 395.914978
423 7009.162598 293.659607 53647.507812 129355.593750 99292.562500 268.152802 -72.965111 -39.254864
306 9539.298828 221.679459 158309.546875 158384.140625 179295.625000 20.424889 -189.945221 -152.407532
212 8303.086914 217.672028 201960.750000 121051.398438 70119.375000 317.789551 -89.566193 126.204834
386 8070.035156 240.547729 186640.687500 159536.171875 33097.023438 -34.512825 -20.240786 336.200562
374 8723.515625 235.144516 2573.389893 139726.015625 94322.101562 238.057434 208.341583 -93.776649
156 13956.147461 243.112534 28552.558594 38109.773438 158291.921875 792.326233 244.020416 -216.630035
383 8344.031250 283.145630 108225.109375 196542.734375 164814.000000 -121.941940 225.755722 -350.683319
206 12217.409180 228.208435 64845.062500 90585.882812 179125.484375 -185.388657 -92.405800 86.925949
265 10148.912109 226.079391 189382.093750 28921.308594 195295.343750 -146.731934 108.926636 -251.102707
338 7599.956055 202.928665 158069.703125 40600.628906 191606.671875 -34.695465 226.068481 -302.698822
233 12265.532227 230.888519 96755.148438 148876.421875 162963.796875 -195.486511 -121.371918 -105.700294
370 8690.408203 242.574203 204155.609375 17454.578125 136096.578125 325.106415 -164.385406 66.177765
365 8484.704102 237.719284 150194.703125 88821.179688 138990.937500 51.273323 -367.663177 252.345306
411 7786.094727 272.822021 53393.066406 176179.531250 71969.273438 -79.483681 412.364075 -130.628296
356 8425.968750 237.886642 66557.570312 77563.101562 58584.429688 170.311050 93.726219 -70.745277
398 7426.736816 254.419678 142068.078125 31850.904297 37192.429688 -752.456909 575.563538 141.045135
400 5741.401855 290.476685 41855.886719 9285.166016 77450.468750 239.196213 -198.261490 203.217545
354 8577.608398 218.262711 24621.580078 126665.531250 37838.417969 144.478378 -494.400146 106.368736
368 8570.571289 240.215591 71824.554688 199709.656250 57386.058594 -19.923706 -76.806778 319.615967
327 9108.269531 263.255676 197772.656250 196349.234375 135790.078125 135.325729 121.587456 225.859741
363 8273.910156 228.311676 1675.777588 90761.250000 122024.367188 270.673065 6.938700 433.803986
340 9152.746094 233.902893 148122.093750 108260.937500 58714.164062 32.104237 -235.467941 -33.732899
419 7301.560547 244.643646 82521.781250 187221.640625 164097.062500 85.689621 -124.915550 -413.673462
389 7287.836914 288.901306 174382.562500 99926.375000 90631.539062 41.230171 -225.736038 116.028984
406 7534.848145 283.901733 45510.042969 35881.304688 168500.156250 534.720276 311.304199 -301.446411
391 4328.469727 273.844452 70200.765625 185908.062500 162460.312500 202.588715 71.605431 -152.329483
375 8447.435547 237.778641 182065.500000 191163.437500 81819.523438 12.293786 139.051300 208.108734
367 8655.881836 223.070648 126365.093750 66616.679688 200124.140625 -621.962769 264.121155 -217.629120
310 8329.578125 239.501389 89371.937500 197066.750000 56387.601562 -380.504242 6.557147 90.519547
365 8484.704102 285.058533 15345.833984 115858.812500 111357.937500 497.969086 -126.288986 327.964355
398 7426.736816 263.944763 2955.616699 149569.156250 113599.648438 149.830475 11.871650 -40.490551
387 8218.027344 247.134125 101725.117188 26722.089844 188702.906250 1.030981 416.401947 34.561317
311 8645.340820 251.111404 137024.859375 60099.187500 201697.265625 -330.058655 365.661926 187.315994
343 9227.701172 247.032837 76510.921875 93107.992188 62633.132812 105.707092 -106.074585 -91.059921
374 8723.515625 283.926697 31314.085938 145299.843750 176967.921875 54.587334 -489.061737 -84.924904
375 8447.435547 241.728882 2560.717773 163260.453125 23865.349609 74.083580 260.555542 -165.274582
336 9045.022461 226.104492 76279.765625 78628.750000 102759.359375 -178.715530 100.358696 96.428696
339 4231.847656 230.064468 172198.093750 24864.394531 105048.640625 -156.030716 164.854401 27.127220
321 7782.518555 242.704422 42406.859375 163390.312500 152435.015625 -49.511444 -78.570129 190.198730
328 9077.824219 240.524307 184630.781250 148717.578125 139986.265625 88.369934 -85.169785 44.109695
327 9108.269531 246.847244 136247.187500 185270.984375 117530.046875 3.719503 112.630074 303.851471
385 7423.433105 249.558792 193089.000000 75850.593750 153918.281250 91.200821 212.773346 309.880768
301 7030.653320 219.575150 138312.984375 45643.273438 134282.218750 86.609444 -253.824921 282.128113
377 8266.728516 264.139984 11338.926758 200998.125000 59525.375000 214.917709 -171.884598 -244.329956
327 9108.269531 253.458160 11370.492188 127354.257812 167260.953125 -32.197178 -260.234314 118.968246
311 8645.340820 234.017014 33128.074219 172449.609375 159497.312500 -123.421074 35.374619 -1.483855
299 9960.449219 234.194000 174763.765625 23951.164062 162349.093750 -221.547104 731.607971 -330.606506
338 7599.956055 280.989380 108196.429688 202414.359375 132078.437500 -448.791138 198.916031 136.363861
312 9566.552734 241.686798 160516.640625 97141.656250 56709.015625 -452.426605 -31.985016 -479.020782
352 8772.970703 251.627167 69899.945312 81005.101562 199580.140625 -125.895844 257.804077 -131.698334
353 8727.936523 255.831268 64284.687500 27151.697266 197068.265625 -226.067963 255.917603 -97.223763
360 8711.431641 241.463104 21048.539062 54221.082031 100442.773438 229.525772 -187.727722 124.459137
323 9064.373047 257.728180 113139.375000 174990.593750 142453.734375 -83.518143 81.765083 -85.546318
378 5067.822266 280.414856 79162.867188 90482.828125 168877.609375 -291.442200 -58.026459 63.199398
326 9344.763672 241.739578 203598.640625 38332.796875 37349.414062 71.243027 6.157796 435.372864
278 10112.082031 232.520889 157487.531250 161471.015625 64101.785156 221.991440 190.998901 60.351692
337 8989.987305 229.654892 14218.836914 83290.445312 147065.578125 665.195496 150.596451 -181.438889
329 8992.869141 274.304077 135996.812500 99598.218750 98403.695312 -325.211151 -185.371124 -235.185486
205 9417.473633 213.355392 23683.625000 137758.015625 179508.390625 -46.140903 -369.339600 -3.026091
294 5710.861328 218.424500 179428.921875 27425.242188 91489.132812 -182.431671 185.695602 121.918304
320 9133.753906 242.646698 166778.859375 181857.718750 134340.234375 207.276688 132.206589 165.349548
282 9596.180664 228.676575 7852.726562 117539.812500 200286.875000 -289.303040 -772.008118 -617.947388
321 7782.518555 235.863937 1560.887329 119156.007812 189058.765625 -23.765738 -840.891724 485.451172
327 9108.269531 248.669632 118676.937500 68169.773438 67841.554688 -75.558029 64.527786 -193.075485
312 9566.552734 247.365067 1200.549438 40447.574219 61361.742188 -143.642761 127.155304 -20.559855
327 9108.269531 263.863861 26273.888672 202216.781250 157723.015625 -444.586060 209.369003 18.917070
304 7057.984375 245.484726 2219.275635 188809.343750 35585.292969 291.343445 149.079147 238.256241
326 9344.763672 253.224777 105434.890625 48860.312500 121605.062500 -136.189499 -196.619720 455.563477
288 9766.195312 236.974991 172663.437500 58595.085938 29656.654297 -355.688232 249.086655 10.232157
233 12265.532227 229.405380 11338.133789 132004.703125 139845.390625 -101.554008 -203.100204 183.940826
286 10394.921875 225.325684 86729.343750 192350.515625 152860.343750 8.744986 241.775238 -284.095398
322 5521.457031 255.197189 139426.093750 71323.125000 170147.875000 285.559845 -102.699684 68.811447
316 8184.251465 253.202835 133929.437500 42.044884 167716.546875 -117.294403 165.244354 -317.992371
290 9221.625977 212.910660 175009.843750 48872.660156 173908.953125 -152.254318 177.014252 -385.402832
250 7451.833008 231.758057 67216.593750 13193.427734 27454.345703 169.027420 218.657959 -65.531311
288 9766.195312 264.769440 142917.953125 138697.218750 74125.406250 -221.234680 -210.348328 -216.220718
298 9672.193359 233.725647 81548.578125 142759.031250 95466.742188 -530.100342 -67.305908 236.209335
306 9539.298828 231.849258 144699.781250 160559.890625 79036.156250 129.902802 126.105522 -238.407013
235 11915.283203 232.323898 3496.342041 172906.640625 55235.410156 276.986725 213.250763 -1.077184
282 9596.180664 233.642456 162781.828125 32715.097656 37765.421875 -359.412476 158.770447 344.300903
308 9777.547852 243.063004 68004.710938 199836.546875 54756.906250 21.472145 -75.962082 404.656708
281 10013.749023 252.698120 70392.367188 62666.316406 136902.187500 -372.673767 -361.767639 -27.769239
299 9960.449219 230.735291 3933.390137 134885.531250 91470.445312 109.310577 280.365692 114.657784
235 11915.283203 224.225266 81375.921875 41182.066406 10239.405273 25.040754 -335.654114 437.465210
245 11575.563477 213.565430 100739.562500 115646.406250 137481.609375 -404.685425 -185.193695 27.246250
263 10065.574219 225.715820 59371.875000 164113.687500 151387.031250 50.279713 -170.652298 -40.445518
305 9821.872070 254.682587 115595.351562 74787.734375 163387.109375 164.489349 -274.785797 138.228851
296 8838.031250 285.206696 115697.226562 116173.015625 197299.406250 -156.188934 -85.544479 157.099472
288 9766.195312 242.468750 147440.656250 88365.710938 178023.687500 511.572906 -101.029976 -101.556946
266 10572.549805 242.814087 106142.203125 198503.578125 88308.335938 -405.338318 -95.853188 61.872593
277 10439.304688 243.127853 131182.921875 165676.296875 202592.828125 1.837404 -183.467102 19.879311
298 9672.193359 252.896072 42072.871094 7560.989258 39288.960938 342.417145 123.736122 15.785700
284 10076.441406 256.068573 14341.580078 187722.203125 37785.925781 106.645058 -33.675312 258.558472
280 8173.871094 222.348862 62407.941406 37043.230469 27622.964844 465.185425 161.522461 47.776546
260 9529.744141 231.533218 135960.187500 95024.851562 30658.546875 -42.480217 -226.249527 -386.742279
273 8841.880859 239.288544 55131.863281 108162.351562 175132.343750 -427.538635 -156.885880 -56.786140
249 10345.897461 246.382187 84874.398438 97946.843750 156135.328125 -379.732635 170.384460 -107.300247
270 10496.881836 247.462219 66326.679688 64075.589844 32397.720703 134.568573 -69.102234 197.240158
229 12066.286133 240.574310 147834.812500 101251.117188 16013.445312 -30.958096 -435.379761 -292.999939
197 12687.965820 228.671265 113112.078125 160985.015625 135098.265625 -95.640717 -89.375755 133.059235
263 10065.574219 239.633530 67969.882812 102329.179688 87209.015625 138.642380 -25.398907 15.752706
254 10894.461914 217.763062 132402.203125 16397.240234 95752.390625 62.817726 277.496368 131.971222
231 11849.916016 224.220398 188990.906250 131864.218750 192448.484375 -68.846054 -227.605118 -67.299240
200 11458.581055 226.088531 85033.070312 170028.109375 128385.398438 -64.645119 -52.257179 17.180529
217 12582.454102 235.178543 35294.843750 68592.578125 119784.328125 -3.088426 32.566525 404.864136
194 12957.930664 210.489990 142676.703125 192361.437500 136257.984375 87.140488 76.105133 203.655823
234 12342.517578 237.425613 124210.984375 40375.367188 28850.242188 126.474472 322.753784 98.655968
219 9611.774414 232.702286 61129.355469 186849.843750 109646.726562 -114.472694 170.882004 -566.120239
218 12671.780273 219.756027 192144.781250 175711.296875 199518.390625 212.586258 -19.901934 -176.587784
242 11638.901367 252.753830 61946.691406 37602.855469 36362.453125 573.748352 162.118668 61.495171
186 13862.315430 234.302856 179180.609375 170833.437500 146188.593750 -7.687052 44.987747 -14.630657
227 12256.208984 243.573090 133223.812500 127133.867188 9161.003906 -105.781219 -323.013428 6.324200
201 13043.428711 218.513000 187097.031250 23173.414062 35767.156250 112.515472 42.876823 225.333527
205 9417.473633 226.140778 100095.773438 102989.625000 153612.312500 -216.241776 -99.614845 -59.223892
196 12689.847656 227.431290 48404.312500 178699.828125 59753.593750 -69.832657 326.320801 128.814301
168 15097.515625 208.637802 18525.693359 157330.734375 111050.484375 93.460648 -21.598206 -213.309311
