# FOF_ID M_FOF[10^10 Msun/h] Vmax [km/s] Pos_xyz [kpc/h] Vel_xyz [km/s]
113044 27.034861 330.701508 79613.742188 121001.734375 194487.078125 1018.253723 -155.602341 -545.814087
13037 349.088470 259.021820 192398.921875 143204.453125 182234.281250 127.714424 -190.055710 298.725708
13121 272.125702 374.313934 41484.625000 77920.335938 161565.390625 -946.864136 -123.667786 -677.933655
14201 214.644135 186.689789 69627.429688 143653.656250 134986.171875 1019.091003 -396.844696 -619.710571
13043 244.603760 316.731659 147517.531250 65535.089844 78503.445312 -481.004395 89.360924 -62.698551
10351 338.565338 325.404205 123361.265625 79431.210938 179552.437500 745.239258 -90.242477 1037.601562
912 4172.329102 336.276489 16379.462891 7130.795898 156274.468750 -155.210587 302.342346 -584.682922
9221 409.631989 354.653778 40730.460938 92786.125000 16011.565430 253.867416 62.199249 -56.867439
9411 283.740326 311.633514 8918.032227 193808.171875 45344.992188 578.026917 287.576172 517.907898
9777 156.579865 254.113983 23079.039062 181347.859375 126011.515625 -331.781891 -41.834602 -1008.886536
9045 404.861053 251.643021 54914.019531 668.917114 137356.625000 463.327209 302.529053 5.485094
8989 461.509857 202.730850 30333.746094 58749.050781 170673.828125 713.857788 -11.453506 -360.396301
6053 381.868927 286.641876 6711.067871 122549.703125 72338.882812 217.393951 330.654266 91.210747
8727 272.201111 270.902313 134953.281250 76492.437500 11263.842773 -507.566925 94.042198 -59.147724
7947 315.349701 363.085938 185095.468750 115298.453125 167818.578125 417.012360 -467.279053 460.121033
7061 558.341736 190.784821 100044.695312 74375.070312 116118.945312 -250.545273 -5.790507 -432.729340
7286 516.812561 298.041565 135528.453125 85394.289062 66721.843750 -50.672562 -403.839355 -159.802124
6994 600.114929 223.670517 78886.945312 38364.707031 160004.125000 -444.242432 389.598297 -719.141052
5688 704.400696 318.386139 37407.941406 96926.007812 108331.171875 692.702026 194.241379 539.494934
6352 680.927490 220.368896 193778.187500 184207.687500 83564.687500 -185.031540 304.521332 309.208435
4790 784.412598 379.155609 27922.480469 953.117737 188735.968750 -254.312088 182.409241 -70.828918
5768 734.469055 392.225922 91820.351562 204402.812500 43736.070312 -264.764709 226.189392 342.731720
5622 655.944397 435.282898 44817.238281 165994.609375 37999.632812 -326.300323 -15.874106 646.136108
6190 626.017822 204.475342 83920.445312 3538.259277 196116.718750 -71.002014 215.555374 46.720955
6408 544.795837 210.622955 60144.921875 83587.234375 192296.843750 340.688110 106.290298 278.659882
3665 1165.823486 386.012726 101054.328125 25284.050781 119026.921875 -512.296631 284.377319 297.546509
4928 829.594238 367.860107 49728.472656 187812.765625 73567.523438 259.727448 159.114487 224.084579
5827 698.013184 286.730804 26703.398438 36409.683594 142126.328125 1221.354736 -120.288361 32.242683
4768 806.338074 230.119858 98090.718750 5236.158691 41022.203125 -615.650574 -251.737701 -297.270630
5709 626.333618 240.384048 55355.957031 61575.578125 130911.429688 -64.985504 -266.617950 688.807617
5555 749.979919 224.054886 5932.493652 106591.023438 24366.380859 105.579109 -441.952545 -267.229218
4005 1063.712036 426.998749 139212.578125 2556.783936 1390.712402 -326.950226 5.872554 237.390350
4063 969.489502 331.748077 70540.101562 64273.917969 42269.816406 -168.699112 -189.858200 -9.797996
5158 795.974243 429.523010 99307.671875 65604.406250 196011.250000 147.392090 297.527191 206.897308
5530 347.271851 230.846588 8377.969727 103540.398438 191335.546875 -104.806549 -131.358902 -369.133392
4842 817.659790 358.261353 14890.335938 10789.451172 136013.375000 42.770412 305.172058 36.088814
4659 817.708740 305.926910 161364.062500 52192.773438 84300.609375 -2.554078 -43.468456 237.791367
5362 791.608765 252.277390 127537.054688 131144.421875 22388.279297 112.775520 43.853882 364.114990
5294 640.228210 216.971420 197091.156250 183324.296875 86164.171875 -608.331360 165.124130 -64.519905
5187 774.534668 338.680298 105394.296875 192375.140625 158139.218750 -36.742180 -145.477707 -330.833252
5444 469.685486 273.095734 67473.257812 41894.402344 155687.906250 -633.550964 589.178345 -29.882570
5281 783.986694 245.451523 110148.710938 11096.071289 8599.596680 3.524605 513.439209 -132.993683
4662 855.403931 331.424255 62791.578125 34750.242188 164494.375000 137.172318 436.426392 -326.044128
5086 765.847900 376.990387 58117.867188 180000.250000 13795.714844 89.313530 -81.163406 669.136780
3938 1037.486816 272.734375 126660.890625 126279.148438 84498.820312 -70.430222 173.948547 -242.223572
201 13043.428711 215.377060 36086.156250 88034.000000 161710.078125 68.130630 -79.643814 -47.513241
4850 845.194519 210.993484 167976.125000 23907.914062 193978.546875 205.876068 584.875366 -455.256165
341 9190.479492 263.346954 76901.976562 69346.890625 48877.250000 669.202637 136.042297 -375.843353
4749 698.296814 312.764221 173616.890625 161911.390625 64712.652344 260.756073 122.082649 -287.110870
4187 909.352112 337.627716 99083.523438 123656.328125 80877.210938 88.790352 -683.186157 46.767998
4583 805.653625 316.312805 19215.576172 77751.328125 143982.406250 729.007690 538.627930 -266.233124
4560 606.974792 230.913849 66854.992188 57576.902344 45068.292969 -53.192467 -210.297974 -286.308044
3100 1347.468994 247.481186 48854.480469 93834.148438 123188.078125 16.083380 193.310410 386.333923
2495 920.533997 456.332733 59351.574219 124117.828125 113256.406250 -621.109009 -193.264267 -56.003952
4399 962.085754 338.982513 191249.515625 93468.828125 12213.475586 -565.198975 320.104645 -444.810791
3713 1060.598877 268.704071 168009.453125 78975.679688 171046.234375 220.192459 238.731232 -59.535561
3495 1220.251831 293.040070 59249.492188 148508.437500 99982.164062 -173.045441 -270.810120 23.935631
4316 921.182068 282.668152 39315.550781 112470.742188 124428.570312 -219.097153 -202.634460 334.381622
4187 909.352112 256.006927 178093.062500 192479.796875 43810.839844 -74.375290 -440.606537 -170.889771
726 5074.901855 289.760254 148480.671875 37217.398438 163494.781250 439.778534 579.520813 -560.450256
4306 871.976501 315.849701 121510.289062 162013.906250 119322.812500 -717.572937 -41.763138 232.961716
3992 938.575378 295.359039 172112.578125 174292.656250 94737.015625 -158.409958 -106.060356 -57.378407
3891 804.847839 351.497162 91846.531250 83339.281250 36476.562500 -331.391235 -393.135284 -59.649647
4165 810.391541 221.014816 75012.890625 97871.898438 124904.554688 -118.646271 130.185333 -551.993103
4044 978.101440 246.212509 59795.816406 1036.911621 76443.937500 66.367935 -602.119751 189.035507
4111 941.381348 209.627686 22188.302734 133631.781250 45276.496094 199.504166 -579.651855 83.743065
4080 462.957031 246.673309 157432.328125 182213.750000 153160.109375 324.710571 689.640198 350.358337
4136 991.912964 211.814392 71176.046875 1182.073975 69404.742188 33.717194 -414.255798 231.581680
4144 1013.626404 217.271286 96256.476562 54641.421875 123800.039062 407.387360 128.389099 -175.072342
4008 1007.818359 217.728226 55656.046875 27789.896484 82082.750000 182.761963 -118.610497 -126.303276
1660 2238.223145 436.308868 200659.453125 102268.710938 81407.476562 30.918051 -267.709351 79.479889
4001 914.412170 208.220078 142454.109375 81359.812500 139359.296875 94.917900 -370.250824 326.929962
4084 845.671143 225.581024 21645.279297 188699.343750 62468.785156 242.629883 -705.256958 -73.557327
2740 1487.097290 319.840179 147038.765625 87512.234375 26174.263672 -289.319397 -183.035812 -511.868805
3525 831.963501 272.576569 131225.484375 15491.689453 189678.328125 -218.649429 303.516052 -446.207794
4016 995.533997 270.813751 97655.953125 185337.140625 70256.406250 79.106064 523.496460 -267.628052
4059 939.428101 266.560913 155332.484375 60273.386719 150066.046875 -128.077164 -7.082955 319.392975
2480 1456.943359 385.855896 62198.148438 97220.187500 109506.843750 -217.485214 -173.190536 299.103760
3610 1150.847168 227.136185 77736.687500 74401.835938 83480.000000 -94.871040 -0.825047 -108.187218
4096 1001.164734 391.614441 87620.773438 104295.835938 85470.507812 305.971649 -81.748970 -505.245056
3643 1034.257080 218.781448 51074.773438 68585.226562 202588.687500 392.400726 -516.798096 -179.917740
2915 1313.526733 321.841980 57508.386719 94862.132812 152878.656250 -144.732437 -169.886581 157.455139
3811 1152.397705 232.054504 17307.833984 174109.703125 116994.296875 356.745453 -19.026405 193.418716
3852 603.496826 215.951965 43307.339844 190118.578125 94669.992188 772.511414 -70.586319 -111.900246
4001 914.412170 211.933167 86831.046875 119594.695312 195036.812500 -1185.103027 41.422138 196.784393
3262 1200.445557 298.901215 165443.203125 54798.093750 22613.683594 -264.558319 320.167542 282.928528
3922 1046.375610 228.184006 178454.593750 164023.656250 136230.781250 65.223381 182.323334 144.337051
167 15289.875977 227.910431 131700.281250 51694.843750 30664.546875 -235.934723 -189.910400 -174.267273
3443 663.272827 293.582245 86704.554688 81032.250000 190177.000000 -292.747894 -287.146027 -4.780835
1844 2001.867432 334.713470 111780.562500 30919.205078 166190.500000 141.896332 431.203827 -351.025696
3234 885.424988 264.624115 89436.796875 5477.162109 74149.132812 -515.416809 -208.895142 64.574387
3546 826.526917 237.849045 161844.140625 125412.203125 154305.796875 -184.252197 201.282776 640.120850
3797 1057.249878 272.521454 146156.265625 87116.406250 197700.359375 267.025360 -328.009888 391.238434
2094 1984.968384 324.331635 59834.152344 19831.009766 202946.828125 -126.509354 159.993271 -72.100845
2212 1783.556274 341.931183 50890.593750 97894.867188 87354.671875 135.251663 -158.455582 -25.699753
3268 863.029114 252.318314 100412.046875 17401.455078 31663.595703 114.705933 31.962627 -138.259888
3231 706.800720 257.386169 82355.859375 24064.917969 102873.960938 218.563080 361.061157 684.735657
2432 1730.815063 362.219330 44132.132812 126920.578125 187655.140625 104.406502 -657.387695 -287.144989
3391 1116.353516 289.618073 104538.492188 11363.100586 42791.113281 -103.165657 -82.948891 -65.408455
3411 1067.454468 206.702667 166973.390625 43012.808594 118238.171875 -78.844528 -436.888397 -46.262470
518 6471.440918 234.058640 179890.734375 12311.184570 145452.781250 -73.156784 -91.728981 41.371326
3235 1267.729736 207.836121 195289.140625 58368.695312 58704.351562 -150.955261 -158.250549 -65.853645
1979 1857.493042 402.528320 108308.218750 27952.820312 204068.500000 -2.918768 644.795105 154.575577
2769 1529.051025 305.707428 181139.906250 93795.601562 164048.593750 -70.766502 409.332977 766.952026
2036 2042.359619 352.112091 9912.045898 101767.000000 133539.500000 201.196655 5.560610 309.649963
1863 1638.381958 393.310272 135338.078125 185633.546875 8402.099609 -94.139275 -55.593628 -3.261823
916 4165.747070 311.383026 198552.578125 187790.140625 139588.734375 -205.584991 249.199966 32.258297
3189 853.476013 228.158539 13950.224609 89274.617188 15001.920898 -213.987122 739.895813 -466.071411
1321 2635.067871 365.809814 18724.484375 45026.191406 95302.250000 245.583588 13.577302 211.725693
2524 1194.345459 328.429840 56405.335938 94376.804688 94775.531250 -149.571838 235.160629 -55.542149
1461 1426.324341 384.585510 136971.546875 107592.429688 76195.375000 -42.296448 -151.153534 -7.428001
2339 1457.509155 296.430542 42762.285156 69071.687500 83797.695312 200.212067 -55.585548 358.216248
3163 1332.114868 223.394394 166321.281250 35396.894531 137920.906250 -235.669510 70.251312 123.194702
2966 899.746277 214.059601 101900.976562 22512.501953 198017.343750 -309.207581 444.851166 209.734848
1386 2622.078857 349.434296 50601.011719 138502.484375 5735.764160 281.372864 74.841553 -71.363106
2314 725.906433 265.934967 46337.632812 12586.076172 42822.890625 310.673187 -2.342041 332.499908
1896 1929.424316 319.019684 133416.625000 194535.109375 35171.140625 -502.426941 50.173038 114.282211
2753 1509.741089 281.174744 181809.843750 199122.828125 56079.664062 -126.178238 78.735596 111.666290
2837 1402.373535 338.552551 94942.984375 157741.828125 146648.312500 -446.877563 -337.186157 133.220261
2925 1176.473999 224.965469 108405.484375 32290.945312 179190.937500 72.441994 651.153320 -40.595119
2717 1463.951416 270.626587 52224.820312 158995.593750 53758.605469 -182.803558 -270.939972 -20.629292
2705 1438.681641 227.109207 163057.828125 64796.683594 163778.984375 285.681854 -311.696564 -29.449774
2364 1705.271362 263.085541 192343.015625 124847.851562 192742.906250 307.595825 -636.138916 -309.014496
2388 1691.757812 274.656219 19764.316406 168711.734375 8905.528320 176.258072 386.265594 -147.169830
2841 1274.455200 232.265717 193962.359375 100819.273438 183392.093750 151.853256 660.009583 561.834595
2828 1250.156982 290.954742 57320.589844 44640.472656 3055.411133 278.561737 535.991577 116.530685
1517 2646.438477 339.563324 124370.156250 115705.382812 6053.580566 -30.160587 -250.203461 -239.175797
2847 1450.378174 238.134796 89873.984375 118515.640625 195351.937500 -660.828430 -312.053101 468.774445
2563 1322.318359 234.505646 21494.513672 131180.171875 126426.984375 39.636799 -629.947510 54.044624
698 5404.839844 305.434753 75927.609375 115417.609375 2498.945557 47.278969 -182.048889 -428.930115
2248 1851.635376 299.978180 101537.218750 108907.492188 5743.417480 -201.944260 -229.975784 67.782730
1163 3127.954590 340.437439 136258.000000 164482.421875 55875.613281 -96.319206 -203.134323 120.975021
1596 1837.632935 330.963257 91969.507812 191214.812500 74311.867188 -250.783569 -24.333399 -469.997131
2716 1527.278442 260.333740 77648.382812 119879.890625 156618.828125 -285.600403 39.222473 -242.174515
2293 1727.034302 257.032654 147408.375000 70505.093750 161511.437500 294.661072 -4.387570 324.048431
2633 1533.585693 237.237610 124023.218750 57927.429688 98090.359375 59.955193 55.883492 195.428085
2261 1675.260986 287.002808 78638.429688 51174.433594 134347.562500 48.126770 -328.931885 -197.254211
1892 2178.849121 261.718292 64932.917969 18652.673828 120073.101562 -265.923279 762.233704 125.360245
2405 1737.629150 243.289062 195335.468750 75830.382812 3471.625488 -292.653137 472.850769 -219.619278
2660 1036.953247 241.559631 81489.304688 45828.890625 133473.203125 148.995438 -29.115698 -87.554909
2245 1566.072632 212.329010 32949.937500 108448.984375 142177.078125 -278.145966 -652.618591 -694.305908
1811 2247.037598 364.926147 118824.468750 60893.496094 33918.437500 -196.713303 569.970276 -130.307251
1720 2168.586182 341.359222 137694.046875 53914.726562 17817.187500 -459.693359 583.331726 -206.657425
1781 2315.558838 308.951660 33187.187500 200397.265625 79783.351562 84.063225 -320.879639 50.826588
156 13956.147461 241.262329 41432.476562 47314.183594 89501.640625 43.631268 189.294434 4.683450
1544 2499.907959 299.298676 142050.531250 37615.726562 42250.597656 -604.118591 249.738770 -297.056610
1481 2543.932861 343.787750 79120.976562 163471.781250 919.340088 -264.839722 -85.833351 75.725517
2160 2011.791626 244.045044 118521.031250 92695.429688 14526.724609 45.970592 -106.293152 -178.712128
2536 1608.604492 304.865540 201755.828125 121837.406250 5848.719238 -170.216934 -1001.051086 -935.677490
2458 1727.135986 226.707642 96961.796875 151902.468750 54257.210938 -217.179443 -16.431574 -24.464083
1423 2781.154785 327.035583 54212.367188 174221.328125 146870.921875 263.965118 171.471375 -25.579117
2364 1705.271362 235.977097 150822.828125 166931.937500 12068.628906 -239.525925 -382.974579 69.955627
2456 1703.960938 263.723053 16706.882812 9886.914062 172868.078125 -338.388245 -161.281860 -276.438904
2566 382.344879 243.097809 98355.515625 152899.531250 54393.050781 -449.086670 -41.212875 273.858063
2074 1964.005249 256.903229 157937.734375 72802.820312 163360.218750 184.798279 -131.132263 -93.036011
1837 1863.598755 230.266708 114693.859375 34446.792969 129979.679688 -343.062225 96.718727 265.140167
2502 1560.579712 311.076202 107782.710938 37984.781250 184936.812500 342.938721 279.357269 -237.159821
591 6001.959473 266.923218 81048.546875 43447.000000 149389.593750 -709.189514 -216.126831 -54.223209
1781 2315.558838 294.220062 137013.500000 62708.367188 132447.906250 320.412781 -463.119476 161.263901
2315 1718.711670 213.626648 45733.742188 152691.843750 105294.398438 572.159302 -244.681030 -100.309647
2306 1685.432495 273.754456 154885.265625 10819.227539 116779.437500 331.788116 241.842697 122.056107
2127 1885.796509 320.389252 130966.937500 50887.378906 195155.109375 -429.150848 626.382507 403.440063
1879 2186.701172 315.736481 76498.640625 61642.347656 44150.023438 -109.318657 380.264343 -370.878204
1330 3012.104248 329.928955 181620.953125 1741.063843 59233.542969 -10.378559 5.437971 -112.157784
515 6648.492676 266.761169 64889.984375 107639.960938 162468.859375 -265.162323 -289.601288 80.174568
1370 2841.262451 330.826813 195446.453125 99984.156250 178414.625000 -173.497604 234.861877 416.408386
2120 1878.415771 205.699860 81849.750000 69628.039062 119543.078125 -113.417984 -109.308617 -72.531639
1718 2328.336914 286.579102 25676.800781 16436.822266 140489.468750 -127.493279 869.904602 -620.637939
1353 2009.432983 336.179779 91006.617188 38365.441406 35683.652344 127.003929 221.473709 171.827438
2233 1718.507812 212.506332 180833.187500 189373.796875 42310.257812 -132.920883 -163.040726 104.835754
1355 3030.364502 331.626434 157761.171875 91006.640625 173529.718750 236.155350 154.754303 156.193192
2060 1618.976318 292.081390 177139.906250 41280.093750 186413.312500 -85.888161 -134.515549 -508.790314
888 3992.809814 313.743134 169244.000000 119274.757812 45176.199219 -187.727921 41.148369 -392.690399
899 2052.754150 338.836060 37388.273438 102405.062500 179955.531250 -328.622192 -199.394379 -75.196625
2075 2049.075684 245.898453 57579.687500 136837.171875 187443.156250 178.050735 -631.189392 27.951778
2341 1650.012207 245.599854 133622.656250 197143.578125 9875.811523 -78.021828 -274.888672 155.690292
2068 2102.295898 244.973083 159314.109375 42097.046875 107475.210938 -202.448486 141.202347 -214.634262
2360 1749.680176 203.453415 104884.750000 86516.617188 141126.968750 -194.483826 121.190689 110.533997
1947 2173.230469 290.971649 117602.898438 82365.062500 51783.730469 -209.162354 -418.585724 83.080498
1948 1420.312134 235.139664 32016.925781 143721.140625 117574.812500 299.801178 -49.679573 180.991699
1848 2260.863525 290.376556 126596.101562 65157.667969 152769.500000 128.434998 -361.213165 68.837006
1408 2820.117188 315.615631 171803.281250 147454.203125 503.129486 145.112671 -219.117401 -187.018097
2232 1701.285767 243.570267 153376.437500 61982.429688 97965.804688 337.490875 -108.482513 -275.850403
2052 1918.141846 230.119690 74081.835938 69979.187500 37155.132812 -147.975693 -143.261597 188.517654
1900 2077.625244 217.100266 164111.343750 138221.171875 18520.345703 71.895027 -306.791687 -514.111633
205 9417.473633 215.076080 40930.011719 191553.328125 97631.351562 640.185425 -51.316364 -406.747955
2166 1786.073486 262.314026 196493.078125 147242.218750 201496.015625 -187.444778 -162.069031 -64.168503
1932 1627.896606 237.251785 124778.398438 143240.390625 90601.460938 -58.923679 117.053291 84.823242
1863 1638.381958 273.296021 85218.304688 70848.570312 138731.015625 -357.765503 -183.053574 130.029160
1185 3517.932861 330.537415 118573.343750 139287.250000 102220.046875 -8.823991 -80.249840 -221.950638
1893 2293.780518 297.642792 160561.437500 187218.140625 40829.804688 250.963409 -363.837738 -67.181213
995 3885.265625 323.567352 123060.054688 54912.687500 125796.984375 174.616104 -174.490326 248.889465
1600 2560.806396 229.212738 164683.859375 39179.941406 162725.812500 225.494568 -149.028549 -435.095673
2120 1878.415771 241.896118 147219.265625 71542.453125 88090.750000 -328.499542 -141.880249 -123.313530
1638 2292.678711 249.619843 66620.460938 38109.179688 132068.343750 -221.707260 433.594543 110.455536
721 5188.193848 339.230133 142671.031250 161293.187500 170614.593750 90.077377 -106.938850 206.927505
400 5741.401855 238.286133 86560.781250 188364.890625 54729.222656 -372.543365 67.439644 486.940277
1166 3095.744141 319.860962 43189.816406 34343.265625 55526.632812 692.497498 -122.893707 65.875122
945 2505.102295 313.955688 78031.210938 36734.539062 148244.140625 -389.804810 122.313332 303.207825
2178 1841.673828 232.631104 188283.953125 40703.347656 66696.023438 82.253418 0.331831 -460.546478
313 9724.627930 238.998657 85557.250000 73821.164062 28853.238281 598.282410 -166.939316 302.149933
2213 1898.259766 225.956787 148004.468750 67426.695312 166185.359375 26.197348 -635.681396 -279.735046
1694 2516.396484 408.511383 72937.500000 15770.483398 90473.093750 -30.883062 -189.301437 322.767487
1479 2636.166016 334.811676 91958.617188 191779.593750 135156.343750 36.781815 510.933960 136.769562
1282 3140.882080 323.779205 170323.156250 59097.136719 39487.093750 -280.782959 -55.050461 -21.424561
320 9133.753906 237.080872 29637.644531 172649.343750 183017.015625 -143.778992 51.494797 81.259911
1627 2418.714600 216.246674 101286.335938 61046.957031 169732.156250 190.706985 -246.059128 33.520603
1420 2248.022949 256.514893 201334.328125 99176.382812 188273.406250 69.402916 933.309937 -213.896805
1868 1980.824219 225.638565 106696.789062 26592.667969 130318.679688 102.680977 -322.864655 -197.819733
1308 2821.603271 315.974152 170099.421875 14922.941406 144337.531250 -146.818146 568.442444 146.535995
1650 2392.130127 238.553650 51987.820312 144821.515625 174637.437500 361.866425 -405.028656 24.351658
1890 2147.066406 195.570755 83079.523438 26127.886719 24240.621094 355.963013 320.107513 -260.452606
1384 2569.517822 292.034149 178128.812500 184936.515625 154545.781250 -16.877653 16.444563 230.710617
1857 2228.274170 219.293335 5241.300293 202068.765625 33316.171875 -186.196060 214.192261 -41.824795
1458 2664.072998 269.776093 40935.757812 86082.812500 160535.546875 -290.818085 -351.986450 -693.133484
1849 2115.082520 239.197083 54124.148438 66016.414062 46858.207031 345.451263 -85.627884 342.688934
1163 3127.954590 314.724304 162558.125000 176339.703125 154164.453125 52.492355 228.275269 106.651169
1544 2499.907959 303.201141 91037.851562 81592.945312 57546.070312 -101.385284 197.672592 -874.025879
1715 2447.608887 305.027130 190411.968750 110417.867188 201952.796875 -37.107468 79.089371 -1118.690552
2004 1973.141113 268.491272 131697.421875 16800.707031 4026.495605 -203.541641 150.409271 488.483978
1862 2177.351318 214.018417 65025.605469 44647.273438 10682.862305 -251.091888 -173.732513 -35.190506
1351 2799.348145 299.406189 34125.097656 9851.224609 166882.390625 -161.621628 293.939423 -135.235794
1184 3376.704590 288.668121 185055.656250 30458.855469 178048.453125 -168.832535 -83.333214 -104.840904
1695 2288.483154 287.926453 119487.671875 195726.765625 28080.533203 42.054955 -1.115008 197.287277
1805 2259.576416 214.932709 26243.123047 187481.500000 133504.234375 -209.449402 345.057190 -233.026443
679 5413.585938 291.125031 191267.328125 27888.988281 171059.953125 -179.033463 126.205338 -164.117859
1056 2642.104736 307.770752 129542.273438 189075.406250 194970.562500 32.799843 75.511742 358.734680
1555 1423.280396 292.858765 61745.546875 91609.703125 105662.789062 -243.235382 226.585388 114.663063
1694 2516.396484 256.270630 26713.541016 91489.835938 1071.396729 -435.173981 -138.995636 -221.211380
1299 3118.026611 307.897003 116912.304688 94787.937500 1734.460693 -67.510551 -457.765656 101.245628
193 10191.922852 233.278015 181710.843750 174402.437500 2413.352539 205.604126 147.346741 48.196922
1850 2225.775635 225.894470 27396.195312 86054.617188 3812.319580 -43.630177 713.834290 -559.214600
125 13121.652344 222.206131 80737.007812 76089.828125 52205.210938 599.871582 482.982697 -374.416321
1611 2458.375977 233.241440 39106.296875 108044.265625 182110.296875 46.117649 -559.660828 37.693256
806 4473.873535 321.190247 181417.015625 72055.257812 102060.648438 127.044037 -310.255829 168.318726
775 4682.942383 308.052582 7478.669922 31849.480469 189597.234375 248.975235 17.631098 -328.797577
684 5451.971680 315.273712 131954.265625 18410.042969 52260.824219 -109.412018 187.166611 -73.044449
1009 3140.594238 349.853668 83272.515625 124569.921875 41726.472656 -175.990768 -70.507706 156.831055
1381 3121.417236 253.905975 55830.546875 151244.093750 188319.000000 -48.292953 -413.069489 -176.565399
1746 2118.688232 302.921265 119625.585938 191344.078125 61615.230469 -42.525826 -143.099197 73.224724
1626 1906.439697 242.652527 16635.982422 67300.515625 184294.453125 640.371765 20.603157 392.423157
1696 2155.069336 231.471603 183179.531250 96478.742188 200187.171875 104.308746 441.647675 -633.302246
246 5552.100586 219.719620 43392.886719 94470.296875 196243.703125 -187.723831 22.663172 -103.589943
1218 3150.788086 315.235352 75888.226562 13986.112305 105327.242188 -79.509201 -36.505302 494.727142
1305 2847.717285 281.416992 56141.023438 194425.843750 27109.462891 -55.490772 153.611816 -8.254097
1785 2205.928955 300.457245 1592.959473 113707.585938 203587.671875 -506.816772 -468.726288 -889.591431
1579 2192.395264 250.173050 196196.031250 166805.125000 56760.753906 -118.455200 -44.819950 213.311020
1566 2649.571289 223.154327 50841.421875 135939.875000 191030.343750 -30.286161 76.262856 -30.664843
1851 1600.131470 204.558777 45356.425781 76440.351562 11839.544922 390.416748 225.870956 -177.955521
1524 2501.164795 276.413666 48126.742188 109003.656250 130102.671875 -74.293343 -370.111847 64.832191
561 5424.697266 290.179810 97585.835938 161983.578125 23212.562500 -90.402184 -104.168625 0.884649
973 4231.667969 295.658325 188453.046875 141514.984375 197251.843750 208.986343 -635.438293 -384.002594
1414 2818.566406 251.201523 91431.500000 152055.109375 193838.890625 -169.101410 -538.660278 264.879852
325 4499.743652 263.886383 31551.712891 189772.578125 144504.015625 -166.806412 -36.415657 -92.575157
919 3735.291748 251.608429 105941.695312 43717.886719 127229.085938 -238.789963 -83.525146 -154.732101
1094 3383.129883 202.651169 112260.054688 35992.527344 135397.609375 -60.067978 55.401196 -508.453400
221 11573.817383 247.035904 144586.468750 63389.585938 79602.359375 -79.975647 -67.765526 -165.686020
849 4242.851562 273.069733 13567.524414 164075.843750 103448.250000 216.400314 -45.914070 -101.531425
1656 1781.824097 229.303619 73555.593750 43165.820312 154022.546875 -163.140762 -354.076904 311.504578
319 9060.769531 270.286194 25409.960938 166022.265625 121465.328125 7.427801 471.837158 -376.778931
232 11708.191406 226.871429 113281.453125 1301.139282 17642.332031 -31.321093 191.852158 386.697754
1457 2812.972656 213.651306 186396.687500 2928.398926 163155.906250 201.023727 257.080170 286.959106
1361 2288.217041 297.702301 163031.703125 127175.617188 146021.750000 108.923203 -86.689796 954.538025
967 3874.202881 330.457825 136984.562500 77488.445312 64747.242188 -130.310150 -95.028229 -84.510231
1189 3202.869385 280.590851 193558.703125 87526.804688 81009.945312 0.859867 31.560745 140.759659
1230 2987.206055 221.374359 149761.000000 68750.390625 77387.617188 -224.897034 -283.145538 -64.095764
449 7135.489258 254.337036 23817.556641 117648.976562 129535.796875 164.037506 -266.460480 281.341888
1519 2428.078613 292.914948 73993.179688 18038.062500 34587.777344 -16.880001 -25.068510 243.355972
1353 2009.432983 278.222168 87005.554688 115972.156250 189696.968750 -440.331635 9.299782 887.020142
1516 2667.449951 340.073792 106939.875000 42701.507812 184725.312500 122.822708 434.721008 -214.778412
187 12776.015625 249.676636 72570.242188 71132.914062 80846.976562 4.801356 92.781868 -102.400497
766 4921.357422 213.029984 52456.242188 39506.679688 153964.531250 -276.069977 791.230469 317.939301
896 4222.571777 329.426697 28253.894531 23177.240234 184930.625000 246.650299 132.639587 9.180502
895 4308.371094 274.797546 129545.578125 23500.189453 121020.390625 174.845169 442.080688 472.712830
1183 3297.269531 281.310791 29673.150391 179802.187500 15688.065430 -375.635345 207.704788 78.332115
1137 2078.150879 282.358276 89798.257812 137775.437500 171062.546875 -401.994385 -225.459915 325.904419
1194 3095.124512 216.955841 63147.582031 132205.093750 192989.203125 370.134033 -377.674408 -29.340061
1103 3400.958984 284.272797 168980.218750 76735.828125 14681.061523 78.598312 401.823944 -409.698151
1143 2887.409912 310.354156 174464.218750 23562.544922 132877.359375 -374.845642 -275.879761 491.690094
356 8425.968750 261.838928 143472.156250 136014.093750 139045.468750 216.758713 140.851959 463.684479
1040 3234.672363 249.136841 49613.308594 104661.710938 132579.234375 -615.539551 162.693726 194.035706
1247 3081.908691 225.498978 55589.886719 121529.039062 98795.726562 -271.792786 400.922211 95.731575
178 9446.732422 225.997467 87482.460938 64869.378906 78834.179688 -146.211334 268.182617 88.553940
986 4096.807617 218.654846 124987.273438 161865.546875 118198.843750 -73.109833 -88.431877 347.102234
1300 3114.109863 282.316071 49339.101562 128880.203125 107490.570312 314.036011 -200.430801 523.743042
1332 3033.068848 214.937790 15687.519531 7562.220703 103752.640625 231.529541 166.240555 221.231415
1240 2930.058594 253.044601 128115.265625 59079.656250 102902.218750 211.829712 -17.592201 -363.330231
1398 1806.269653 353.183258 147312.890625 73958.750000 84363.054688 -177.607147 -504.639832 -91.337257
434 7671.138184 246.431076 170795.937500 150013.578125 58602.000000 -177.345108 215.031464 -443.530579
1398 1806.269653 249.519150 161373.187500 98721.398438 53872.699219 -420.044006 -65.860733 -306.540314
973 4231.667969 304.714813 69828.671875 414.331909 116865.570312 -198.978394 253.646683 -39.379681
1075 3609.259521 219.425232 181213.453125 57877.042969 45693.839844 -55.931568 -271.244324 404.544128
1113 3231.728516 262.044006 73362.429688 100684.851562 153717.562500 -285.717590 274.060516 366.206329
273 8841.880859 267.213562 50792.031250 150594.750000 64572.511719 554.749268 -11.060632 59.727520
1327 2855.289551 336.514038 63676.960938 156513.953125 171753.390625 94.986526 -374.770630 -31.410736
291 9411.965820 244.871307 74235.656250 46074.628906 44146.132812 89.658737 337.997253 115.722389
594 5920.527344 291.956604 56079.406250 89687.367188 55748.753906 75.933495 91.632660 -70.888702
784 4234.977539 398.738281 154387.296875 182148.875000 160566.937500 265.791412 114.220840 -482.740295
1246 3272.714355 245.319733 30778.115234 17612.046875 174916.484375 -59.227615 170.304382 -232.375137
1036 2642.903076 315.431396 137639.656250 30289.632812 35380.906250 -454.032166 1134.912231 522.100525
242 11638.901367 242.989410 137468.421875 62035.113281 85769.617188 -279.427490 -140.789703 92.419289
1164 3314.615723 261.554047 38269.328125 17472.386719 135427.671875 -95.759743 431.747467 -49.272263
1387 1517.914062 263.805481 50911.347656 188604.140625 77412.640625 52.181461 28.871059 38.503441
1415 2433.158691 254.657455 97746.843750 8035.465820 41403.246094 -223.011414 -124.311554 -43.534550
1239 3105.497559 211.710251 89952.304688 194822.828125 142160.687500 -61.915833 346.423737 -572.278259
707 5269.936523 289.279083 137593.140625 20794.855469 122452.015625 -0.291390 371.817078 183.449234
213 12516.128906 255.232178 197724.703125 97303.765625 76856.750000 41.261280 -292.029816 -31.366331
316 8184.251465 253.235077 56582.347656 157796.281250 58360.812500 -78.315781 96.549675 -97.168442
1155 2986.259033 258.478210 33688.523438 9963.769531 27938.269531 -35.721813 -219.099258 69.731186
1291 3046.275391 371.862579 188490.609375 140959.765625 79200.265625 206.825653 250.697815 105.344727
1029 2182.156494 263.182831 96202.921875 80335.960938 51108.503906 -659.919434 -390.584442 355.660095
852 2810.184570 331.158722 83823.789062 128192.570312 31811.769531 159.426758 83.400764 124.726112
1206 2279.705811 263.448425 164379.281250 174375.296875 39821.410156 -167.157486 -308.162323 213.368591
1083 3567.661133 360.782654 5254.941406 48224.812500 110939.812500 57.092339 -2.834341 -61.842464
1313 859.916809 241.940979 150889.890625 134181.781250 149592.281250 -123.637611 -175.732330 729.546875
208 6991.873535 225.425110 29084.464844 976.398560 151475.140625 -324.720184 615.522156 -33.969448
1302 2679.392822 224.420227 52491.101562 10746.101562 28495.898438 -142.361984 -88.575157 -171.066193
1434 2694.558838 256.071686 58514.695312 120755.820312 182924.078125 38.888634 -248.093445 -74.026260
609 5108.375000 364.916687 111213.085938 77642.382812 16802.148438 296.876495 -164.883163 32.186409
1081 2992.781006 225.821930 83741.851562 100741.109375 149485.015625 -319.972565 160.454468 286.595154
446 7261.468262 289.501495 62661.128906 154495.859375 121269.898438 67.327423 -187.401260 -153.080811
580 6087.024902 280.558014 46767.246094 83953.992188 118614.375000 88.397858 378.283081 254.178085
1488 1700.063232 235.412552 150473.343750 181483.078125 174990.343750 -372.760162 -291.038483 -167.212631
961 4107.728027 251.485229 35608.089844 99004.765625 175690.859375 -177.160400 7.902291 -83.523827
716 5260.796387 309.719025 152412.468750 197691.734375 68588.601562 -5.852749 -60.099140 -242.586349
1310 2990.420166 368.374451 160164.015625 25948.607422 40683.179688 -152.990372 603.742737 -10.939634
1170 3262.979980 269.964539 197063.812500 83692.437500 121376.195312 294.193390 -159.587296 336.307739
1176 3255.788818 216.393036 136121.687500 158201.234375 175683.984375 28.018467 -77.720665 87.101067
233 12265.532227 232.741074 55622.679688 40345.351562 63345.179688 -69.390556 -63.260174 -325.321472
215 12611.185547 212.754852 59157.078125 142000.796875 145313.375000 251.358322 -406.287262 -214.347946
366 5175.085938 244.923996 37666.414062 19547.121094 201404.875000 502.326294 -77.163322 -237.008682
918 4044.254883 220.731567 83828.015625 112121.023438 190062.359375 215.869247 570.091919 255.897202
415 8006.615234 250.177536 121210.312500 188471.968750 177157.062500 136.300278 -0.506251 -209.623596
1077 3601.461182 356.303497 104290.976562 26917.462891 161550.640625 -130.576630 260.873169 -419.460297
1148 3249.731445 222.697937 129183.820312 189966.031250 198951.500000 97.883324 -263.883606 117.095375
672 5088.441895 325.219513 155454.343750 86313.546875 168923.078125 31.519756 -115.207787 277.674591
958 3777.761963 262.094299 13812.658203 65137.468750 39362.871094 34.963531 10.534862 -95.926216
1184 3376.704590 232.103271 167308.140625 101855.585938 25899.121094 45.618568 135.670380 -608.290100
1163 3127.954590 246.034729 112373.007812 75895.820312 20855.875000 235.764160 -342.137543 136.046249
862 3815.072754 300.702606 151435.890625 153152.875000 161829.953125 24.244421 114.176094 321.588531
960 3525.509277 285.592712 127576.781250 45963.121094 102393.289062 108.998245 38.643803 86.949463
748 5045.135742 287.359161 13688.612305 169607.296875 112605.687500 435.504089 124.920265 -12.395210
787 4858.364746 253.807800 35190.472656 181937.718750 13713.809570 -350.707245 56.728420 248.206406
671 5282.981445 286.350739 14650.990234 84303.921875 202637.546875 184.721451 338.556458 -423.185669
1101 3537.276123 226.081223 186938.484375 10129.397461 176557.468750 218.827881 -17.349195 -299.657227
755 5320.453613 282.057281 193467.906250 178001.531250 19895.253906 -56.042030 192.039093 -87.545975
1009 3140.594238 248.406921 150753.343750 49340.179688 186276.515625 -48.781445 256.510223 13.400292
311 8645.340820 237.676895 174495.109375 20845.150391 103749.867188 -133.376007 183.644775 271.845581
1349 2999.271729 237.913742 109319.484375 179273.687500 113377.921875 54.852966 328.974731 60.724491
1116 3113.220947 226.046356 57944.257812 43021.054688 159686.296875 -364.834656 -187.751770 -620.262512
492 6981.527832 290.565430 30770.224609 111844.476562 61190.429688 333.488647 -138.781387 -134.288651
1296 3003.808350 237.298233 85652.226562 146098.906250 196544.859375 -84.677887 -381.748230 -308.530121
968 3809.861816 260.811462 43119.453125 2731.859375 121607.851562 117.511238 146.206482 -279.616852
704 5281.063477 292.591919 93390.164062 176320.796875 56208.316406 -263.997833 295.521698 37.050056
1168 2779.108643 347.295471 54688.796875 59782.367188 50695.257812 617.269775 -65.545334 74.554504
977 2480.378418 267.192688 46563.851562 126673.453125 110932.703125 619.013916 -212.374420 137.172577
754 4773.987305 276.104462 165819.500000 164573.031250 123559.992188 -8.172153 91.211609 219.508926
968 3809.861816 226.152222 84547.562500 176172.921875 184828.453125 -232.730270 -426.244598 -15.393570
932 3841.321045 331.723969 17916.376953 155951.234375 143787.312500 -180.494614 -17.217768 174.290817
373 7996.542480 254.382431 107906.265625 93496.765625 92957.117188 -47.676144 -260.297241 -225.113968
413 4756.655762 270.400909 110731.500000 58984.175781 121354.468750 -320.612640 -161.080673 107.081429
345 9434.845703 254.455383 131359.578125 152653.062500 10923.859375 -212.770020 -15.568364 -93.362198
193 10191.922852 225.324524 69816.507812 98870.125000 67220.968750 74.349495 257.400177 -219.783310
647 5660.978516 229.325058 20982.605469 108716.875000 180692.562500 -79.266899 -595.551575 676.872559
189 13641.832031 212.097244 34813.144531 64838.855469 11818.290039 427.938507 187.710907 -375.836243
936 4203.934082 230.759750 135971.687500 48187.417969 94749.851562 -231.015640 188.081345 323.176178
545 6087.084473 269.162506 90091.078125 134925.390625 175922.765625 -481.396454 -477.524658 223.766510
441 7355.984863 290.790985 28757.099609 44299.546875 120278.429688 225.214172 129.982880 176.449966
676 5333.903809 246.255356 133221.171875 190096.062500 106269.406250 86.711220 -1.529341 99.624298
1032 3824.791748 258.821289 17826.763672 92972.546875 133794.671875 429.925842 -429.377014 251.838043
833 2495.190186 244.088150 55955.636719 84368.062500 153775.046875 -812.994019 33.691658 -226.530624
304 7057.984375 243.361526 162616.203125 154592.593750 101298.062500 -147.830032 391.654999 45.024349
873 4374.467773 267.651062 44267.585938 24416.076172 199247.109375 4.006670 312.224670 -241.511658
836 4607.033203 267.660675 189008.671875 174803.546875 88675.539062 59.549843 421.267822 -14.969228
681 5362.904297 302.158905 10867.415039 83788.414062 123182.929688 691.764221 46.178497 338.511536
1234 3316.404541 301.832825 93765.031250 186955.406250 149358.140625 24.780626 465.000000 -304.497101
995 3885.265625 260.265625 185593.093750 199058.828125 2218.610107 326.266663 145.838562 -159.977875
885 4279.390625 220.790039 18606.085938 3636.287598 96458.507812 328.611664 -138.082718 133.198318
608 6240.956543 285.976959 118626.906250 83148.265625 178167.093750 199.763077 -306.929596 256.800720
932 3841.321045 318.874207 52780.953125 87009.906250 5768.381836 -170.590485 214.120956 -108.918533
975 4032.949707 247.398254 133009.250000 170838.578125 175912.265625 55.578484 64.894333 -354.565857
835 4300.004395 213.580887 89675.062500 79298.328125 128396.085938 -117.615913 -93.296272 -85.835213
743 5078.196777 274.893005 31479.003906 77258.078125 84373.101562 208.511597 314.007599 266.522186
728 5231.707031 239.558426 127182.523438 80210.992188 5664.861328 212.990692 -279.480621 498.539398
716 5260.796387 290.531006 118969.265625 168096.000000 128022.500000 108.080765 -310.535675 157.642776
874 4148.542969 241.227280 132964.937500 102669.312500 138695.921875 122.498192 -25.911791 281.811768
753 5022.944824 251.063904 172874.078125 97574.390625 154372.515625 194.440720 122.444832 701.156860
1070 3579.113281 327.625427 35125.648438 11098.625000 15896.026367 3.250544 -82.251801 -62.863911
1031 3706.998779 225.898895 20079.822266 110528.031250 1500.631714 -316.513153 -151.746613 -521.646545
1008 3852.793457 230.474152 41287.898438 201214.984375 319.246460 -107.572464 275.421478 -31.213421
628 4768.702637 261.294403 130827.070312 32888.675781 136163.390625 -119.714264 148.518265 21.347132
486 6731.422363 292.053711 72226.117188 115870.664062 175775.812500 50.494850 -43.937332 227.787766
680 4736.746094 272.765320 16753.978516 111381.960938 5277.666992 -176.550507 -381.791962 -380.069305
252 11234.977539 205.467392 190405.687500 86382.046875 125365.281250 173.018387 70.161743 323.509644
683 2332.595215 251.782104 49061.722656 140652.312500 70045.578125 562.494629 117.333649 283.586639
602 6136.477051 270.356506 185865.875000 110117.750000 17471.708984 107.516159 182.191849 -908.508240
797 3211.611328 316.225922 42478.718750 138348.562500 122601.546875 -41.692211 -396.006683 -182.083954
840 4614.137207 245.988617 32704.576172 6303.837891 192384.828125 -258.737610 59.538971 -181.650391
687 5235.468750 204.203262 64698.101562 95676.109375 99335.835938 8.156660 -109.403084 91.546989
264 6808.494629 232.387848 15303.467773 127220.171875 94403.023438 122.853073 178.347855 120.402237
947 3674.206543 244.325974 69012.851562 43027.441406 75511.968750 -133.732880 41.242756 186.156769
663 5557.362305 287.424744 203378.921875 201126.593750 15128.260742 317.077972 -20.678062 -62.207558
789 3090.056885 262.117432 150203.718750 142849.515625 59888.562500 158.422058 -213.802719 -202.566101
268 10585.156250 253.937622 169375.734375 100267.406250 192470.750000 462.031433 -83.361923 -272.449158
900 2854.859131 221.088867 5944.786133 159445.765625 72575.828125 212.747253 95.528305 148.433029
171 14605.467773 228.559311 132155.453125 73969.304688 59641.320312 -66.224068 -37.655132 -162.471176
723 4814.364746 293.730896 160461.281250 125650.562500 47381.242188 -118.510086 -69.171669 -315.947205
957 3964.415283 223.684158 159667.859375 166320.375000 126502.515625 -36.977745 -68.883942 -130.433258
796 4865.516602 299.560028 161715.390625 75527.421875 165849.593750 236.411713 -6.503400 -2.453524
176 14285.034180 223.769516 144644.328125 53121.722656 190429.921875 -189.560867 422.390808 -77.694260
576 5490.756348 261.240662 59586.718750 190197.500000 77184.468750 -591.800659 234.512604 96.002068
754 4773.987305 220.767883 108424.312500 181428.484375 114247.085938 -127.450607 309.871033 114.204521
238 6914.577637 239.405777 104513.882812 188378.453125 53943.136719 -376.344208 96.151314 139.276169
826 4492.212891 221.666336 141310.796875 57756.632812 155748.484375 221.903717 -416.573853 -211.353027
700 5157.161133 219.848312 48504.265625 99506.609375 168530.656250 -488.138641 71.623749 126.437454
252 11234.977539 237.102020 158507.328125 9436.148438 45153.875000 -63.420956 -5.061417 112.831657
634 5631.390137 245.087662 60654.859375 179968.359375 190795.328125 -41.487946 -102.030708 291.652771
584 6438.278809 282.892914 164887.890625 44186.621094 168764.296875 -262.284454 42.116558 -605.910522
804 4675.228027 288.575562 69640.242188 96451.875000 78614.007812 144.477798 199.440994 -45.314175
610 5360.975098 278.386475 137925.093750 36480.964844 146716.406250 76.904457 16.772514 144.204330
305 9821.872070 240.081146 140335.125000 67425.265625 159506.406250 365.291382 -552.500916 59.154755
344 9067.645508 265.205750 165769.218750 29584.595703 177806.125000 37.614140 751.012878 -210.181076
923 4136.005371 250.506531 180263.453125 154163.843750 70179.234375 125.549751 184.888748 -142.037903
775 4682.942383 255.988022 137470.718750 158696.093750 188347.546875 65.896294 -177.901627 -581.518555
611 5983.352051 255.802795 130793.578125 60624.539062 158629.640625 141.112259 -111.123131 -140.234634
499 5214.898926 282.587158 109966.507812 194066.437500 30096.433594 -41.376171 393.145081 294.696259
657 5583.767090 240.360855 2152.958496 71555.414062 25107.566406 216.351532 450.645630 -41.502502
351 9023.655273 280.357422 11497.957031 64768.058594 34396.722656 27.657383 132.434097 176.424911
813 4662.482422 251.163635 93019.546875 25803.904297 156237.296875 -86.598999 199.035889 -541.363098
649 3672.972656 245.978775 57572.000000 170757.875000 193788.265625 113.139153 -12.325478 85.606819
206 12217.409180 216.820282 56120.746094 124521.953125 165933.156250 -87.154999 -111.884949 157.193237
966 4023.548828 254.750381 19597.289062 157649.015625 158271.718750 -135.373703 -98.594810 5.832409
616 5827.956055 267.893555 51527.250000 148140.515625 175363.328125 103.048271 -430.625580 49.557693
238 6914.577637 217.187393 110355.859375 107702.109375 47065.164062 -147.107956 -329.496582 -114.243996
662 5473.763184 315.245911 3021.067139 204301.328125 184904.312500 148.226852 165.037292 -4.210371
1060 3409.900879 242.670837 129717.156250 51867.925781 80908.179688 -347.698486 -9.785544 89.041763
512 6655.410156 221.351608 194724.218750 90232.250000 79958.968750 270.913483 -396.605103 281.161743
278 10112.082031 225.422852 176497.140625 188581.812500 180802.703125 367.066986 -2.979216 -377.784119
522 6878.627441 288.850250 156982.687500 56491.777344 47701.644531 -251.998566 -104.590202 23.217459
701 3245.376709 238.012741 14087.740234 119229.539062 131702.609375 81.757530 -259.517029 155.039948
718 5172.399414 260.545197 28088.888672 181196.125000 36338.859375 260.618561 -150.370377 291.788757
941 3913.875732 207.853821 202655.531250 133846.750000 145144.250000 344.933746 -515.924622 161.000320
274 9910.577148 240.514450 71486.546875 3057.112549 37244.539062 88.153954 -90.634354 151.573776
666 5601.171875 280.391418 88577.148438 157227.828125 187814.406250 -229.662842 -482.178223 180.912750
724 5048.342285 291.245972 42849.515625 47945.007812 204321.453125 438.550110 216.519516 -674.488586
864 3898.713135 334.901184 62446.429688 143773.421875 173489.109375 19.050659 -382.409271 32.848766
139 15845.092773 219.384369 69095.851562 84209.414062 101369.445312 -231.780960 150.671890 -21.741037
358 7969.856445 237.584930 11231.297852 185686.406250 52578.550781 675.511780 155.652435 -171.450562
871 4316.165527 229.108643 86269.171875 192367.062500 52174.882812 -198.829269 381.696198 401.651337
429 7563.387695 272.740570 102834.554688 66862.976562 980.715515 192.354065 110.820641 -252.228592
161 15795.426758 216.633133 17105.140625 18384.095703 180066.890625 212.868057 74.380089 -247.234360
376 8327.061523 272.428284 63615.937500 185065.171875 21880.160156 -34.150185 0.711357 212.411530
579 6172.888184 217.145660 166579.515625 50253.707031 136912.734375 -347.690216 -58.412449 246.003296
674 5566.028809 266.954956 86491.945312 182374.515625 54031.558594 -314.052795 249.237778 343.956299
777 4826.761230 218.320740 120974.757812 174111.296875 178271.140625 50.413845 276.109894 45.081802
703 5255.783691 221.952637 37652.640625 135874.015625 169088.984375 261.141937 -40.364887 588.485718
635 5709.732422 267.574615 127408.968750 57386.144531 198249.671875 -420.874847 426.487396 149.111832
634 5631.390137 281.527100 69398.062500 173497.984375 67570.382812 -55.525734 143.880997 63.809395
254 10894.461914 233.968307 86915.132812 132856.156250 37061.812500 80.947281 -153.776352 -211.027237
307 9648.304688 232.210815 100027.593750 174265.406250 154487.937500 -275.599670 105.144989 -82.561493
610 5360.975098 224.191620 73646.617188 51603.585938 41482.546875 360.752441 226.374969 156.494705
741 3915.920166 253.667999 119242.460938 63458.179688 25802.529297 439.060944 -110.159241 101.182739
737 4070.615967 301.154968 129875.554688 159715.437500 51054.656250 -37.541321 -66.860939 -2.335220
280 8173.871094 233.781525 31569.166016 178092.390625 50823.089844 28.113834 4.489807 135.005066
400 5741.401855 276.856171 21302.779297 45944.859375 199216.890625 367.853394 274.975800 -404.117493
165 12597.436523 254.535477 52509.859375 176985.687500 28144.570312 82.703995 35.997860 384.591888
398 7426.736816 246.171875 53694.417969 71634.382812 91248.687500 -221.182877 12.944742 -24.922909
311 8645.340820 265.550140 174251.156250 157247.234375 170303.843750 43.837864 -277.382233 84.095818
239 11409.139648 240.820465 15454.713867 196590.078125 123368.648438 -218.662186 54.908707 188.318802
511 5688.049316 295.311340 170821.828125 117075.562500 135056.406250 23.643600 -8.599590 398.546417
683 2332.595215 248.906693 97793.421875 102354.242188 201840.703125 68.386932 66.244301 -96.838860
356 8425.968750 258.115082 195176.484375 65057.355469 190326.468750 44.100559 433.218506 -277.641022
227 12256.208984 220.142593 53692.332031 40373.667969 194247.156250 -145.714432 -16.361044 -103.791740
270 10496.881836 246.039719 69308.625000 53913.726562 79365.625000 -62.751442 74.690475 -130.738892
462 5748.916504 283.802246 11734.361328 8825.746094 109416.835938 280.065033 2.738537 347.746643
797 3211.611328 316.657867 44633.015625 58243.386719 78134.687500 205.389130 41.056030 -49.607403
311 8645.340820 248.264374 139364.218750 142343.500000 134294.515625 42.329239 232.723221 72.984474
578 6188.366211 252.591965 57275.832031 59280.390625 21935.060547 -17.629887 150.529419 -282.646332
479 6843.692383 289.189880 58682.574219 88606.734375 115024.906250 -288.879913 141.758377 276.195496
620 5968.146484 262.519012 132891.859375 73289.125000 147368.187500 -36.844566 -513.257263 206.688873
171 14605.467773 219.688354 163230.859375 160529.125000 26213.177734 -262.354767 23.318895 223.145294
283 9706.916016 245.998123 13042.846680 153488.703125 107089.171875 329.505066 -55.751915 -273.164276
704 5281.063477 235.498871 151231.093750 183310.390625 43814.089844 118.404556 -68.918312 243.473801
333 8219.450195 250.276505 176737.140625 95220.617188 8267.740234 -115.020760 63.880043 -601.493713
222 12200.528320 234.210785 121528.671875 120085.945312 181973.546875 -136.372711 212.018692 456.289490
251 10940.859375 241.067398 160170.312500 182817.828125 136220.828125 -174.874084 154.130173 119.628143
535 5828.223145 269.227081 108893.289062 184406.531250 77702.515625 -379.816284 98.587578 -136.241684
408 8045.590332 240.904877 199813.468750 87603.656250 74477.515625 -13.164705 -136.747345 231.555908
928 4144.970703 350.649506 198011.453125 90780.078125 193025.906250 209.390671 663.671631 -146.798676
348 8856.523438 249.438812 50977.742188 196073.296875 125.196724 -157.266708 57.304008 246.739410
597 6057.078613 287.848419 170964.015625 199345.953125 72660.007812 122.175568 -190.824722 11.531811
216 12323.141602 218.538452 195450.656250 183796.765625 21753.525391 149.709702 209.993408 44.391293
403 8297.320312 261.738403 176784.906250 166498.984375 123493.554688 -141.197571 107.313995 171.929825
739 5194.117676 265.609131 130823.703125 97031.109375 117119.656250 -154.780823 -520.411133 -159.621460
577 6068.365234 252.402084 75617.312500 152272.234375 9062.397461 349.593842 -53.122265 -142.769669
296 8838.031250 225.080719 17539.568359 36284.394531 174045.109375 363.562897 29.822737 -71.405029
285 10675.687500 239.863861 193851.781250 160491.906250 29549.345703 -23.743536 -22.219034 -120.606506
330 6766.682617 266.265320 90270.726562 107008.476562 192693.015625 -135.347427 70.755371 235.607605
589 6472.095703 254.219788 56116.402344 107617.093750 73523.203125 143.205383 -235.417603 21.648077
575 6408.268066 238.208817 185083.609375 15969.118164 173435.828125 24.491287 226.675995 -60.430588
272 10463.030273 253.829819 79815.742188 150597.171875 93888.875000 -429.450775 -122.005913 180.799515
628 4768.702637 279.507416 86976.242188 97210.851562 184041.609375 -162.298752 -56.851948 465.080444
872 4482.120605 336.541199 118181.398438 147615.500000 26656.546875 -24.325920 -167.256927 -94.568802
701 3245.376709 226.292297 40119.851562 56146.503906 111786.507812 85.650146 -22.522425 158.784683
959 4090.168701 318.457642 143764.937500 117472.414062 3017.008545 140.129791 -462.827972 -14.761949
335 4880.730957 219.557556 23467.564453 51078.058594 173069.921875 599.526978 116.020737 1.716899
497 6708.253906 263.015869 137535.734375 135833.750000 157746.359375 299.171234 -108.443504 136.421661
637 5343.030273 238.018005 164619.093750 77973.179688 192298.921875 -106.087875 431.551392 -8.717857
476 5364.786621 247.088654 20738.958984 66169.796875 95558.351562 221.945801 -17.946800 58.763557
669 5541.977051 260.897583 57787.488281 15697.038086 18201.718750 155.653595 169.126907 -155.788025
628 4768.702637 246.906464 46100.343750 58401.554688 68846.093750 456.610077 -202.951523 -191.400284
457 6366.426270 233.656784 133515.468750 71127.617188 98341.250000 81.005608 -139.745209 25.408295
503 4197.657715 265.723175 172844.890625 32326.455078 41966.886719 -248.006073 -176.669785 250.452713
686 5444.873535 211.828766 72172.445312 42238.031250 14258.940430 235.095779 -120.629341 273.820435
307 9648.304688 254.068146 152796.343750 33049.875000 5582.487793 66.513611 494.213013 -19.615965
288 9766.195312 255.815704 82747.007812 70958.859375 68741.453125 -39.990662 293.776123 -178.020477
611 5983.352051 232.112808 163774.546875 197216.828125 140464.625000 196.543060 -24.455805 19.031637
207 11583.463867 217.346375 79419.906250 91949.281250 1169.409302 -182.826965 -25.872971 -95.215187
522 6878.627441 215.498322 128278.429688 195414.171875 8710.395508 -34.646107 -148.967178 464.616058
229 12066.286133 244.481827 133972.500000 90841.523438 58524.957031 -269.607513 -327.930450 -57.362629
391 4328.469727 236.633698 128695.015625 39976.203125 188087.843750 -243.988998 408.189911 -159.840134
544 6409.618164 249.361877 164491.281250 27132.509766 180485.312500 73.585617 588.264587 -12.064257
543 6340.748047 224.591324 146218.312500 196393.687500 28881.505859 -214.119492 -22.997643 285.701813
416 7870.968262 276.638947 126552.093750 169897.296875 132793.890625 -217.968262 -207.938828 -28.737812
536 6772.769043 250.058121 99287.265625 107290.250000 3084.871338 -221.320923 96.207268 -72.564163
530 6247.827637 230.791885 199228.500000 22020.031250 98182.625000 -28.388079 -37.467773 280.222137
508 6649.813477 247.586548 129364.742188 139272.203125 51227.035156 -124.370232 325.886658 79.803108
383 8344.031250 230.342239 142416.250000 78438.953125 190070.750000 40.114796 134.844849 156.134201
550 5643.332031 241.196228 137195.578125 18924.355469 44487.808594 -158.439545 523.766479 -199.696014
569 6102.728027 213.538925 155026.078125 129126.625000 15052.107422 306.526276 -469.455139 -450.088867
508 6649.813477 250.895142 62309.621094 132975.578125 54349.390625 -259.113556 -213.285614 227.893295
281 10013.749023 227.670822 193913.968750 177967.343750 182032.656250 225.586578 44.678684 12.569951
432 7428.716309 240.670364 99980.843750 20619.429688 83305.367188 -140.297089 124.285194 87.164925
355 8843.321289 255.188614 137247.828125 60853.339844 57501.027344 -183.249832 -46.628670 -56.248543
516 5491.595703 246.319305 185894.843750 5174.349609 176068.375000 241.301331 94.504181 -203.414993
260 9529.744141 242.382584 93909.906250 43118.660156 126727.429688 -133.492950 136.841217 221.342789
658 5428.153809 214.201920 146682.703125 49849.644531 144710.406250 77.689011 -16.589485 462.906372
588 5959.508789 213.164963 146421.968750 37658.562500 171540.671875 259.773987 361.747650 -579.963623
528 6439.050781 232.885773 105472.554688 16507.800781 13860.898438 -264.912048 404.948456 130.388062
557 5921.399414 286.807007 45155.289062 31798.314453 193264.968750 -225.695816 -183.762177 36.723907
659 4842.479492 218.980774 133739.203125 62366.519531 90822.804688 -63.986629 -62.958572 -154.381866
474 6669.671387 271.167969 30723.656250 71933.039062 98795.765625 187.597183 118.370926 132.239288
601 6171.375000 226.199875 97384.640625 71852.414062 117977.625000 -112.945938 -106.511887 -111.922508
667 5286.876953 325.523560 80576.781250 132206.093750 160967.484375 16.127764 134.022934 207.625427
250 7451.833008 244.286697 85032.515625 21319.792969 8090.415527 -25.687830 415.781006 439.296478
597 6057.078613 220.539261 82255.187500 58733.968750 26234.935547 176.764359 280.092407 69.859390
379 7965.163086 261.888062 137302.171875 153553.468750 147982.421875 79.244247 -144.876221 54.426155
293 9827.103516 236.951904 103665.664062 186084.468750 75769.101562 -262.046631 184.733810 -372.793457
402 7909.137695 268.736877 40157.867188 77304.210938 177950.609375 -148.807999 67.404976 -305.107819
524 6710.997559 211.291229 53394.523438 118046.320312 102586.414062 -101.888268 46.322769 130.447922
428 7643.778809 218.840530 53299.082031 23440.349609 203696.687500 143.654083 162.068741 -140.150238
551 6290.082520 285.672699 134681.140625 185916.796875 138081.781250 233.728165 257.189423 -200.131165
426 7510.659668 274.886444 59632.527344 131023.890625 41965.296875 224.342346 105.754608 -60.330582
756 4982.445801 281.434784 14319.587891 77001.218750 147858.671875 526.874084 321.775452 -62.393150
451 7286.786133 262.332184 3002.963623 12638.837891 197234.937500 -18.628830 -254.543594 -94.631790
557 5921.399414 237.018356 171905.171875 172875.375000 54208.203125 -365.159607 -471.559479 66.690216
449 7135.489258 234.106552 3283.602051 190231.203125 113948.257812 356.760162 58.555828 86.896996
600 5958.906250 215.063980 154513.250000 97050.335938 73880.726562 -234.789322 54.914745 -180.789551
425 7725.268555 212.434265 30325.333984 57091.519531 133527.234375 529.555603 -215.152084 493.346558
547 5949.669434 240.910782 27979.042969 84314.257812 143495.484375 370.142578 -317.233215 563.781921
707 5269.936523 258.565643 103919.546875 146350.109375 115804.828125 -183.393402 -201.872803 216.533981
500 6840.547852 244.462204 198436.843750 192517.781250 138755.312500 177.268753 64.627243 149.785492
277 10439.304688 214.561401 68203.000000 110396.546875 7385.580078 261.017181 -372.189270 -123.950134
646 5426.446289 275.113922 75048.812500 152020.515625 124756.218750 -7.384214 -252.872269 -77.465828
332 8939.222656 233.402283 166532.375000 109246.148438 123227.640625 205.498993 73.200127 220.792145
644 5336.776367 215.072617 72906.835938 67745.546875 95253.531250 -25.771183 268.645782 -10.475703
220 12088.788086 219.034500 172210.968750 134998.281250 154868.359375 -50.261940 -448.819519 210.617050
407 6802.418945 272.406677 103602.242188 198032.250000 81771.648438 -348.233734 -66.256218 36.441391
616 5827.956055 318.067932 157632.546875 162901.343750 106193.070312 125.393913 162.216187 -4.801733
176 14285.034180 225.603088 43514.066406 36221.859375 102879.703125 45.051113 -52.350971 220.523666
600 5958.906250 260.814148 85170.890625 169531.984375 56420.054688 -273.669067 311.426941 216.960449
383 8344.031250 233.991745 31071.605469 28123.070312 101419.453125 184.627930 34.583981 219.275131
236 10054.932617 242.479111 85089.742188 142805.640625 22330.472656 116.988289 -404.626801 -45.676125
333 8219.450195 225.503616 74713.914062 190161.953125 126766.695312 358.709534 444.996979 -139.783646
343 9227.701172 248.984955 109271.703125 204717.796875 187540.062500 -174.170898 206.329269 14.782510
383 8344.031250 230.556778 24763.589844 180461.781250 92472.484375 516.173828 237.135162 -105.089752
486 6731.422363 266.549988 197774.765625 195869.781250 103048.507812 421.327942 -20.785553 183.491257
466 6971.201660 354.562592 59617.414062 199068.328125 88506.179688 -260.340942 190.470673 -281.547241
556 6247.747070 271.809723 163246.406250 23285.513672 183548.859375 73.393677 678.222412 -151.667480
429 7563.387695 264.578033 87068.929688 67084.835938 90313.070312 -66.639664 131.377747 129.251495
274 9910.577148 226.082764 103457.320312 65496.636719 8830.427734 49.595139 13.987582 13.846025
508 6649.813477 251.917297 136076.171875 6541.666504 198089.625000 -357.517822 153.539886 -145.026611
448 5022.373535 259.764862 137363.218750 101725.187500 72883.742188 -219.218124 10.922644 28.208439
505 4547.738281 241.894058 28465.771484 106688.507812 140514.546875 84.244392 -196.928833 -44.500584
300 9766.621094 227.708115 118812.835938 32692.724609 61820.296875 123.722481 321.668030 -104.521309
406 7534.848145 262.258087 52909.921875 146677.250000 83538.304688 -147.800171 -510.694061 15.717227
237 8619.608398 229.251923 88753.648438 52816.800781 178648.140625 182.937866 -207.063782 -90.739372
223 12376.771484 243.400406 141189.546875 128848.890625 75941.617188 -51.703686 63.450985 -417.361969
311 8645.340820 252.889023 76296.320312 132653.921875 91979.187500 -386.039429 -86.121651 52.691093
251 10940.859375 242.122787 34622.750000 12040.463867 128771.609375 82.086830 556.132935 281.240967
550 5643.332031 300.752502 60144.468750 22387.470703 58434.964844 307.427979 354.041107 -54.364693
192 12012.018555 243.659576 121607.203125 203451.328125 199557.562500 -56.726406 -101.620651 226.129700
471 7146.404297 251.552765 162436.078125 148535.125000 102630.742188 -132.642044 313.071991 -82.866852
389 7287.836914 225.227295 47295.992188 13209.392578 115936.304688 305.233490 138.350967 -25.766191
261 10351.873047 220.850113 148651.765625 81027.468750 146831.359375 168.114670 -549.782288 230.040833
418 5649.833984 238.140213 84090.265625 22694.650391 120731.476562 -101.964851 -19.051563 -60.510246
590 6182.719727 284.157959 204836.453125 93226.000000 183856.593750 338.053406 890.067993 104.728470
324 9065.349609 268.119507 117942.226562 55313.140625 127908.312500 -34.884472 -249.413940 37.193314
148 12837.516602 213.572723 187984.531250 32703.058594 42404.914062 287.349915 -223.214798 230.290497
469 7186.217773 243.345795 198113.546875 83478.257812 74227.398438 104.272583 -206.449753 150.716522
269 8405.892578 219.434479 194831.734375 17563.568359 91233.703125 -117.644424 43.121933 135.423523
245 11575.563477 240.383011 93260.523438 56500.875000 134380.484375 -230.634552 -372.040405 -319.557465
479 6843.692383 251.939270 203277.250000 63341.210938 192363.796875 -2.541453 562.913330 -357.652252
379 7965.163086 233.894836 64422.363281 3406.899414 112579.062500 55.700481 384.970428 -312.274933
237 8619.608398 241.226028 162774.437500 186590.968750 104732.515625 27.368921 -112.435081 14.979651
417 7194.353027 275.083099 119105.867188 111879.765625 138541.937500 -107.677765 -25.395168 122.329895
461 6752.443848 264.507202 3079.334229 154689.687500 97316.796875 239.537491 198.170349 39.559696
156 13956.147461 225.188354 184563.531250 11700.197266 169812.312500 92.759499 -104.616905 -253.023727
642 4005.589355 312.707672 169109.203125 42807.710938 134771.250000 -330.822052 -15.879850 357.998993
513 3071.056641 289.634125 20152.648438 103340.296875 191668.718750 -378.923584 -338.014465 -383.736420
292 8689.791992 255.007034 50678.585938 131980.890625 148991.781250 27.314337 -391.259033 -108.480545
176 14285.034180 225.335922 160890.765625 98990.179688 13959.382812 319.825195 -248.843903 -455.712891
276 10377.847656 239.517136 111789.367188 2538.585938 98886.070312 -254.690384 108.294601 246.731415
488 7084.848145 223.337830 130967.664062 141051.250000 156691.859375 -38.332157 -170.979248 21.616747
396 8257.011719 222.848938 107718.867188 29686.392578 90259.953125 -249.359665 176.394714 121.239807
476 5364.786621 231.302689 79929.953125 128253.890625 154178.015625 -260.571320 -70.104202 274.177338
309 9421.996094 248.865326 169937.203125 64093.500000 194759.187500 -61.589363 483.259003 -213.155960
457 6366.426270 268.021027 78735.296875 110260.656250 158883.546875 -617.662598 -93.726486 -54.686638
296 8838.031250 249.215469 102461.414062 169790.625000 60530.695312 -218.656021 95.691025 -2.502971
455 7064.075195 208.021973 98058.968750 138512.703125 158106.609375 -322.197937 246.169769 32.819092
321 7782.518555 265.844330 84159.117188 179837.750000 16820.578125 -34.812336 -69.833328 309.672180
244 11457.853516 213.517456 30681.007812 57836.253906 75256.523438 208.933426 36.150127 214.449661
402 7909.137695 266.156555 180063.062500 147673.765625 128968.031250 -177.965546 -80.210274 355.426147
239 11409.139648 234.597794 133284.500000 144652.234375 35955.742188 -115.657768 -117.332687 58.675308
179 14545.147461 219.119095 186288.031250 138691.671875 65483.976562 -3.216341 220.705658 -56.526581
311 8645.340820 277.009979 128878.539062 61688.238281 136976.781250 327.068848 -318.225739 -189.761978
450 7464.582520 225.950302 53307.312500 158359.484375 60152.851562 -146.612122 -115.822548 -132.197250
169 14524.415039 232.198944 107767.671875 36785.351562 172271.281250 113.860558 306.455719 -87.616211
387 8218.027344 258.362671 113073.171875 142797.734375 77378.937500 -178.617111 65.348579 -358.527863
509 5454.753906 218.383179 164292.328125 84020.468750 192652.218750 417.986633 250.454254 -56.288200
581 3665.502930 306.760681 193083.343750 132256.625000 136773.156250 139.990967 -133.810226 327.459045
146 14761.634766 239.304810 117399.828125 30691.234375 2996.429688 -388.311066 375.491241 47.863972
154 16345.841797 222.491089 194610.656250 3758.342041 162200.375000 -27.191422 -140.468933 45.122509
591 6001.959473 324.345642 170297.953125 53239.796875 127606.054688 -155.786057 -83.928665 168.951904
375 8447.435547 229.794235 80145.632812 86284.812500 81310.546875 -0.992526 -52.381699 -225.201584
381 6488.184570 235.593674 162976.828125 146992.437500 136414.531250 181.682327 -33.469154 29.666977
188 14571.689453 214.639999 191702.406250 44410.273438 103163.648438 78.591995 231.348114 60.568283
354 8577.608398 223.617508 72465.421875 30421.703125 203096.390625 -76.941292 142.993469 96.873474
221 11573.817383 220.153641 52294.601562 94239.156250 45962.109375 -57.426525 140.288635 -297.598328
405 7704.325684 263.246094 113606.812500 51907.425781 166473.781250 80.537567 -147.379227 144.729614
286 10394.921875 248.784775 145553.296875 79654.828125 63245.812500 -434.207306 131.535995 -227.141312
272 10463.030273 249.199402 98023.820312 13516.756836 131113.171875 -245.008881 549.117493 -344.250336
346 4257.148926 268.106995 99014.210938 130750.343750 144099.437500 -220.313782 146.806015 -148.447159
547 5949.669434 297.651520 136547.234375 154270.296875 69725.343750 57.460876 -49.715595 -140.723007
346 4257.148926 251.382401 130665.234375 190592.796875 169053.421875 -40.003647 -74.135719 -186.009964
392 6005.561035 256.934692 137556.421875 199644.906250 22490.656250 -218.146683 -30.068497 155.557770
366 5175.085938 263.245331 89992.101562 39654.058594 34173.984375 -4.611179 240.209946 101.228722
345 9434.845703 256.045624 37889.597656 78196.195312 56127.972656 451.246124 61.811447 -19.546484
135 16303.183594 231.016281 127042.460938 155794.406250 106889.546875 -12.366914 94.895157 92.784973
390 7475.455566 234.005005 122401.023438 154483.578125 61966.390625 -154.891098 -264.873901 -75.404121
251 10940.859375 283.845245 118693.945312 60918.250000 168552.531250 204.202988 18.138609 202.168900
317 9668.053711 228.850143 80124.382812 91413.101562 190602.890625 113.250671 -279.681793 -18.935284
228 10549.263672 200.350189 19190.810547 19151.601562 81911.046875 368.122986 -21.881392 122.393372
241 11927.063477 235.327179 40633.406250 103053.093750 136046.250000 139.880371 -35.631813 51.384693
605 6038.038574 300.096191 76742.445312 143383.906250 137050.500000 -260.335419 112.210648 51.331787
354 8577.608398 254.356522 130508.734375 99161.484375 5370.752441 -68.433105 -304.436371 79.539268
165 12597.436523 228.108215 181117.906250 45792.167969 173652.984375 -530.557068 201.884689 -196.354248
362 8343.186523 271.727844 185676.984375 19378.953125 62404.878906 69.759956 8.527401 -72.812386
297 9016.593750 255.548859 56694.253906 109423.578125 42258.425781 290.280518 -237.560913 -56.227772
137 16954.433594 248.207764 78016.890625 154055.625000 184501.750000 -84.423141 -367.769379 246.128082
266 10572.549805 221.380432 46811.140625 160417.281250 191388.296875 59.250755 -302.528442 170.147507
485 6275.693848 258.278198 23115.654297 189384.421875 161747.062500 1.257486 338.384735 156.192871
449 7135.489258 223.225189 140606.906250 50099.785156 62341.765625 -246.142990 -410.518066 118.020332
385 7423.433105 252.063782 182222.718750 39771.609375 133098.921875 -166.908661 144.025864 297.656036
253 11608.375977 250.439957 197225.750000 101358.140625 188030.203125 276.791443 460.078125 170.280426
514 3335.425537 311.020630 24105.626953 93076.164062 65424.730469 315.039581 -279.622345 224.786026
326 9344.763672 218.238663 86623.398438 46385.859375 172340.406250 -116.350533 27.600012 -392.250244
406 7534.848145 250.850723 203588.062500 172322.203125 126672.210938 2.087571 29.370440 5.331625
175 14111.906250 223.159012 110885.703125 57218.941406 72514.164062 132.940842 43.493813 -83.329597
458 6751.948242 255.959473 177304.015625 90102.203125 23158.658203 -227.917496 50.295353 -573.653198
304 7057.984375 225.986908 186314.484375 2179.671875 159238.734375 364.880585 -33.561462 216.724045
334 9340.079102 276.544586 3922.083984 177294.250000 166750.296875 64.043694 97.811089 22.944298
265 10148.912109 226.249588 49869.652344 30874.488281 155473.187500 -14.930288 706.880310 -44.177032
370 8690.408203 246.893860 115819.007812 150557.234375 132596.640625 -55.992836 64.791595 154.138062
290 9221.625977 242.437286 44924.792969 200337.703125 111976.953125 114.835068 96.770454 -414.660309
322 5521.457031 216.690430 117851.398438 4390.250000 110321.960938 -193.816620 203.408905 144.893707
471 7146.404297 274.087738 117043.093750 124894.640625 121066.492188 -263.561615 -49.694206 34.209297
489 6085.432617 274.069275 124476.867188 109678.140625 153940.234375 76.666100 -50.392044 50.825016
459 7088.086914 261.799774 105175.953125 38039.785156 102076.437500 50.872684 31.301321 336.918732
254 10894.461914 246.346161 42982.804688 71978.726562 90386.406250 172.088852 71.223450 108.389870
301 7030.653320 242.800323 181022.812500 133873.046875 47836.617188 -534.268555 6.231553 74.373230
507 6739.601562 296.897797 114293.375000 144597.531250 9770.047852 -380.629791 -166.729736 -20.784725
317 9668.053711 237.539536 107449.554688 195551.890625 162729.890625 -157.124756 100.141136 -419.579254
313 9724.627930 235.065063 106322.812500 74042.398438 195896.031250 156.343277 -231.069504 -3.459355
302 10005.167969 230.254807 113749.281250 5262.817871 22473.367188 -718.118530 -4.243527 302.975677
360 8711.431641 257.920166 32878.843750 135661.234375 99136.531250 373.397156 104.423332 -53.715897
376 8327.061523 232.456711 118409.843750 37533.000000 178252.781250 -135.436829 356.765350 -326.675232
192 12012.018555 213.982834 150542.515625 80813.351562 5448.613770 -25.988386 394.493958 -108.628067
390 7475.455566 218.383713 116786.632812 63757.300781 177420.203125 110.063171 83.971390 364.661346
272 10463.030273 234.399017 129461.445312 61309.257812 123308.054688 -71.650070 -392.330231 258.097382
209 11848.763672 203.752701 129066.859375 36018.609375 76706.953125 -84.748421 213.915802 -121.620003
390 7475.455566 273.960846 99616.101562 95224.164062 203290.765625 -165.333878 135.610443 -72.525719
500 6840.547852 260.927795 130943.625000 191230.468750 75701.289062 -1.815722 -219.119049 -244.919556
530 6247.827637 298.505096 108838.093750 45397.687500 198750.046875 -137.804077 389.208435 -145.171509
160 14474.739258 222.819962 19927.363281 102318.812500 152407.390625 383.195282 -517.853210 -70.960030
175 14111.906250 212.641495 38242.085938 86979.414062 124313.195312 -3.629858 54.995049 302.532776
194 12957.930664 221.612198 197247.687500 97007.171875 104369.265625 234.731461 -38.379555 229.600296
171 14605.467773 267.553680 202284.234375 150342.906250 113715.039062 142.298859 102.013390 73.552094
334 9340.079102 217.221207 108249.609375 99007.046875 16264.214844 -76.520088 -262.879059 -175.963303
290 9221.625977 230.213867 151035.296875 192529.921875 182429.562500 -36.396687 51.081253 -134.173019
279 10502.746094 250.900528 114254.890625 159036.718750 147017.046875 -190.984497 -188.717529 -193.289825
158 15627.751953 206.463181 2758.095215 200127.328125 204866.437500 215.381134 397.492676 -418.578522
268 10585.156250 228.549255 28183.425781 182368.640625 73303.765625 560.357971 101.558243 -170.793533
442 7256.378418 275.448700 11280.007812 16956.380859 32583.005859 -128.534439 -412.094391 118.495613
264 6808.494629 255.381317 142041.828125 11953.753906 65987.132812 -5.737517 311.436249 -36.663082
398 7426.736816 271.233856 15597.991211 184884.875000 191814.484375 -64.645729 210.848999 -21.419661
368 8570.571289 266.638092 98136.914062 111229.578125 83185.367188 -337.067047 -347.896332 85.293533
205 9417.473633 227.888107 59239.300781 148945.453125 58733.605469 -459.980499 -32.471603 10.143816
435 7264.870117 238.261215 72519.281250 53082.562500 55764.164062 -22.616465 -42.328304 -387.440155
266 10572.549805 242.180908 76470.648438 135921.015625 81653.484375 -377.019348 -279.300537 334.292023
441 7355.984863 226.240189 132566.218750 182719.828125 172557.437500 4.680372 -81.030952 -106.910583
215 12611.185547 225.844406 93279.882812 102412.593750 26821.621094 -116.065750 -235.212723 54.285168
227 12256.208984 218.003510 136058.812500 60166.128906 10802.174805 -367.150604 16.216673 -3.097935
354 8577.608398 253.822464 191976.437500 139334.218750 102978.234375 143.864334 218.383102 72.409035
231 11849.916016 243.025162 99805.375000 150442.906250 6857.582520 -329.021759 -368.539154 31.650414
226 11043.142578 215.805115 76763.820312 133086.484375 99106.718750 -342.418671 73.702049 -55.080280
303 9431.430664 260.036957 43489.050781 43004.167969 75553.984375 247.832581 280.940887 -118.410797
280 8173.871094 233.872803 164703.609375 175386.515625 175726.421875 128.229492 -213.452576 -292.212341
234 12342.517578 251.746780 151245.843750 174271.546875 79643.164062 -237.694046 130.249649 -168.034454
367 8655.881836 260.393555 48907.535156 132951.437500 66381.476562 414.322815 209.367126 174.862854
248 10584.433594 223.918289 152100.671875 40299.449219 51774.632812 -220.144196 45.649536 -182.064499
195 13504.176758 215.306961 118616.921875 151050.968750 136228.562500 -243.056976 -140.240753 -44.987259
410 6344.684570 276.659790 87284.070312 153786.421875 137571.562500 -201.569382 -253.910645 91.557091
390 7475.455566 290.026978 45399.964844 176429.718750 99320.250000 318.462463 292.354218 -185.793961
129 12469.235352 213.287277 47906.093750 53038.851562 67222.453125 289.360687 250.961685 -371.190002
237 8619.608398 226.750427 114379.546875 135938.656250 73814.085938 -210.464844 222.735092 61.102539
243 11569.396484 235.680130 192969.968750 68812.039062 73356.679688 80.347946 -200.039307 -21.564379
349 8769.922852 221.304138 78512.898438 110129.125000 45805.332031 -216.946838 -162.151703 165.350525
251 10940.859375 225.304382 41610.078125 180102.250000 106090.343750 334.820343 223.247070 -458.414429
234 12342.517578 231.958633 126546.421875 89739.984375 43477.960938 -440.943207 -27.400883 -25.708632
462 5748.916504 267.959076 204839.671875 175968.328125 176457.140625 -10.686191 -84.094139 131.459671
291 9411.965820 219.639618 81803.820312 155085.812500 14697.784180 -81.309235 -207.955002 -380.709534
264 6808.494629 241.133499 61932.062500 12038.264648 129481.609375 81.699623 499.110046 -206.314545
172 13131.493164 207.422943 168939.593750 21397.187500 138872.531250 5.390955 266.218811 160.988907
354 8577.608398 254.889252 200590.437500 16012.548828 109996.390625 34.909359 -23.968588 211.172226
236 10054.932617 216.148499 81039.085938 95316.343750 38363.367188 52.618771 -355.380920 92.935287
387 8218.027344 247.959793 62393.222656 107002.929688 67966.140625 294.900604 20.091591 -42.143036
285 10675.687500 233.717194 147008.734375 40681.976562 160861.703125 182.466385 309.798523 -314.617615
449 7135.489258 300.452148 83128.765625 108214.554688 118449.187500 -205.617569 -99.603531 -83.954285
183 14129.897461 217.020065 155333.671875 131683.718750 146870.812500 -72.157028 -194.214493 581.366821
250 7451.833008 207.297058 23739.810547 203306.671875 177092.171875 -106.409424 539.425049 -22.678762
292 8689.791992 221.961807 150771.953125 50737.371094 5619.676270 -366.035797 373.925323 -58.761448
404 7346.772461 244.007645 5459.739258 92660.976562 156186.203125 297.323181 73.455338 178.238220
359 4473.478516 250.970718 110713.460938 103728.203125 81493.492188 -149.585236 -375.743500 194.433792
285 10675.687500 252.925415 35051.312500 91779.914062 78837.070312 325.101685 -114.628098 726.879028
242 11638.901367 284.733276 191348.109375 32978.441406 163993.093750 -354.065857 107.668472 82.018089
232 11708.191406 251.865082 53431.265625 19494.406250 138317.703125 -47.007442 402.906281 30.225897
217 12582.454102 272.305542 78909.906250 89589.632812 12967.793945 -216.092575 47.356880 -177.222626
190 9596.677734 217.547089 63032.218750 79588.820312 154969.468750 -483.550476 12.995729 -91.942749
450 7464.582520 277.846252 176573.500000 86371.789062 178191.859375 12.060863 200.941040 118.294876
196 12689.847656 219.228149 126219.093750 39928.441406 100275.093750 47.326855 213.051071 209.158615
203 13041.671875 211.552383 130294.960938 201801.765625 115644.570312 -125.023743 182.569962 62.201393
278 10112.082031 245.945465 136352.593750 199689.062500 145787.890625 131.202713 159.424179 -376.424774
222 12200.528320 234.295593 156090.312500 188015.078125 139575.515625 -26.347565 246.741974 228.677139
287 8880.650391 248.317978 177753.171875 169096.828125 103420.250000 -200.109802 359.998444 153.623596
262 10702.784180 234.738480 140703.921875 36214.343750 192004.078125 -11.780263 387.830170 -118.895538
414 8190.432617 292.106171 195697.562500 150662.515625 76479.085938 112.967064 87.260170 184.397202
270 10496.881836 251.947388 126287.929688 107907.929688 37967.777344 -58.496304 -327.471252 -148.908173
250 7451.833008 236.035309 23036.898438 116054.921875 12819.829102 -59.135166 -276.103333 -224.833649
407 6802.418945 242.610565 35847.230469 11508.259766 29340.943359 294.361572 -165.765671 33.892857
221 11573.817383 219.039047 197995.015625 114060.320312 181414.218750 -326.386749 -493.999481 429.549438
401 7962.765137 269.179047 133493.906250 194333.937500 2579.638184 -127.395538 -72.181908 287.252625
242 11638.901367 207.283020 68480.296875 45473.777344 156802.812500 60.863850 -511.755157 236.090576
237 8619.608398 245.247070 38274.050781 122539.421875 16535.148438 -3.914455 -209.025681 -215.576813
259 10900.167969 244.230377 182904.500000 220.891006 76210.093750 -73.707138 -71.265221 -30.213924
345 9434.845703 260.161743 40341.105469 42863.027344 126320.601562 -117.182655 172.499146 562.667603
366 5175.085938 265.745392 62327.343750 152932.703125 158694.859375 186.193268 -85.573074 15.558316
279 10502.746094 238.515884 191070.140625 188286.609375 38267.835938 -1.514227 74.727058 252.306122
270 10496.881836 258.528442 145613.296875 157564.250000 130325.929688 61.017605 -116.469551 2.586287
426 7510.659668 290.824707 73685.953125 26954.742188 185550.031250 -300.774231 206.456924 -159.460220
330 6766.682617 262.919983 3306.756348 115972.210938 196997.250000 -236.301575 -881.217712 -640.079224
441 7355.984863 286.026703 135185.281250 154840.468750 87734.203125 52.527843 -81.467117 -98.703857
249 10345.897461 223.582657 106893.789062 55428.070312 123953.164062 -258.952057 -257.244110 0.313034
399 7805.272949 267.514404 127821.585938 63025.562500 164844.140625 145.620758 -152.285828 -52.659000
212 8303.086914 220.270096 170344.468750 159325.312500 43784.652344 -107.856056 118.137466 248.944504
151 15780.871094 218.266830 203714.500000 49989.914062 59546.214844 -191.386734 -44.991547 224.042450
320 9133.753906 231.133514 90573.437500 11228.752930 40538.386719 216.066635 28.605024 68.898628
457 6366.426270 272.125000 20957.585938 68982.085938 112318.820312 140.593887 83.518456 324.907257
239 11409.139648 223.330704 179693.218750 164709.187500 141488.015625 49.546741 52.058029 -13.056023
411 7786.094727 249.507584 149992.281250 204669.968750 32267.064453 -194.995804 13.390922 228.229904
181 11970.360352 240.094055 178502.968750 96642.054688 186323.234375 -83.999908 53.899254 240.863449
287 8880.650391 219.688049 31459.673828 202658.500000 188809.359375 -264.144470 557.034119 -20.077660
268 10585.156250 239.842560 124954.906250 96201.289062 26458.308594 69.708511 -443.775299 -119.415184
209 11848.763672 222.984299 153130.890625 124134.054688 94442.062500 -199.494873 59.753166 -67.618507
277 10439.304688 248.595123 181953.375000 101633.179688 17449.748047 -32.790344 132.306000 -641.100037
313 9724.627930 250.261093 23472.193359 183663.281250 68725.718750 402.587616 -148.430710 -104.827240
169 14524.415039 220.357056 119329.187500 64222.468750 62284.058594 -15.528578 186.546448 -174.572021
218 12671.780273 213.465851 71870.984375 41527.613281 101164.640625 96.473900 -19.871763 369.485840
284 10076.441406 244.094345 187040.078125 57270.000000 90553.937500 -24.533600 -115.420746 360.679108
316 8184.251465 253.013229 167096.156250 107061.070312 35540.113281 -341.008453 -27.673117 -520.784729
234 12342.517578 237.219696 95586.671875 9621.465820 17406.115234 -23.915680 356.025360 255.509827
253 11608.375977 230.721634 53407.414062 129743.617188 98494.257812 314.711487 -156.089661 32.666744
297 9016.593750 258.594147 157885.843750 159001.453125 177854.187500 35.504597 -223.315109 -116.226784
212 8303.086914 246.996063 202463.187500 121052.375000 70261.273438 191.616440 -193.158386 67.610497
318 5396.922852 251.111145 186409.140625 159294.578125 33899.375000 -170.392380 -44.953743 169.981491
238 6914.577637 236.937225 1800.610596 139484.375000 94171.632812 320.386536 379.912292 -93.638374
156 13956.147461 226.372910 28369.546875 37768.453125 158929.265625 649.570251 267.202942 -373.114929
283 9706.916016 274.117401 109362.453125 197268.328125 163784.531250 -257.518677 109.889725 -280.445404
130 16622.195312 232.009476 65725.242188 90265.218750 179961.046875 -129.848083 -3.027427 98.129730
178 9446.732422 220.795227 188336.125000 29299.894531 194717.078125 -84.395332 77.955406 -214.149841
147 15974.292969 207.871719 157466.953125 40996.785156 192105.171875 15.703805 187.779617 -387.402863
266 10572.549805 249.152145 98412.226562 148953.406250 163807.531250 -299.425232 -214.956772 -228.571823
186 13862.315430 227.949570 156.401382 17255.833984 135870.343750 180.254120 -205.373077 85.026176
383 8344.031250 258.643524 149505.906250 86887.828125 138901.156250 28.054348 -404.699249 313.862274
162 14472.934570 208.429718 52498.316406 174529.437500 71392.140625 -46.352573 386.933167 -94.249802
373 7996.542480 272.468536 68063.687500 77222.718750 59186.929688 80.502373 135.452988 -181.829651
187 12776.015625 242.010895 142439.359375 32769.769531 37050.031250 -867.127319 526.233337 114.896446
231 11849.916016 256.090210 42014.355469 10116.146484 77345.726562 254.686783 -338.768890 210.307556
271 9927.208008 226.081055 23587.634766 126905.539062 38295.585938 340.692230 -426.696320 8.612470
172 13131.493164 234.121063 72122.640625 199962.796875 56771.542969 -72.365555 -131.392441 465.432037
275 9400.994141 266.387543 196942.453125 195938.031250 136719.718750 137.894745 197.558380 245.650330
159 16032.231445 226.202576 1734.663330 90806.335938 122814.148438 311.130737 -5.746344 169.448364
281 10013.749023 259.159180 149037.843750 108916.445312 57194.003906 -11.982714 -239.719803 -94.232101
298 9672.193359 259.712189 82132.804688 186363.968750 164166.093750 -45.227772 23.082050 -494.247070
265 10148.912109 219.315887 174347.515625 100325.351562 91855.453125 97.005135 -226.138672 -31.387806
253 11608.375977 216.116455 45369.835938 35314.554688 169342.875000 567.518127 399.932007 -376.753265
269 8405.892578 234.745697 71845.710938 186893.718750 163319.250000 145.849854 76.198555 -229.816910
384 6748.922363 260.673828 181283.796875 191472.468750 81662.890625 135.016708 -21.565985 299.384094
324 9065.349609 251.031219 125670.625000 66321.664062 199595.046875 -570.119446 567.297852 49.359833
261 10351.873047 243.571579 90302.140625 196102.359375 55858.664062 -623.651733 12.333009 32.053982
260 9529.744141 240.276443 16915.457031 116185.828125 111687.453125 385.771118 -145.218079 376.920502
299 9960.449219 263.660706 3171.251221 148532.390625 114073.257812 72.924362 144.700348 -141.084137
375 8447.435547 262.053131 101447.382812 28115.644531 190065.031250 42.334698 322.243103 -6.360966
360 8711.431641 238.639999 138560.500000 61512.574219 202092.109375 -331.862915 288.623657 253.899246
312 9566.552734 269.115082 75834.421875 94088.937500 63107.265625 110.115837 -106.440216 -155.471954
362 8343.186523 255.840759 31969.822266 144496.593750 176694.625000 -5.513310 -314.463409 -127.809456
336 9045.022461 242.614014 3889.651123 163960.000000 23618.488281 5.374611 194.791641 -161.267334
268 10585.156250 241.354874 76020.250000 78370.757812 101930.875000 -123.868851 122.401604 121.338371
324 9065.349609 257.098236 172022.437500 23853.330078 105914.898438 -138.806976 195.290787 -34.017250
284 10076.441406 239.065933 40695.230469 164108.140625 151732.046875 50.874493 -135.368820 148.644928
227 12256.208984 251.588852 184869.078125 147987.437500 140759.656250 60.146671 -70.362877 -40.920494
210 11660.273438 217.070251 135182.625000 186026.250000 117293.031250 103.119110 88.453102 306.809601
332 8939.222656 269.672791 192130.781250 75251.640625 155096.484375 112.738983 205.512360 202.806198
296 8838.031250 238.012680 139003.234375 45242.613281 135233.453125 64.704269 -141.039612 241.276779
306 9539.298828 243.707718 10482.448242 201679.796875 60217.328125 280.381500 -233.035706 -282.385803
217 12582.454102 230.628922 11827.725586 127904.562500 166320.390625 -23.328333 -330.072662 197.112869
289 8708.352539 240.439621 32811.199219 173661.578125 159839.796875 -119.378242 -27.932329 -83.323814
303 9431.430664 250.655777 173791.609375 22715.412109 162298.812500 -111.009560 530.803650 -584.641968
144 16152.968750 206.926559 107641.656250 203790.203125 132228.187500 -441.289978 162.249893 147.239136
298 9672.193359 265.862793 160642.781250 96329.585938 56751.597656 -553.031494 145.296112 -390.410553
211 11971.769531 233.008545 69136.640625 80588.945312 199273.125000 41.472267 253.037552 -91.437561
331 6637.733887 247.450562 65010.039062 27917.437500 196351.140625 -243.686005 204.923386 -59.267223
246 5552.100586 235.274353 20957.236328 53381.250000 99801.343750 192.767822 -95.903809 256.424194
228 10549.263672 236.307144 114043.140625 175043.812500 142203.578125 -239.129395 28.212877 13.405059
208 6991.873535 242.403488 79461.679688 93151.984375 170333.468750 -302.632172 -31.284813 112.242462
203 13041.671875 229.571350 204302.765625 38067.503906 36797.875000 -134.436539 -17.785299 429.353638
263 10065.574219 224.045532 157077.671875 160349.921875 63820.726562 114.224571 352.799255 -99.516884
229 12066.286133 243.234314 14321.496094 82444.859375 146685.750000 783.192200 249.464981 73.722626
156 13956.147461 208.197067 135467.125000 100048.750000 98101.968750 -265.236053 -290.734924 -170.963333
338 7599.956055 263.174103 22408.261719 138595.000000 179303.015625 46.379631 -417.679413 -0.290723
198 13056.824219 222.207809 179160.031250 26718.582031 92443.937500 -84.757286 246.987823 73.313591
249 10345.897461 241.532928 167747.921875 181881.109375 134693.234375 149.013290 105.226776 119.574646
276 10377.847656 233.070679 7934.478027 118090.718750 199361.781250 -349.683624 -908.559692 -752.901672
230 12381.818359 259.152405 1726.687012 118545.570312 188866.812500 -225.932999 -894.000793 419.869598
223 12376.771484 223.221893 119092.695312 67820.406250 68357.882812 -82.494034 95.437019 -389.191223
210 11660.273438 313.833252 1935.341431 39865.128906 60332.960938 -244.022079 77.966064 124.090790
324 9065.349609 247.208893 25451.783203 201604.500000 157825.203125 -265.392181 171.026764 2.849066
226 11043.142578 223.605225 2108.664551 189432.531250 35307.347656 349.274963 -8.970963 180.613098
229 12066.286133 250.695892 106477.562500 48251.097656 120411.734375 -173.053101 -155.404007 496.573486
307 9648.304688 257.767303 172209.671875 58928.617188 28755.525391 -346.154938 156.837891 85.339165
183 14129.897461 233.025955 10445.673828 131716.125000 139974.500000 40.357990 -118.927811 174.827744
273 8841.880859 245.016800 87176.531250 192742.593750 153808.828125 22.210430 136.830887 -394.406708
293 9827.103516 258.168121 140239.062500 72007.875000 169707.843750 189.910614 -203.421249 93.753883
221 11573.817383 239.986649 133553.531250 778.082764 166207.640625 -108.955177 195.390121 -273.985626
253 11608.375977 237.083511 174797.218750 47132.171875 174346.500000 -128.973267 192.078705 -410.870728
221 11573.817383 238.055176 66324.757812 13876.955078 27527.781250 246.837982 150.190186 -82.217209
203 13041.671875 215.300766 144162.328125 139552.796875 73939.921875 -307.252533 -213.757843 -281.901581
177 8885.153320 221.098846 80598.273438 141986.875000 96804.367188 -573.791565 -0.628566 195.462006
254 10894.461914 246.888199 145670.656250 162122.812500 78774.304688 78.363266 217.197784 -271.564240
277 10439.304688 245.955444 5250.991211 173471.281250 54667.164062 292.825226 320.717285 -56.164032
244 11457.853516 234.853134 162020.453125 33567.730469 37837.503906 -305.563477 106.173859 345.897522
225 11946.041016 242.962189 67309.007812 201066.125000 54613.011719 90.179352 -194.328979 398.446899
254 10894.461914 235.530792 70982.578125 60793.203125 136494.421875 -359.155945 -287.049774 51.885059
300 9766.621094 250.923599 2730.946533 135745.468750 91746.390625 238.075745 281.517853 92.803085
141 12683.543945 232.438080 82345.773438 40141.457031 10638.774414 -89.021957 -224.809021 424.944275
155 15111.894531 210.173645 100903.609375 114916.351562 137750.296875 -419.271545 -67.045975 -30.483736
219 9611.774414 233.480789 57373.441406 164222.781250 152222.250000 97.121155 -133.720901 30.710323
209 11848.763672 242.914169 116164.335938 74268.773438 162151.515625 190.157257 -234.869019 197.322403
159 16032.231445 300.574738 116421.781250 115939.023438 197675.296875 -251.755203 -2.668754 129.273666
206 12217.409180 238.656189 146639.703125 87191.320312 177470.578125 465.304749 -148.097748 138.903519
211 11971.769531 212.549957 105568.265625 199230.640625 88784.437500 -285.653229 -165.543533 27.340546
223 12376.771484 225.623108 129657.210938 163524.984375 203143.140625 -3.651149 -231.615280 -20.749998
178 9446.732422 207.109879 42696.046875 8355.093750 39210.914062 307.046997 62.387367 123.768318
179 14545.147461 230.365677 13647.385742 188273.328125 38616.847656 101.099358 -4.325622 217.420273
197 12687.965820 232.435654 62274.917969 36696.777344 28213.136719 360.769440 211.081223 -121.246346
191 13753.253906 238.968552 136628.937500 94335.609375 29290.468750 -45.006771 -276.607727 -368.625763
191 13753.253906 215.900009 56226.503906 108290.546875 176110.796875 -409.797150 -159.740845 -82.053101
238 6914.577637 225.374680 83958.414062 99180.507812 155328.046875 -394.305542 168.923462 -85.154770
220 12088.788086 220.176895 65465.492188 63926.242188 31450.134766 181.011169 -45.893982 234.003326
205 9417.473633 223.528549 148459.875000 101458.328125 15433.429688 -118.276962 -447.950256 -251.795868
171 14605.467773 217.289215 112079.187500 160725.234375 135170.187500 -15.991476 -91.122238 136.901184
183 14129.897461 217.313553 68803.539062 102263.125000 87262.476562 18.175455 -25.725510 4.837625
179 14545.147461 238.574615 131147.875000 15779.855469 95285.406250 128.979752 273.690277 161.635422
191 13753.253906 230.759720 188831.859375 132504.640625 191578.765625 -19.756556 -226.689804 -288.175751
160 14474.739258 222.709213 85035.773438 168068.234375 128651.984375 -58.977448 -102.493355 -46.652081
247 11726.961914 249.376221 34575.953125 69608.507812 120467.023438 174.533905 -16.200151 353.511108
192 12012.018555 242.221878 143266.859375 193153.453125 136816.875000 17.777201 34.027462 214.157593
147 15974.292969 222.683517 123883.890625 40241.273438 27993.871094 170.756683 219.290939 220.854248
149 15028.979492 232.347107 60423.714844 186320.656250 108980.734375 -94.117249 188.533310 -520.626404
132 16982.466797 216.250015 193448.359375 176902.390625 198976.906250 119.051552 -58.277817 -225.969208
135 16303.183594 203.839172 61224.117188 37521.074219 36284.304688 393.278625 9.361592 77.515068
201 13043.428711 225.461731 178748.078125 170736.046875 144641.562500 0.580823 42.302444 1.655911
161 15795.426758 233.202454 132347.296875 126509.203125 6929.028809 -123.342194 -309.354279 33.374897
213 12516.128906 210.191040 187489.437500 22074.957031 35479.492188 52.255840 84.952438 189.504410
198 13056.824219 214.114792 101570.578125 102181.148438 152599.687500 -211.736542 -70.310913 -61.304684
186 13862.315430 242.179138 48523.500000 177948.406250 59854.289062 186.717712 267.417114 274.525879
156 13956.147461 210.091690 17824.080078 156424.109375 110642.367188 149.031799 -11.888717 -159.882263
