0.0002179262849522162 317.0576642823767
0.0011029738503704003 313.91996281820764
0.001988021415788584 307.95798092567816
0.002873068981206769 300.3648740401362
0.0037581165466249525 291.9009814705843
0.004643164112043137 283.0235244090787
0.0055282116774613204 274.26647477153114
0.006413259242879505 265.7643578368685
0.007298306808297688 257.9022906718881
0.008183354373715873 250.31327883067013
0.009068401939134057 243.34879367718213
0.009953449504552243 236.728488710726
0.010838497069970426 230.69673537228712
0.011723544635388609 224.665328073371
0.012608592200806795 219.0531087542827
0.013493639766224978 213.43510104881116
0.01437868733164316 208.0418308084059
0.015263734897061348 202.90888967113395
0.01614878246247953 197.5700539513952
0.01703383002789771 192.57222673801317
0.017918877593315896 187.71531363701988
0.01880392515873408 182.77807025390914
0.019688972724152265 178.3622658766535
0.02057402028957045 173.9611814903206
0.02145906785498863 169.61036445961597
0.022344115420406818 165.86470491938007
0.023229162985824996 162.18314139870358
0.02411421055124319 158.55959722289057
0.024999258116661368 155.23081949169858
0.025884305682079556 152.1687853728441
0.026769353247497737 148.83770023749656
0.02765440081291592 145.98811076979018
0.02853944837833411 142.83002107859193
0.02942449594375229 139.881153566558
0.030309543509170478 137.1552448603526
0.031194591074588662 134.11497173377865
0.03207963864000685 131.3267683316242
0.03296468620542503 128.53325102486593
0.033849733770843216 126.03061799749452
0.0347347813362614 123.27970521028784
0.03561982890167958 120.84224631355384
0.03650487646709776 118.4472359008889
0.037389924032515946 116.35421951965279
0.03827497159793413 114.03514703096177
0.039160019163352315 111.99762253799075
0.0400450667287705 109.97299043120692
0.040930114294188684 107.95122946334864
0.04181516185960687 105.92305847845653
0.04270020942502506 103.88145664883669
0.04358525699044324 102.08120938909164
