1.272851867675781250e+02
8.421161499023437500e+02
2.714596557617187500e+02
4.592341003417968750e+02
3.282373962402343750e+02
2.063876037597656250e+02
6.881015625000000000e+02
5.289984130859375000e+02
3.386026306152343750e+02
5.461284790039062500e+02
3.631431884765625000e+02
4.809706726074218750e+02
1.427390747070312500e+03
1.996118927001953125e+02
6.699154052734375000e+02
3.346836853027343750e+02
3.083158569335937500e+02
8.809314575195312500e+02
3.980588684082031250e+02
8.731229858398437500e+02
6.430670776367187500e+02
6.048114013671875000e+02
1.561860046386718750e+02
6.120265502929687500e+02
1.168047729492187500e+03
5.700927734375000000e+02
4.716105651855468750e+02
1.126200195312500000e+03
3.870313720703125000e+02
6.279222412109375000e+02
6.296083374023437500e+02
4.442440795898437500e+02
2.760482482910156250e+02
6.737213134765625000e+02
5.742291870117187500e+02
5.414691772460937500e+02
4.836673889160156250e+02
5.844684448242187500e+02
3.701553649902343750e+02
5.249390869140625000e+02
1.988201751708984375e+02
1.058950653076171875e+02
2.569392395019531250e+02
6.879355468750000000e+02
1.686315002441406250e+02
9.004854736328125000e+02
2.717945861816406250e+02
4.842223510742187500e+02
4.688389282226562500e+02
5.721293334960937500e+02
3.235598144531250000e+02
5.028083496093750000e+02
4.849507751464843750e+02
7.927016601562500000e+02
2.284284973144531250e+02
2.700597534179687500e+02
5.281197738647460938e+01
1.879372863769531250e+02
4.247679748535156250e+02
7.921361694335937500e+02
3.619354553222656250e+02
4.762445068359375000e+02
7.856179809570312500e+02
4.681065063476562500e+02
2.528213500976562500e+02
5.306740112304687500e+02
3.439950866699218750e+02
4.898288269042968750e+02
3.617014770507812500e+02
6.262482299804687500e+02
2.758874206542968750e+02
4.356026611328125000e+02
3.119687194824218750e+02
2.455890350341796875e+02
2.843592529296875000e+02
5.538225097656250000e+02
3.290913391113281250e+02
2.330707397460937500e+02
1.080948486328125000e+03
3.649155883789062500e+02
8.640589599609375000e+02
2.353205261230468750e+02
2.712774047851562500e+02
6.142854003906250000e+02
5.204079589843750000e+02
1.661876525878906250e+02
4.510331420898437500e+02
2.824842224121093750e+02
7.224053955078125000e+02
3.441982116699218750e+02
4.107945861816406250e+02
3.782808837890625000e+02
3.542658996582031250e+02
8.031885375976562500e+02
4.786213378906250000e+02
3.945526733398437500e+02
3.676250000000000000e+02
6.158071289062500000e+02
4.676675720214843750e+02
2.177498931884765625e+02
4.523431701660156250e+02
7.205028686523437500e+02
6.240890502929687500e+02
4.013682861328125000e+02
4.900051879882812500e+02
1.780532073974609375e+02
5.712101440429687500e+02
9.636644287109375000e+02
4.966156311035156250e+02
6.821344604492187500e+02
3.851685180664062500e+02
2.539919128417968750e+02
3.766504821777343750e+02
1.147871017456054688e+02
1.146680068969726562e+02
1.813203582763671875e+02
4.381118774414062500e+02
5.092038269042968750e+02
4.878403320312500000e+02
3.267285156250000000e+02
4.176901245117187500e+02
4.716789550781250000e+02
2.273607025146484375e+02
6.264110107421875000e+02
5.912418212890625000e+02
1.454202575683593750e+02
5.461274414062500000e+02
4.973838500976562500e+02
5.630928344726562500e+02
8.706389770507812500e+02
5.642160034179687500e+02
7.601506347656250000e+02
3.286745300292968750e+02
6.082044067382812500e+02
5.275286254882812500e+02
3.508829040527343750e+02
6.506182861328125000e+02
3.143875732421875000e+02
8.271090087890625000e+02
1.425580749511718750e+02
4.090049743652343750e+02
5.444130859375000000e+02
6.416743774414062500e+02
8.050411987304687500e+02
2.728081359863281250e+02
1.587238922119140625e+02
5.255436401367187500e+02
4.385825500488281250e+02
1.566813049316406250e+02
5.417137451171875000e+02
3.991794128417968750e+02
4.224538879394531250e+02
6.492859497070312500e+02
4.424862060546875000e+02
3.608572998046875000e+02
8.499029541015625000e+02
1.063155639648437500e+03
5.827638549804687500e+02
5.481570434570312500e+02
2.503046417236328125e+02
1.036710571289062500e+03
6.185693359375000000e+02
7.864635009765625000e+02
2.778323364257812500e+02
4.297321472167968750e+02
2.969723510742187500e+02
1.019245422363281250e+03
2.532679595947265625e+02
5.002903442382812500e+02
3.070860595703125000e+02
7.378087768554687500e+02
3.902188415527343750e+02
2.268484039306640625e+02
4.007857055664062500e+02
5.547873535156250000e+02
3.462150573730468750e+02
2.311710968017578125e+02
5.815660400390625000e+02
3.580789184570312500e+02
4.737289123535156250e+02
4.700547180175781250e+02
8.737253417968750000e+02
3.930953674316406250e+02
1.778704833984375000e+02
4.413136596679687500e+02
1.655480346679687500e+02
4.781951293945312500e+02
6.625258789062500000e+02
5.174499511718750000e+02
2.963209533691406250e+02
4.974904174804687500e+02
3.218347473144531250e+02
1.918928680419921875e+02
4.580487060546875000e+02
2.968734130859375000e+02
4.226502380371093750e+02
5.107630310058593750e+02
6.175109863281250000e+02
3.136633911132812500e+02
8.569150390625000000e+02
4.247329406738281250e+02
3.313094787597656250e+02
5.074785156250000000e+02
4.156230163574218750e+02
8.042796630859375000e+02
3.235592041015625000e+02
1.315622711181640625e+02
3.220151977539062500e+02
6.595538330078125000e+02
2.817388610839843750e+02
4.041016540527343750e+02
3.685988159179687500e+02
5.730072021484375000e+02
6.195462036132812500e+02
6.013831787109375000e+02
5.400347290039062500e+02
5.046593017578125000e+02
4.040339660644531250e+02
3.788578491210937500e+02
6.786675415039062500e+02
4.331590881347656250e+02
1.005999328613281250e+03
4.627316589355468750e+02
3.105820922851562500e+02
6.033426513671875000e+02
8.623433227539062500e+02
5.064029235839843750e+02
3.545672302246093750e+02
5.347485961914062500e+02
2.074465484619140625e+02
6.093210449218750000e+02
8.041639404296875000e+02
6.922486572265625000e+02
2.637702941894531250e+02
4.768209533691406250e+02
3.691268920898437500e+02
4.084527587890625000e+02
1.809210052490234375e+02
4.585724792480468750e+02
1.551441192626953125e+02
4.222315673828125000e+02
3.682296447753906250e+02
2.592870178222656250e+02
6.308627319335937500e+02
3.393650207519531250e+02
8.448282470703125000e+02
3.144505310058593750e+02
4.986117248535156250e+02
3.583625793457031250e+02
6.672568969726562500e+02
5.191428833007812500e+02
5.833283081054687500e+02
3.508611450195312500e+02
9.687071533203125000e+02
4.834824218750000000e+02
8.598970947265625000e+02
5.815629272460937500e+02
5.832248535156250000e+02
4.504939270019531250e+02
3.010471801757812500e+02
5.410111694335937500e+02
2.274551849365234375e+02
2.510187530517578125e+02
3.507494812011718750e+02
2.647374267578125000e+02
8.995947265625000000e+02
7.325305786132812500e+02
7.165371093750000000e+02
2.342173156738281250e+02
6.501775512695312500e+02
3.590431518554687500e+02
8.935269927978515625e+01
1.902340087890625000e+02
9.472954101562500000e+02
3.789430847167968750e+02
4.226972961425781250e+02
5.800394897460937500e+02
4.794947509765625000e+02
4.570001831054687500e+02
4.691516723632812500e+02
2.752272338867187500e+02
3.718992919921875000e+02
8.402473754882812500e+02
1.780855560302734375e+02
8.432399291992187500e+02
8.795775756835937500e+02
5.414755249023437500e+02
4.576257629394531250e+02
4.759530334472656250e+02
8.019739990234375000e+02
1.498509521484375000e+02
2.901148071289062500e+02
5.096129455566406250e+02
2.493152313232421875e+02
3.607893066406250000e+02
3.087495422363281250e+02
3.563864440917968750e+02
6.077422485351562500e+02
5.772375488281250000e+02
7.467520751953125000e+02
8.661743774414062500e+02
5.640287475585937500e+02
2.738775024414062500e+02
3.134057312011718750e+02
6.790322875976562500e+02
8.674781494140625000e+02
5.187817993164062500e+02
6.458050537109375000e+02
3.136500549316406250e+02
4.505901794433593750e+02
2.379607849121093750e+02
2.894172058105468750e+02
7.391936035156250000e+02
2.894266052246093750e+02
5.564052124023437500e+02
5.564259033203125000e+02
4.091802673339843750e+02
7.749698486328125000e+02
2.493080291748046875e+02
5.747487792968750000e+02
6.354013671875000000e+02
3.503697509765625000e+02
2.533431701660156250e+02
7.232689208984375000e+02
5.978920288085937500e+02
3.658314514160156250e+02
5.584866333007812500e+02
9.742452392578125000e+02
6.291520996093750000e+02
1.193301849365234375e+02
6.142101440429687500e+02
5.683330078125000000e+02
6.490470581054687500e+02
2.508345642089843750e+02
5.534472656250000000e+02
6.365275878906250000e+02
4.633304748535156250e+02
6.455992431640625000e+02
4.190927124023437500e+02
5.226042480468750000e+02
5.020242004394531250e+02
5.786633300781250000e+02
4.483096313476562500e+02
2.767913818359375000e+02
5.431478881835937500e+02
4.530327758789062500e+02
4.739491577148437500e+02
4.428426208496093750e+02
2.979310302734375000e+02
4.272303161621093750e+02
6.872946166992187500e+02
4.181988220214843750e+02
2.806455078125000000e+02
3.168910522460937500e+02
4.196976928710937500e+02
3.659124145507812500e+02
6.504398193359375000e+02
2.901745910644531250e+02
3.370582580566406250e+02
5.720598220825195312e+01
4.654962768554687500e+02
6.285008544921875000e+02
1.423176574707031250e+02
6.673436279296875000e+02
2.450884552001953125e+02
3.798376159667968750e+02
5.932169189453125000e+02
5.104902648925781250e+02
2.770144958496093750e+02
5.179577026367187500e+02
8.102926025390625000e+02
4.738844909667968750e+02
6.191086425781250000e+02
6.118984375000000000e+02
3.308166809082031250e+02
4.168403625488281250e+02
8.097670288085937500e+02
7.244193725585937500e+02
3.614581298828125000e+02
6.621888427734375000e+02
2.892209167480468750e+02
1.736485290527343750e+02
4.046184692382812500e+02
1.061112976074218750e+02
4.323776550292968750e+02
4.183147888183593750e+02
4.285783996582031250e+02
6.273593750000000000e+02
6.536668701171875000e+02
5.717823486328125000e+02
2.580145568847656250e+02
7.191760253906250000e+02
7.797440795898437500e+02
1.374219970703125000e+03
1.067670059204101562e+02
4.170105590820312500e+02
1.421285552978515625e+02
4.182288513183593750e+02
4.345975952148437500e+02
4.678960876464843750e+02
5.823821411132812500e+02
1.725096740722656250e+02
5.631560058593750000e+02
2.164731445312500000e+02
7.286368408203125000e+02
7.519331665039062500e+02
4.497385864257812500e+02
4.739580383300781250e+02
5.759296875000000000e+02
2.557682189941406250e+02
2.642293395996093750e+02
5.177156982421875000e+02
3.004867858886718750e+02
3.989369506835937500e+02
3.854961853027343750e+02
5.592554321289062500e+02
2.817120361328125000e+02
6.538853149414062500e+02
5.687579956054687500e+02
4.466261291503906250e+02
8.284338989257812500e+02
6.358805541992187500e+02
5.402138061523437500e+02
6.836753540039062500e+02
1.978896026611328125e+02
1.027138061523437500e+03
5.434042968750000000e+02
2.638778686523437500e+02
4.211981506347656250e+02
3.711671752929687500e+02
6.816683349609375000e+02
4.650527648925781250e+02
5.628702392578125000e+02
3.125169372558593750e+02
1.994021606445312500e+02
8.531632690429687500e+02
2.936433715820312500e+02
2.858513793945312500e+02
4.135127258300781250e+02
3.480686035156250000e+02
5.092919311523437500e+02
5.430804443359375000e+02
3.185361633300781250e+02
2.554627532958984375e+02
2.494110260009765625e+02
3.845855712890625000e+02
5.234829101562500000e+02
4.069101867675781250e+02
4.269925231933593750e+02
3.070518798828125000e+02
4.587937927246093750e+02
6.589556884765625000e+02
3.787786254882812500e+02
3.779004821777343750e+02
7.489995117187500000e+02
6.852435302734375000e+02
7.149489746093750000e+02
8.895338745117187500e+02
2.360808715820312500e+02
4.877775573730468750e+02
4.280012817382812500e+02
6.762979125976562500e+02
2.977991027832031250e+02
3.776063232421875000e+02
9.122031250000000000e+02
4.012393798828125000e+02
4.469418945312500000e+02
3.150752868652343750e+02
5.724750366210937500e+02
4.530141906738281250e+02
3.178296203613281250e+02
2.362581329345703125e+02
8.057336425781250000e+02
4.308806762695312500e+02
1.958311614990234375e+02
3.935661926269531250e+02
5.676199340820312500e+02
2.361641998291015625e+02
4.720277709960937500e+02
1.865235900878906250e+02
7.597870483398437500e+02
1.226256591796875000e+03
3.350140075683593750e+02
3.537401123046875000e+02
1.004488952636718750e+03
3.811687927246093750e+02
2.640095825195312500e+02
6.245079956054687500e+02
3.016204223632812500e+02
3.667780151367187500e+02
6.509210815429687500e+02
4.452993469238281250e+02
7.551839599609375000e+02
5.798396606445312500e+02
2.217850189208984375e+02
6.394146728515625000e+02
1.019380371093750000e+03
4.230829162597656250e+02
4.376875915527343750e+02
6.050352172851562500e+02
4.602631835937500000e+02
3.017041931152343750e+02
5.808094482421875000e+02
2.613320312500000000e+02
6.546761474609375000e+02
2.959196166992187500e+02
4.632900390625000000e+02
5.051507568359375000e+02
5.378780517578125000e+02
5.009360351562500000e+02
7.403265991210937500e+02
4.217656555175781250e+02
1.958835144042968750e+02
6.569725952148437500e+02
5.851475219726562500e+02
1.988895111083984375e+02
2.825423278808593750e+02
4.891547241210937500e+02
5.889719238281250000e+02
1.444555664062500000e+03
1.020990844726562500e+03
5.256015014648437500e+02
6.311056518554687500e+02
5.481143188476562500e+02
4.777209167480468750e+02
2.618697814941406250e+02
3.817120666503906250e+02
5.024208984375000000e+02
3.653349609375000000e+02
2.626493835449218750e+02
3.717774963378906250e+02
4.129986267089843750e+02
1.185835876464843750e+02
4.546038818359375000e+02
7.555137939453125000e+02
6.350326538085937500e+02
3.117630004882812500e+02
6.390682373046875000e+02
2.933060913085937500e+02
4.440030212402343750e+02
3.548998718261718750e+02
5.385512084960937500e+02
6.333989868164062500e+02
2.607283020019531250e+02
5.623326416015625000e+02
6.866387176513671875e+01
5.421956176757812500e+02
8.379779052734375000e+02
2.532928009033203125e+02
4.241286621093750000e+02
2.142520599365234375e+02
2.474597778320312500e+02
5.846904296875000000e+02
3.762854614257812500e+02
3.950755920410156250e+02
8.303439331054687500e+02
5.112433166503906250e+02
6.242090454101562500e+02
8.946798095703125000e+02
2.733727111816406250e+02
5.715197753906250000e+02
5.787570190429687500e+02
4.716174926757812500e+02
3.023992309570312500e+02
5.987391967773437500e+02
2.461472320556640625e+02
4.955515747070312500e+02
2.431944427490234375e+02
3.570743103027343750e+02
2.205845489501953125e+02
7.279555053710937500e+02
5.786957397460937500e+02
5.793205566406250000e+02
3.481521301269531250e+02
5.959447631835937500e+02
4.241257324218750000e+02
4.562909851074218750e+02
3.689781188964843750e+02
7.151414184570312500e+02
3.196038818359375000e+02
4.183756103515625000e+02
2.091670989990234375e+02
5.780899047851562500e+02
3.845958862304687500e+02
3.903151245117187500e+02
8.813095092773437500e+02
7.924528808593750000e+02
5.088288879394531250e+02
4.971455993652343750e+02
5.607343750000000000e+02
3.275010986328125000e+02
2.657865905761718750e+02
5.609042358398437500e+02
4.521512756347656250e+02
5.524395141601562500e+02
8.002123413085937500e+02
8.725802001953125000e+02
4.084271850585937500e+02
4.902723693847656250e+02
9.972377319335937500e+02
3.503513488769531250e+02
7.555190429687500000e+02
5.826949462890625000e+02
2.947245483398437500e+02
4.974197082519531250e+02
2.457969970703125000e+02
4.380231018066406250e+02
3.842870178222656250e+02
4.902660217285156250e+02
4.284914550781250000e+02
4.948927612304687500e+02
7.692824707031250000e+02
3.470242614746093750e+02
5.453540039062500000e+02
9.172349243164062500e+02
3.550735168457031250e+02
4.126561584472656250e+02
9.870234375000000000e+02
8.159988403320312500e+02
3.592948913574218750e+02
5.761797485351562500e+02
3.276006469726562500e+02
1.985582275390625000e+02
5.163641967773437500e+02
2.079819488525390625e+02
5.769596557617187500e+02
4.879898071289062500e+02
4.793957519531250000e+02
2.181388549804687500e+02
7.857660522460937500e+02
7.157356567382812500e+02
6.663727416992187500e+02
7.572938842773437500e+02
5.216356811523437500e+02
7.639987182617187500e+02
8.298305664062500000e+02
5.529603881835937500e+02
9.117579956054687500e+02
2.875551757812500000e+02
7.395923461914062500e+02
5.765910034179687500e+02
1.956793823242187500e+02
2.697633666992187500e+02
4.921536865234375000e+02
6.494181518554687500e+02
1.823728637695312500e+02
4.473756408691406250e+02
1.154310668945312500e+03
5.714778442382812500e+02
5.165130615234375000e+02
4.683464965820312500e+02
8.910495605468750000e+02
6.635418701171875000e+02
2.959429321289062500e+02
6.258297729492187500e+02
5.904801025390625000e+02
3.589573669433593750e+02
1.199639129638671875e+02
3.996739196777343750e+02
4.777791442871093750e+02
5.672351684570312500e+02
6.834752807617187500e+02
7.113897705078125000e+02
3.745169372558593750e+02
3.396029052734375000e+02
2.534639129638671875e+02
5.932796630859375000e+02
1.013306030273437500e+03
4.471544494628906250e+02
7.331520385742187500e+02
4.815876464843750000e+02
2.685964660644531250e+02
2.336842041015625000e+02
8.589431152343750000e+02
7.524776000976562500e+02
2.675632934570312500e+02
5.146447143554687500e+02
5.054026794433593750e+02
5.122574462890625000e+02
3.883085937500000000e+02
5.096206359863281250e+02
4.207993164062500000e+02
5.258840332031250000e+02
4.891000061035156250e+02
1.107482666015625000e+03
5.646106567382812500e+02
2.612996520996093750e+02
2.292203674316406250e+02
2.669835205078125000e+02
3.362952880859375000e+02
2.809995727539062500e+02
3.688472900390625000e+02
3.429731445312500000e+02
3.854609069824218750e+02
1.953435821533203125e+02
1.570152435302734375e+02
3.398070373535156250e+02
6.036837158203125000e+02
6.567832031250000000e+02
4.281912536621093750e+02
4.686091003417968750e+02
4.207597961425781250e+02
3.589779663085937500e+02
4.927721252441406250e+02
3.423659973144531250e+02
8.380075073242187500e+02
5.751631469726562500e+02
5.394081420898437500e+02
7.782269897460937500e+02
6.596287841796875000e+02
6.082227172851562500e+02
7.601150512695312500e+02
3.914718322753906250e+02
1.014669250488281250e+03
6.412050170898437500e+02
5.057516174316406250e+02
2.408884582519531250e+02
2.697004699707031250e+02
5.222570800781250000e+02
6.432910766601562500e+02
6.889575805664062500e+02
8.540065917968750000e+02
7.315638427734375000e+02
4.688320922851562500e+02
3.835186157226562500e+02
1.083610717773437500e+03
1.211779022216796875e+02
2.272015075683593750e+02
4.709752197265625000e+02
4.901309204101562500e+02
6.950515136718750000e+02
6.307343750000000000e+02
4.959803466796875000e+02
3.869062805175781250e+02
8.691951293945312500e+02
7.572937622070312500e+02
3.963282775878906250e+02
1.902131805419921875e+02
3.586704406738281250e+02
3.662762451171875000e+02
2.464741210937500000e+02
3.542979736328125000e+02
7.360117797851562500e+02
2.218679962158203125e+02
5.423128509521484375e+01
1.191239624023437500e+03
7.978314208984375000e+02
5.666426391601562500e+02
8.293991088867187500e+02
2.748857727050781250e+02
2.817014160156250000e+02
4.943330688476562500e+02
1.036026855468750000e+03
8.509617919921875000e+02
3.976194458007812500e+02
4.651377563476562500e+02
5.264591674804687500e+02
2.834121704101562500e+02
6.184812011718750000e+02
2.455771331787109375e+02
6.437028808593750000e+02
2.470486297607421875e+02
2.790296020507812500e+02
2.852813110351562500e+02
3.340606994628906250e+02
5.594381713867187500e+02
1.838981628417968750e+02
5.364691772460937500e+02
4.197210998535156250e+02
7.678613281250000000e+02
7.192612457275390625e+01
2.604747314453125000e+02
2.547477416992187500e+02
3.782156677246093750e+02
5.574830932617187500e+02
7.156315307617187500e+02
3.433620605468750000e+02
5.803276367187500000e+02
4.823589782714843750e+02
6.250606689453125000e+02
3.055253295898437500e+02
4.311120910644531250e+02
3.987198791503906250e+02
5.597058715820312500e+02
6.705554199218750000e+02
4.115073242187500000e+02
8.577647094726562500e+02
3.036123352050781250e+02
3.001930541992187500e+02
4.965020141601562500e+02
2.133218688964843750e+02
4.877922973632812500e+02
5.928633422851562500e+02
3.390036315917968750e+02
4.042864379882812500e+02
4.268130798339843750e+02
4.206089477539062500e+02
6.017682495117187500e+02
2.684804077148437500e+02
2.075241546630859375e+02
6.505007324218750000e+02
5.744678344726562500e+02
4.633567199707031250e+02
2.223793945312500000e+02
2.908762817382812500e+02
2.480628204345703125e+02
4.025106201171875000e+02
4.343543395996093750e+02
4.036276550292968750e+02
2.543856964111328125e+02
1.660570831298828125e+02
4.628962707519531250e+02
3.265820007324218750e+02
4.893244628906250000e+02
2.014210815429687500e+02
4.825550842285156250e+02
2.631398315429687500e+02
3.527594604492187500e+02
6.018533935546875000e+02
3.720052795410156250e+02
7.743926391601562500e+02
7.650154418945312500e+02
2.543011474609375000e+02
6.323682861328125000e+02
4.623015441894531250e+02
2.583894042968750000e+02
6.030758056640625000e+02
3.284301452636718750e+02
4.333265075683593750e+02
4.045422058105468750e+02
6.170762939453125000e+02
6.991870117187500000e+02
7.065706176757812500e+02
4.888433837890625000e+02
2.649943542480468750e+02
4.361324462890625000e+02
3.878942871093750000e+02
1.951782226562500000e+02
1.558465728759765625e+02
3.634931030273437500e+02
1.056439453125000000e+03
3.310073547363281250e+02
2.299928436279296875e+02
5.756292724609375000e+02
3.967510375976562500e+02
4.492155456542968750e+02
3.569384460449218750e+02
5.251127929687500000e+02
4.917214355468750000e+02
7.300078735351562500e+02
5.257500000000000000e+02
5.707918701171875000e+02
2.420337829589843750e+02
1.028119018554687500e+03
1.276717376708984375e+02
6.641055908203125000e+02
5.810939941406250000e+02
3.821769409179687500e+02
3.430353698730468750e+02
4.477985839843750000e+02
6.578313598632812500e+02
1.163019409179687500e+03
4.473489379882812500e+02
2.810696716308593750e+02
3.225832519531250000e+02
4.409437255859375000e+02
2.996343078613281250e+02
4.688836364746093750e+02
3.133005371093750000e+02
2.910049438476562500e+02
2.842192993164062500e+02
6.068894042968750000e+02
4.286883163452148438e+01
4.395612487792968750e+02
4.452286376953125000e+02
5.173489990234375000e+02
4.050280151367187500e+02
4.857124633789062500e+02
5.954916992187500000e+02
3.924076843261718750e+02
4.074089660644531250e+02
4.059010925292968750e+02
5.273920898437500000e+02
1.504622497558593750e+02
4.384229431152343750e+02
4.771854248046875000e+02
9.138524780273437500e+02
5.838329467773437500e+02
5.826821899414062500e+02
8.393690185546875000e+02
2.270967102050781250e+02
3.163795776367187500e+02
3.194958190917968750e+02
8.052583618164062500e+02
3.843442382812500000e+02
1.986635742187500000e+02
4.719298095703125000e+02
1.173735961914062500e+03
6.344251098632812500e+02
4.925530700683593750e+02
3.363992614746093750e+02
5.338978271484375000e+02
5.074124755859375000e+02
3.302925109863281250e+02
3.898279724121093750e+02
4.195701904296875000e+02
3.207657165527343750e+02
6.746171875000000000e+02
6.619489746093750000e+02
1.040818176269531250e+02
5.988715209960937500e+02
2.694864807128906250e+02
6.063021240234375000e+02
1.005578613281250000e+03
3.911439819335937500e+02
2.249388427734375000e+02
6.997970581054687500e+01
7.264913940429687500e+02
2.031179199218750000e+02
6.162352905273437500e+02
2.178524780273437500e+02
5.281546020507812500e+02
4.044629516601562500e+02
1.418224334716796875e+02
2.123433685302734375e+02
4.650108642578125000e+02
5.444051513671875000e+02
8.905601196289062500e+02
8.264894409179687500e+02
5.112623596191406250e+02
2.288256378173828125e+02
8.106909179687500000e+02
4.358065185546875000e+02
5.273675537109375000e+02
7.508027954101562500e+02
6.520236816406250000e+02
5.929276123046875000e+02
1.866047668457031250e+02
8.158905639648437500e+02
6.961008300781250000e+02
5.032039184570312500e+02
6.775551147460937500e+02
2.168773345947265625e+02
2.384688873291015625e+02
6.033358764648437500e+02
6.064531860351562500e+02
4.728354492187500000e+02
2.039506683349609375e+02
2.539750213623046875e+02
5.107745056152343750e+02
2.625975646972656250e+02
8.276088867187500000e+02
4.875778503417968750e+02
4.367031555175781250e+02
5.656467285156250000e+02
1.539254302978515625e+02
6.869441528320312500e+02
3.020121765136718750e+02
4.355565795898437500e+02
3.144899597167968750e+02
5.638356933593750000e+02
6.602020874023437500e+02
4.595703125000000000e+02
6.648635864257812500e+02
5.785027465820312500e+02
4.089071960449218750e+02
4.659093627929687500e+02
2.998344726562500000e+02
9.967995605468750000e+02
8.859020996093750000e+02
4.129942016601562500e+02
3.264941101074218750e+02
4.096136474609375000e+02
2.707470703125000000e+02
1.828141632080078125e+02
5.481465454101562500e+02
3.444723510742187500e+02
9.840100097656250000e+02
9.618617553710937500e+02
3.378280944824218750e+02
2.770843811035156250e+02
4.799598388671875000e+02
8.055362548828125000e+02
3.671698913574218750e+02
2.109667053222656250e+02
7.362504882812500000e+02
7.044492187500000000e+02
5.050623168945312500e+02
6.167584228515625000e+02
6.420993041992187500e+02
4.975782775878906250e+02
1.376579589843750000e+02
2.105415496826171875e+02
3.591986389160156250e+02
6.498158569335937500e+02
3.801117553710937500e+02
4.299319458007812500e+02
7.590843505859375000e+02
5.644879760742187500e+02
1.733240814208984375e+02
4.035333251953125000e+02
3.814375000000000000e+02
4.580990600585937500e+02
4.340290527343750000e+02
4.938762207031250000e+02
6.319129638671875000e+02
3.891244201660156250e+02
5.121984252929687500e+02
2.913894042968750000e+02
2.639341430664062500e+02
4.350719299316406250e+02
5.788045043945312500e+02
5.422174682617187500e+02
8.092547607421875000e+01
1.111182785034179688e+02
4.644935302734375000e+02
1.920791625976562500e+02
2.186660461425781250e+02
7.144177856445312500e+02
4.879318237304687500e+02
9.329550781250000000e+02
2.697086486816406250e+02
2.555887603759765625e+02
3.788919677734375000e+02
2.493825683593750000e+02
2.721721191406250000e+02
1.784637145996093750e+02
4.408390502929687500e+02
2.157373046875000000e+02
3.532720031738281250e+02
3.262503356933593750e+02
1.804485473632812500e+02
8.854931030273437500e+02
1.677085571289062500e+02
5.127917480468750000e+02
3.304213256835937500e+02
5.493521728515625000e+02
4.621607055664062500e+02
6.890045166015625000e+02
3.089144287109375000e+02
5.945314331054687500e+02
3.729432983398437500e+02
7.371303100585937500e+02
9.704940795898437500e+02
2.670605163574218750e+02
3.127685241699218750e+02
7.068695068359375000e+02
5.693994140625000000e+02
6.417307281494140625e+01
3.210592956542968750e+02
6.918540039062500000e+02
6.784508666992187500e+02
2.099904022216796875e+02
8.781145019531250000e+02
5.062162780761718750e+02
5.765446777343750000e+02
5.483886108398437500e+02
3.360280151367187500e+02
6.934338989257812500e+02
4.154558715820312500e+02
2.723908691406250000e+02
5.651565551757812500e+02
1.862676849365234375e+02
7.628831176757812500e+02
1.670215454101562500e+02
6.919498901367187500e+02
3.816268005371093750e+02
6.093800659179687500e+02
7.648625488281250000e+02
7.928225097656250000e+02
4.348124389648437500e+02
3.700834350585937500e+02
2.456241912841796875e+02
1.216600341796875000e+03
7.430863647460937500e+02
5.221897583007812500e+02
5.770598144531250000e+02
4.082590942382812500e+02
3.514641418457031250e+02
1.817492523193359375e+02
1.117592407226562500e+03
4.449415588378906250e+02
6.575401611328125000e+02
3.135803222656250000e+02
4.007980651855468750e+02
3.838165588378906250e+02
5.680407104492187500e+02
6.628106079101562500e+02
2.831119079589843750e+02
6.918186035156250000e+02
2.964267272949218750e+02
6.768254394531250000e+02
8.235916137695312500e+02
4.806733703613281250e+02
4.364235534667968750e+02
5.524840698242187500e+02
3.321356201171875000e+02
2.837165527343750000e+02
8.931159057617187500e+02
5.589381103515625000e+02
7.072055664062500000e+02
4.646930847167968750e+02
7.263436889648437500e+02
6.865414428710937500e+02
3.568656311035156250e+02
1.904837341308593750e+02
1.521202392578125000e+02
9.604395141601562500e+02
3.152283630371093750e+02
5.039289550781250000e+02
5.476942749023437500e+02
4.544652099609375000e+02
4.463462219238281250e+02
9.752766113281250000e+02
4.942388916015625000e+02
6.026300659179687500e+02
1.246853942871093750e+02
3.726646728515625000e+02
4.970850524902343750e+02
3.242303161621093750e+02
4.467206420898437500e+02
4.463957214355468750e+02
7.450880126953125000e+02
4.872967834472656250e+02
2.940855102539062500e+02
3.040738220214843750e+02
3.264897155761718750e+02
3.422832946777343750e+02
7.870215454101562500e+02
3.379194030761718750e+02
6.437673950195312500e+02
4.595202636718750000e+02
3.881247863769531250e+02
3.944702453613281250e+02
1.100030639648437500e+03
5.448010864257812500e+02
6.028372802734375000e+02
8.849238891601562500e+02
2.261665954589843750e+02
7.209588012695312500e+02
7.730628051757812500e+02
4.602448425292968750e+02
6.692000732421875000e+02
4.064164733886718750e+02
8.467888793945312500e+02
4.162085266113281250e+02
4.753741149902343750e+02
5.160706787109375000e+02
2.195847625732421875e+02
2.315296325683593750e+02
7.849298095703125000e+02
5.734050292968750000e+02
5.728471679687500000e+02
3.605007019042968750e+02
2.460215759277343750e+02
5.867899780273437500e+02
3.275482177734375000e+02
5.115590820312500000e+02
3.050230102539062500e+02
4.982635192871093750e+02
3.908640136718750000e+02
5.176625976562500000e+02
3.452983093261718750e+02
5.516209716796875000e+02
2.966119995117187500e+02
5.882941284179687500e+02
8.143174438476562500e+02
5.554799804687500000e+02
5.040359191894531250e+02
6.520207519531250000e+02
3.274259948730468750e+02
4.765304870605468750e+02
1.679182434082031250e+02
4.146217956542968750e+02
7.551911621093750000e+02
4.405693969726562500e+02
3.559776306152343750e+02
3.340771179199218750e+02
7.547926635742187500e+02
9.975686645507812500e+02
4.061931152343750000e+02
2.733436584472656250e+02
7.114415893554687500e+02
3.731118164062500000e+02
5.721247558593750000e+02
2.030524749755859375e+02
4.092370300292968750e+02
4.325918884277343750e+02
3.376310119628906250e+02
4.362360534667968750e+02
7.094379882812500000e+02
5.643753051757812500e+02
3.855625000000000000e+02
3.242030944824218750e+02
5.967992553710937500e+02
5.744666137695312500e+02
2.987215576171875000e+02
1.902692260742187500e+02
3.795412902832031250e+02
5.262546997070312500e+02
6.475330810546875000e+02
7.193835449218750000e+02
5.106686096191406250e+02
9.214468383789062500e+02
4.757674255371093750e+02
4.264491882324218750e+02
2.164967346191406250e+02
1.361103363037109375e+02
4.725508728027343750e+02
5.196018676757812500e+02
1.231130447387695312e+02
1.720556488037109375e+02
5.404991455078125000e+02
4.617666625976562500e+02
5.684390869140625000e+02
4.686474609375000000e+02
6.771916503906250000e+02
6.464528808593750000e+02
1.268102951049804688e+02
5.390815429687500000e+02
6.851520385742187500e+02
3.965538024902343750e+02
4.282477111816406250e+02
6.263820190429687500e+02
4.277357788085937500e+02
4.557599792480468750e+02
3.342932739257812500e+02
9.779129638671875000e+02
3.718912048339843750e+02
8.793012084960937500e+02
6.074621582031250000e+02
7.477920532226562500e+02
8.156218261718750000e+02
3.408415222167968750e+02
5.016324768066406250e+02
4.362336730957031250e+02
5.076978149414062500e+02
4.192697753906250000e+02
3.501966552734375000e+02
1.158721435546875000e+03
1.302416381835937500e+02
4.196529541015625000e+02
5.365294189453125000e+02
5.064408874511718750e+02
4.838964843750000000e+02
3.310939025878906250e+02
4.559255981445312500e+02
6.158389892578125000e+02
5.592121582031250000e+02
5.904747924804687500e+02
7.014551391601562500e+02
9.326954956054687500e+02
3.155113525390625000e+02
6.801578979492187500e+02
4.896715393066406250e+02
5.094793090820312500e+02
3.077230529785156250e+02
7.545156860351562500e+02
7.973748168945312500e+02
8.913661499023437500e+02
5.188759765625000000e+02
7.663058471679687500e+02
1.206501541137695312e+02
5.600275268554687500e+02
5.056931152343750000e+02
7.754267578125000000e+02
6.148754882812500000e+02
5.336858520507812500e+02
3.669548645019531250e+02
1.130622711181640625e+02
2.735557250976562500e+02
4.884112854003906250e+02
2.143943176269531250e+02
1.884325561523437500e+03
5.805147705078125000e+02
5.537175903320312500e+02
4.788900756835937500e+02
6.585150146484375000e+02
5.804407958984375000e+02
6.790484008789062500e+02
6.640111694335937500e+02
2.905718078613281250e+02
5.733737182617187500e+02
4.406950683593750000e+02
4.468890991210937500e+02
3.802722473144531250e+02
2.478153533935546875e+02
6.508602905273437500e+02
7.749965209960937500e+02
3.374083557128906250e+02
5.531170654296875000e+02
6.868112182617187500e+02
3.732619018554687500e+02
5.849817504882812500e+02
9.586821746826171875e+01
3.968338928222656250e+02
3.759260253906250000e+02
4.109489135742187500e+02
4.642456970214843750e+02
3.870898742675781250e+02
5.343228149414062500e+02
4.294862060546875000e+02
7.964118652343750000e+02
5.426645507812500000e+02
2.730323791503906250e+02
6.017105712890625000e+02
3.733942565917968750e+02
8.168692016601562500e+02
7.658408813476562500e+02
2.679896850585937500e+02
4.024412536621093750e+02
5.798739013671875000e+02
7.325070800781250000e+02
4.838173217773437500e+02
5.175451049804687500e+02
1.096234252929687500e+03
2.145510253906250000e+02
4.003220825195312500e+02
1.104987670898437500e+03
4.704805603027343750e+02
4.955361022949218750e+02
4.906862182617187500e+02
4.824165344238281250e+02
4.162543640136718750e+02
3.671140136718750000e+02
4.515479431152343750e+02
4.838446960449218750e+02
6.029063110351562500e+02
8.448285522460937500e+02
7.080286865234375000e+02
4.070693969726562500e+02
3.015182800292968750e+02
5.373713989257812500e+02
8.225184326171875000e+02
2.466717071533203125e+02
3.091100769042968750e+02
1.890378112792968750e+02
1.534685516357421875e+02
4.322009887695312500e+02
3.218847351074218750e+02
2.179183349609375000e+02
4.498322143554687500e+02
3.056691894531250000e+02
1.462253173828125000e+03
4.885933837890625000e+02
3.337016296386718750e+02
4.354407653808593750e+02
1.257612304687500000e+02
6.354205932617187500e+02
8.782313842773437500e+02
5.119621887207031250e+02
7.060797119140625000e+02
4.010261230468750000e+02
3.792340698242187500e+02
5.461496582031250000e+02
3.841787109375000000e+02
6.654768676757812500e+02
5.123182983398437500e+02
3.649895935058593750e+02
3.671578369140625000e+02
2.650907592773437500e+02
4.117503662109375000e+02
3.391672363281250000e+02
5.315285644531250000e+02
5.726300048828125000e+02
7.341445922851562500e+02
1.006185729980468750e+03
6.439045410156250000e+02
5.963197631835937500e+02
1.665045776367187500e+02
4.857407226562500000e+02
2.727618103027343750e+02
6.246791381835937500e+02
5.051896972656250000e+02
4.855033569335937500e+02
3.005349426269531250e+02
4.560320129394531250e+02
3.344677124023437500e+02
3.075461425781250000e+02
4.298648681640625000e+02
5.773294067382812500e+02
4.485280151367187500e+02
3.499818420410156250e+02
3.017509460449218750e+02
3.027193603515625000e+02
4.620677490234375000e+02
1.765200958251953125e+02
6.418052368164062500e+02
3.234683837890625000e+02
3.022824096679687500e+02
4.259484863281250000e+02
5.573955688476562500e+02
2.132234344482421875e+02
5.629553222656250000e+02
3.733830566406250000e+02
8.590700073242187500e+02
6.553822021484375000e+02
3.542317810058593750e+02
3.619967346191406250e+02
7.450675659179687500e+02
7.099244995117187500e+02
2.980123291015625000e+02
6.677659301757812500e+02
4.953381958007812500e+02
2.521099243164062500e+02
5.509057617187500000e+02
5.249165649414062500e+02
4.099081420898437500e+02
6.792482299804687500e+02
5.836633911132812500e+02
6.438004760742187500e+02
5.240606689453125000e+02
3.586036071777343750e+02
4.051828002929687500e+02
7.344023895263671875e+01
5.586029052734375000e+02
5.014056396484375000e+02
1.128565292358398438e+02
3.726158752441406250e+02
6.724445190429687500e+02
5.160183105468750000e+02
3.785589599609375000e+02
1.550396881103515625e+02
4.812877197265625000e+02
1.754651336669921875e+02
5.784228515625000000e+02
4.014680175781250000e+02
5.032531738281250000e+02
3.978378601074218750e+02
4.586326599121093750e+02
2.160517578125000000e+02
6.041214599609375000e+02
2.714308166503906250e+02
6.429515991210937500e+02
5.888082885742187500e+02
3.359297180175781250e+02
3.422991027832031250e+02
5.754049072265625000e+02
4.091876831054687500e+02
9.473745117187500000e+02
3.052179870605468750e+02
8.077167968750000000e+02
4.807898254394531250e+02
5.563952026367187500e+02
5.092409667968750000e+02
5.198883056640625000e+02
6.799348754882812500e+02
4.589713439941406250e+02
5.175822753906250000e+02
7.157153930664062500e+02
5.092239990234375000e+02
4.250586853027343750e+02
6.675206909179687500e+02
4.034556579589843750e+02
4.934834594726562500e+02
4.194563293457031250e+02
3.616920776367187500e+02
5.064079895019531250e+02
4.278756408691406250e+02
5.081789245605468750e+02
2.703035583496093750e+02
5.471345825195312500e+02
2.654356689453125000e+02
5.691560668945312500e+02
6.611318359375000000e+02
4.130418701171875000e+02
9.626886596679687500e+02
4.743296813964843750e+02
2.616546020507812500e+02
6.896712036132812500e+02
1.373672485351562500e+02
3.913629150390625000e+02
2.750848999023437500e+02
4.721755981445312500e+02
3.991062316894531250e+02
3.812923278808593750e+02
2.817783203125000000e+02
5.856465454101562500e+02
1.145296783447265625e+02
4.946002807617187500e+02
6.124430541992187500e+02
2.608790588378906250e+02
1.715711059570312500e+02
1.172607788085937500e+03
6.977925415039062500e+02
5.778898315429687500e+02
4.754716186523437500e+02
3.455860900878906250e+02
3.312301635742187500e+02
5.478391723632812500e+02
3.886862792968750000e+02
6.458521728515625000e+02
6.274673461914062500e+02
3.518828430175781250e+02
4.146111755371093750e+02
5.374287109375000000e+02
5.773812255859375000e+02
5.446667480468750000e+02
6.516877441406250000e+02
4.106658325195312500e+02
5.095959167480468750e+02
3.271194458007812500e+02
1.993970336914062500e+02
5.764468994140625000e+02
7.076435546875000000e+02
5.521956176757812500e+02
5.701842651367187500e+02
3.795782165527343750e+02
8.890139770507812500e+02
6.057045898437500000e+02
5.088371887207031250e+02
2.011694641113281250e+02
4.149370117187500000e+02
3.025590515136718750e+02
5.043395080566406250e+02
3.798735961914062500e+02
1.329412536621093750e+02
5.963649291992187500e+02
1.081250610351562500e+02
9.391873168945312500e+02
5.237379760742187500e+02
4.249356994628906250e+02
3.159776306152343750e+02
4.537464294433593750e+02
3.934408569335937500e+02
1.721180114746093750e+02
7.077449951171875000e+02
1.263313446044921875e+02
4.282828063964843750e+02
5.334651489257812500e+02
1.091357788085937500e+03
2.420592346191406250e+02
3.404411926269531250e+02
7.149776611328125000e+02
3.018333435058593750e+02
5.946589355468750000e+02
2.645836486816406250e+02
2.165274200439453125e+02
4.442072448730468750e+02
3.804520263671875000e+02
6.257885742187500000e+02
6.222490234375000000e+02
2.766875305175781250e+02
2.018395690917968750e+02
4.549974365234375000e+02
3.249883422851562500e+02
3.765858459472656250e+02
3.684104919433593750e+02
4.533806152343750000e+02
5.299531860351562500e+02
5.082958984375000000e+02
4.951716003417968750e+02
2.641880798339843750e+02
4.446592407226562500e+02
5.674131469726562500e+02
3.941221923828125000e+02
4.325963134765625000e+02
4.758655395507812500e+02
3.243070678710937500e+02
1.255632171630859375e+02
9.418609619140625000e+02
2.735422363281250000e+02
1.320509338378906250e+02
4.105586853027343750e+02
4.414647521972656250e+02
5.162677001953125000e+02
3.699291381835937500e+02
6.457524414062500000e+02
7.149576416015625000e+02
7.953318481445312500e+02
4.149069213867187500e+02
6.865247802734375000e+02
6.971983642578125000e+02
7.413048706054687500e+02
3.935840148925781250e+02
4.941443786621093750e+02
6.134315185546875000e+02
4.492500000000000000e+02
1.059916259765625000e+03
4.232557678222656250e+02
8.799211425781250000e+02
2.970093994140625000e+02
7.455458374023437500e+02
9.368362426757812500e+02
5.802464599609375000e+02
6.094390869140625000e+02
3.521603088378906250e+02
3.510090332031250000e+02
7.353369750976562500e+02
2.149003295898437500e+02
1.047465087890625000e+03
7.556391601562500000e+02
3.656847229003906250e+02
2.499793243408203125e+02
4.950662231445312500e+02
5.212312622070312500e+02
4.478231506347656250e+02
3.381267700195312500e+02
6.017758178710937500e+02
7.219689941406250000e+02
5.808235473632812500e+02
4.737630004882812500e+02
3.873574218750000000e+02
1.169388504028320312e+02
5.135941162109375000e+02
2.748339233398437500e+02
2.958231201171875000e+02
7.870325317382812500e+02
4.415686035156250000e+02
9.289146423339843750e+01
5.712288208007812500e+02
2.151808624267578125e+02
2.202944793701171875e+02
6.178291015625000000e+02
4.425671691894531250e+02
5.405903320312500000e+02
3.915658264160156250e+02
3.619301757812500000e+02
5.242769165039062500e+02
6.084300537109375000e+02
6.569431152343750000e+02
3.491157836914062500e+02
4.147155761718750000e+02
3.615596923828125000e+02
4.865895385742187500e+02
2.769927673339843750e+02
5.386206665039062500e+02
5.358329467773437500e+02
3.621622009277343750e+02
7.245739135742187500e+02
5.299985961914062500e+02
6.057179565429687500e+02
3.337646789550781250e+02
2.856314392089843750e+02
9.969467163085937500e+01
1.876848449707031250e+02
2.188187713623046875e+02
2.807775878906250000e+02
3.924161682128906250e+02
6.007005004882812500e+02
5.963543090820312500e+02
4.749439086914062500e+02
4.332353515625000000e+02
8.632316894531250000e+02
3.433020324707031250e+02
5.075163269042968750e+02
2.943199462890625000e+02
2.569020996093750000e+02
1.931074676513671875e+02
6.174307861328125000e+02
5.171820678710937500e+02
6.608869628906250000e+02
2.918367614746093750e+02
6.561948852539062500e+02
3.774894409179687500e+02
2.574077453613281250e+02
3.647949218750000000e+02
4.275934143066406250e+02
2.965135803222656250e+02
5.212079467773437500e+02
6.588086547851562500e+02
5.000884704589843750e+02
3.634234008789062500e+02
5.683178100585937500e+02
1.120468750000000000e+03
3.105065917968750000e+02
2.267392120361328125e+02
7.629595336914062500e+02
2.944245605468750000e+02
8.410930175781250000e+02
8.092134399414062500e+02
5.063994445800781250e+02
6.253469238281250000e+02
5.570753784179687500e+02
6.517161254882812500e+02
1.426165283203125000e+03
1.510359191894531250e+02
7.736168212890625000e+02
3.511046752929687500e+02
2.846167297363281250e+02
2.285660095214843750e+02
5.087196960449218750e+02
7.394898071289062500e+02
4.440067138671875000e+02
3.520715942382812500e+02
3.540736999511718750e+02
2.721922912597656250e+02
5.253591308593750000e+02
8.353473510742187500e+02
3.032724304199218750e+02
2.135849761962890625e+02
5.963234252929687500e+02
2.151907653808593750e+02
1.993797760009765625e+02
2.181221618652343750e+02
2.561120910644531250e+02
3.333085937500000000e+02
4.317229614257812500e+02
3.633132324218750000e+02
5.884240722656250000e+02
2.633389282226562500e+02
3.824955139160156250e+02
4.994708862304687500e+02
5.148073120117187500e+02
2.408048553466796875e+02
4.099422302246093750e+02
4.130459899902343750e+02
6.781857299804687500e+02
6.789552001953125000e+02
7.048041381835937500e+02
3.778454895019531250e+02
4.135636291503906250e+02
5.668381347656250000e+02
6.798970947265625000e+02
5.059743652343750000e+02
2.341139068603515625e+02
7.899944458007812500e+02
6.654047851562500000e+02
4.741247253417968750e+02
4.701689758300781250e+02
8.467980346679687500e+02
4.886195373535156250e+02
6.412074584960937500e+02
2.807953186035156250e+02
2.013948059082031250e+02
3.167822265625000000e+02
5.046249084472656250e+02
6.477307128906250000e+02
8.460269165039062500e+02
5.813507690429687500e+02
7.935664672851562500e+02
4.720123291015625000e+02
3.439843139648437500e+02
5.467037963867187500e+02
2.285973815917968750e+02
6.692127075195312500e+02
3.948408203125000000e+02
5.263840942382812500e+02
3.410077819824218750e+02
5.459153442382812500e+02
3.637783203125000000e+02
6.038964843750000000e+02
2.746311950683593750e+02
8.939175415039062500e+02
6.146120605468750000e+02
4.263376464843750000e+02
4.093343200683593750e+02
3.228132324218750000e+02
5.346893310546875000e+02
3.437196350097656250e+02
4.261343688964843750e+02
4.765947875976562500e+02
3.019964294433593750e+02
7.973101806640625000e+02
9.147548828125000000e+02
2.593901062011718750e+02
7.979129028320312500e+02
4.913631896972656250e+02
6.853530273437500000e+02
4.141878662109375000e+02
3.840088806152343750e+02
5.786503295898437500e+02
3.347978515625000000e+02
4.578968200683593750e+02
4.430537109375000000e+02
5.834065551757812500e+02
2.852302246093750000e+02
3.148086242675781250e+02
5.823301391601562500e+02
3.706935119628906250e+02
6.535478515625000000e+02
7.082080078125000000e+02
3.444043273925781250e+02
1.949813232421875000e+02
5.165203247070312500e+02
2.782004089355468750e+02
5.516095581054687500e+02
6.403668212890625000e+02
3.384779663085937500e+02
2.669333190917968750e+02
6.676594238281250000e+02
1.199880615234375000e+03
8.420629272460937500e+02
3.336409912109375000e+02
6.243547363281250000e+02
1.061863891601562500e+03
2.249389190673828125e+02
8.385274658203125000e+02
5.937873535156250000e+02
4.213433532714843750e+02
4.914331054687500000e+02
4.787443542480468750e+02
3.801983947753906250e+02
4.283156127929687500e+02
5.329735107421875000e+02
3.276835021972656250e+02
4.013026428222656250e+02
3.316861267089843750e+02
1.054634033203125000e+03
6.614998168945312500e+02
2.667691650390625000e+02
6.331668701171875000e+02
5.446434326171875000e+02
4.317333984375000000e+02
1.067780883789062500e+03
5.494828491210937500e+02
3.913183288574218750e+02
4.257861328125000000e+02
6.692163085937500000e+02
4.671388549804687500e+02
6.111431274414062500e+02
5.065254516601562500e+02
2.111054382324218750e+02
6.017980346679687500e+02
3.287409667968750000e+02
5.053488769531250000e+02
5.915394287109375000e+02
2.769649353027343750e+02
5.107270507812500000e+02
7.892857666015625000e+02
4.534213256835937500e+02
3.715858459472656250e+02
3.946453857421875000e+02
8.558223266601562500e+02
1.644308166503906250e+02
3.520186767578125000e+02
3.874954223632812500e+02
4.200408935546875000e+02
4.947696838378906250e+02
4.986546325683593750e+02
6.971379394531250000e+02
4.129271545410156250e+02
9.307161865234375000e+02
2.372961883544921875e+02
7.018566894531250000e+02
6.369630126953125000e+02
4.602021179199218750e+02
5.478947753906250000e+02
9.415205078125000000e+02
3.840057678222656250e+02
6.394110107421875000e+02
6.066687011718750000e+02
8.105521392822265625e+01
3.067967529296875000e+02
5.728519897460937500e+02
7.425342407226562500e+02
4.546350097656250000e+02
3.556193237304687500e+02
7.275866088867187500e+02
7.094559326171875000e+02
6.822049560546875000e+02
4.945028991699218750e+02
5.256315307617187500e+02
3.222733459472656250e+02
6.279542846679687500e+02
5.021756286621093750e+02
6.457850341796875000e+02
3.234171447753906250e+02
6.049995727539062500e+02
3.936600646972656250e+02
4.575800170898437500e+02
2.649339904785156250e+02
2.743015136718750000e+02
5.276417846679687500e+02
8.540534057617187500e+02
6.765184326171875000e+02
3.767669067382812500e+02
1.293772735595703125e+02
6.801147460937500000e+02
5.935848999023437500e+02
3.354750976562500000e+02
7.059868164062500000e+02
4.607439270019531250e+02
5.751038208007812500e+02
2.538749542236328125e+02
8.882941436767578125e+01
1.602773284912109375e+02
5.687735595703125000e+02
4.952315673828125000e+02
9.506800842285156250e+01
1.566528320312500000e+02
2.086450500488281250e+02
5.889018554687500000e+02
4.461332702636718750e+02
2.002187042236328125e+02
5.709440917968750000e+02
8.990869750976562500e+02
9.808748779296875000e+02
3.121324157714843750e+02
3.639124145507812500e+02
4.535931701660156250e+02
2.731407470703125000e+02
8.616481933593750000e+02
2.569613342285156250e+02
2.780581054687500000e+02
2.840393066406250000e+02
4.271669616699218750e+02
1.800009613037109375e+02
4.550395812988281250e+02
2.102842254638671875e+02
5.787086868286132812e+01
3.195785522460937500e+02
4.363198852539062500e+02
1.453307952880859375e+02
7.601707153320312500e+02
4.531108398437500000e+02
4.471986999511718750e+02
6.853568725585937500e+02
6.089348754882812500e+02
4.239950256347656250e+02
4.270895385742187500e+02
6.342567138671875000e+02
2.544593811035156250e+02
3.248097229003906250e+02
3.379172363281250000e+02
1.946493377685546875e+02
3.702762145996093750e+02
4.433903198242187500e+02
5.729820556640625000e+02
2.979757995605468750e+02
6.652706909179687500e+02
5.152487792968750000e+02
3.495656127929687500e+02
2.833994750976562500e+02
3.385785217285156250e+02
4.143313598632812500e+02
5.572067871093750000e+02
3.666051330566406250e+02
4.136833801269531250e+02
4.655372009277343750e+02
5.106562194824218750e+02
3.928202209472656250e+02
4.613852844238281250e+02
4.480765686035156250e+02
4.162295532226562500e+02
3.208301086425781250e+02
7.509666137695312500e+02
3.426793823242187500e+02
2.185100708007812500e+02
7.443087005615234375e+01
3.032638854980468750e+02
4.735607299804687500e+02
3.637304687500000000e+02
1.098055297851562500e+03
1.685000305175781250e+02
4.619543151855468750e+02
5.837554931640625000e+02
2.921568603515625000e+02
5.071330566406250000e+02
5.221337280273437500e+02
2.828819274902343750e+02
3.294328002929687500e+02
4.299649963378906250e+02
5.034073486328125000e+02
2.354012908935546875e+02
4.349070739746093750e+02
3.453004455566406250e+02
2.996063232421875000e+02
4.574129638671875000e+02
2.396169433593750000e+02
6.076693725585937500e+02
1.607716827392578125e+02
3.455142211914062500e+02
3.272023925781250000e+02
6.630773315429687500e+02
5.194023437500000000e+02
4.673589477539062500e+02
7.428492431640625000e+02
6.944993896484375000e+02
6.075291748046875000e+02
1.920906829833984375e+02
3.101296386718750000e+02
5.891322631835937500e+02
8.796694335937500000e+02
1.838550567626953125e+02
5.241735229492187500e+02
1.832814025878906250e+02
7.259122924804687500e+02
8.959594116210937500e+02
4.830321960449218750e+02
4.647727050781250000e+02
1.694893493652343750e+02
4.788450317382812500e+02
3.547064819335937500e+02
9.447067260742187500e+01
1.560173645019531250e+02
4.843544616699218750e+02
2.227543182373046875e+02
1.287298583984375000e+02
2.744773864746093750e+02
8.674699096679687500e+02
9.090776367187500000e+02
5.967532348632812500e+01
4.012353515625000000e+02
4.514616394042968750e+02
5.365735473632812500e+02
5.818018188476562500e+02
5.239149780273437500e+02
4.581100158691406250e+02
2.738448486328125000e+02
1.341684204101562500e+03
3.642058105468750000e+02
6.844962768554687500e+02
5.846657714843750000e+02
7.034638671875000000e+02
3.777214660644531250e+02
4.310354614257812500e+02
4.816644897460937500e+02
4.923747558593750000e+02
3.430886840820312500e+02
7.564450073242187500e+02
3.388919677734375000e+02
1.612599182128906250e+02
6.722304077148437500e+02
6.700220336914062500e+02
4.697927551269531250e+02
2.966993408203125000e+02
3.131838989257812500e+02
1.896012268066406250e+02
3.025091857910156250e+02
3.094458923339843750e+02
1.302480773925781250e+02
4.923711547851562500e+02
3.451513671875000000e+02
2.432427062988281250e+02
5.226669311523437500e+02
7.089391479492187500e+02
8.739704589843750000e+02
3.386734924316406250e+02
3.749828796386718750e+02
1.493286437988281250e+02
4.185926818847656250e+02
7.937476196289062500e+02
4.500857238769531250e+02
3.231923217773437500e+02
7.637376708984375000e+02
3.305991821289062500e+02
4.061782226562500000e+02
5.204461059570312500e+02
7.601429748535156250e+01
8.914338378906250000e+02
2.213127441406250000e+02
4.440874328613281250e+02
5.925233764648437500e+02
6.241959838867187500e+02
4.569813842773437500e+02
5.868358764648437500e+02
6.389987182617187500e+02
2.174817810058593750e+02
5.264561157226562500e+02
2.726045532226562500e+02
4.254039001464843750e+02
7.477662353515625000e+02
5.439774169921875000e+02
9.306582031250000000e+02
3.923767700195312500e+02
4.528054504394531250e+02
5.625004272460937500e+02
3.984640502929687500e+02
4.297453308105468750e+02
2.296209716796875000e+02
1.665592498779296875e+02
3.104284973144531250e+02
1.196072311401367188e+02
3.274591369628906250e+02
3.975800476074218750e+02
4.777585449218750000e+02
2.532306060791015625e+02
3.898034057617187500e+02
4.122324523925781250e+02
1.801755981445312500e+02
5.332025756835937500e+02
7.633458251953125000e+02
6.740927124023437500e+02
8.047282714843750000e+02
7.322781372070312500e+02
2.419272155761718750e+02
3.563448486328125000e+02
9.040175628662109375e+01
5.715411376953125000e+02
4.508172912597656250e+02
4.297208251953125000e+02
7.034323730468750000e+02
4.110310363769531250e+02
9.310565185546875000e+02
9.596810302734375000e+02
8.553021850585937500e+02
1.664130554199218750e+02
6.952193603515625000e+02
6.886909790039062500e+02
5.673642578125000000e+02
1.400157775878906250e+02
1.106969985961914062e+02
6.814098510742187500e+02
3.926011962890625000e+02
3.328889770507812500e+02
4.812718200683593750e+02
6.493392333984375000e+02
3.129476318359375000e+02
5.555953369140625000e+02
5.680798339843750000e+02
7.013182830810546875e+01
5.458218383789062500e+02
3.144037780761718750e+02
3.539653930664062500e+02
1.297223510742187500e+03
5.993463745117187500e+02
6.128687133789062500e+02
2.635638427734375000e+02
4.416304626464843750e+02
4.899277648925781250e+02
8.453758544921875000e+02
5.530931396484375000e+02
1.777435302734375000e+02
7.901696166992187500e+02
4.140466003417968750e+02
6.291098632812500000e+02
5.561907958984375000e+02
3.616835937500000000e+02
6.740613403320312500e+02
6.273510742187500000e+02
2.934198913574218750e+02
6.288563232421875000e+02
9.871589965820312500e+02
8.731524047851562500e+02
3.901649475097656250e+02
4.404653015136718750e+02
3.849709777832031250e+02
2.559701843261718750e+02
4.615121154785156250e+02
7.614633789062500000e+02
9.518007202148437500e+02
1.513546905517578125e+02
3.718705749511718750e+02
8.354116210937500000e+02
4.170658569335937500e+02
4.410969848632812500e+02
1.002351684570312500e+03
7.576718750000000000e+02
1.582430419921875000e+02
4.355664672851562500e+02
7.024757080078125000e+02
6.235513916015625000e+02
3.376774597167968750e+02
3.841577758789062500e+02
5.114966430664062500e+02
6.718927001953125000e+02
6.349213867187500000e+02
6.975316772460937500e+02
2.446192169189453125e+02
3.330853576660156250e+02
4.457528991699218750e+02
2.814564514160156250e+02
2.147349548339843750e+02
4.170696411132812500e+02
4.830069885253906250e+02
2.265807800292968750e+02
4.013474121093750000e+02
6.616341552734375000e+02
3.541913757324218750e+02
3.362074279785156250e+02
4.182667541503906250e+02
4.497179870605468750e+02
3.715279541015625000e+02
2.931737976074218750e+02
5.775426635742187500e+02
5.507642822265625000e+02
3.579002380371093750e+02
2.432331237792968750e+02
3.855704956054687500e+02
7.509005737304687500e+02
4.004014587402343750e+02
3.620430603027343750e+02
3.943771667480468750e+02
5.354764404296875000e+02
7.477007446289062500e+02
4.110235900878906250e+02
4.930643310546875000e+02
3.516751708984375000e+02
6.844993286132812500e+02
6.333948364257812500e+02
8.025727539062500000e+02
6.626723632812500000e+02
4.046470336914062500e+02
3.612278747558593750e+02
4.331437377929687500e+02
8.654855957031250000e+02
2.937846069335937500e+02
8.036170043945312500e+02
7.623978881835937500e+02
5.609122314453125000e+02
2.027451019287109375e+02
2.196430358886718750e+02
4.139393005371093750e+02
2.520520324707031250e+02
1.516129608154296875e+02
8.526575927734375000e+02
2.362838745117187500e+02
7.771687011718750000e+02
5.268595581054687500e+02
4.336426086425781250e+02
4.535504150390625000e+02
3.710578918457031250e+02
2.799465332031250000e+02
8.857202758789062500e+02
7.145886230468750000e+02
4.965933532714843750e+02
6.790410766601562500e+02
5.540820312500000000e+02
3.979379577636718750e+02
2.068657989501953125e+02
3.327464904785156250e+02
4.556404418945312500e+02
1.378235015869140625e+02
4.953399963378906250e+02
3.151165466308593750e+02
1.240132446289062500e+03
8.267575683593750000e+02
4.308280639648437500e+02
2.732107849121093750e+02
9.758640747070312500e+02
3.696302185058593750e+02
6.227546386718750000e+02
3.848125000000000000e+02
8.098228759765625000e+02
2.942554321289062500e+02
4.897447204589843750e+02
8.567729492187500000e+02
8.382519531250000000e+02
4.995890197753906250e+02
4.052690124511718750e+02
5.158639526367187500e+02
5.254771728515625000e+02
1.701941833496093750e+02
8.109283447265625000e+02
5.498642578125000000e+02
2.844325866699218750e+02
4.610759887695312500e+02
5.017849426269531250e+02
7.228016967773437500e+02
3.384535522460937500e+02
4.095694885253906250e+02
6.753398437500000000e+02
5.108995971679687500e+02
6.110725708007812500e+02
1.987381896972656250e+02
6.286934814453125000e+02
3.444614257812500000e+02
3.027618408203125000e+02
2.476519775390625000e+02
3.702525329589843750e+02
3.609796447753906250e+02
4.436123046875000000e+02
7.972301025390625000e+02
5.632435913085937500e+02
4.158828430175781250e+02
5.138044433593750000e+02
1.975905914306640625e+02
9.042229614257812500e+02
4.401095275878906250e+02
4.104698791503906250e+02
8.796966552734375000e+02
1.618096618652343750e+02
2.045097656250000000e+02
5.022485961914062500e+02
6.131194458007812500e+02
5.764903564453125000e+02
2.628952941894531250e+02
4.483779296875000000e+02
5.275344848632812500e+02
9.364151611328125000e+02
5.159901733398437500e+02
4.062111816406250000e+02
7.969882812500000000e+02
5.274265136718750000e+02
4.322697448730468750e+02
5.360502319335937500e+02
3.963720092773437500e+02
1.077799926757812500e+03
4.627445373535156250e+02
6.128830566406250000e+02
6.519234008789062500e+02
2.335455932617187500e+02
2.772307434082031250e+02
5.432427368164062500e+02
3.692898254394531250e+02
6.528768920898437500e+02
5.923080444335937500e+02
2.464425506591796875e+02
2.167131652832031250e+02
7.491746215820312500e+02
2.864783935546875000e+02
5.123091430664062500e+02
5.067347106933593750e+02
3.546795959472656250e+02
4.438604736328125000e+02
7.010996704101562500e+02
7.180993041992187500e+02
9.363320922851562500e+02
4.113334960937500000e+02
4.008064270019531250e+02
4.437910766601562500e+02
7.687411499023437500e+02
5.372071533203125000e+02
3.079272460937500000e+02
5.580474243164062500e+02
3.749197387695312500e+02
4.929982299804687500e+02
2.297154388427734375e+02
6.275876464843750000e+02
1.828338165283203125e+02
4.022755737304687500e+02
2.836512451171875000e+02
2.438547821044921875e+02
7.356285400390625000e+02
3.612498779296875000e+02
3.413982543945312500e+02
4.207547912597656250e+02
7.076999664306640625e+01
7.826591186523437500e+02
2.539515686035156250e+02
6.896161499023437500e+02
8.521846313476562500e+02
5.153002319335937500e+02
4.352619934082031250e+02
3.296443786621093750e+02
5.189793701171875000e+02
3.011872863769531250e+02
2.881865539550781250e+02
5.287814331054687500e+02
3.301520690917968750e+02
4.800508728027343750e+02
4.102856140136718750e+02
4.500670166015625000e+02
5.570292358398437500e+02
3.202353515625000000e+02
4.166011352539062500e+02
6.008504638671875000e+02
3.790671997070312500e+02
6.335901489257812500e+02
2.017969055175781250e+02
2.378528747558593750e+02
7.752355346679687500e+02
2.133948364257812500e+02
4.119379882812500000e+02
3.326821594238281250e+02
5.618043212890625000e+02
5.040929565429687500e+02
4.279259643554687500e+02
5.380531005859375000e+02
5.779332275390625000e+02
3.807388305664062500e+02
7.352248535156250000e+02
1.959383544921875000e+02
1.683562774658203125e+02
1.836199188232421875e+02
3.707364501953125000e+02
2.990249328613281250e+02
3.500992126464843750e+02
5.687848510742187500e+02
6.107982177734375000e+02
3.163451843261718750e+02
2.891071472167968750e+02
2.900717163085937500e+02
4.940198974609375000e+02
2.552610931396484375e+02
6.067800292968750000e+02
6.611869506835937500e+02
7.486351928710937500e+02
3.906138916015625000e+02
5.399421386718750000e+02
6.092689208984375000e+02
5.119633178710937500e+02
6.463807983398437500e+02
4.980677490234375000e+02
1.033346557617187500e+03
2.311098632812500000e+02
6.168455200195312500e+02
3.539004211425781250e+02
4.449122009277343750e+02
5.443880615234375000e+02
1.962274627685546875e+02
3.841082153320312500e+02
2.718285522460937500e+02
7.052564697265625000e+02
8.324675903320312500e+02
4.654026794433593750e+02
4.840533752441406250e+02
5.072022705078125000e+02
7.095620117187500000e+02
4.175660400390625000e+02
4.395763549804687500e+02
6.134918823242187500e+02
4.241115112304687500e+02
5.312708129882812500e+02
2.099431457519531250e+02
2.704809265136718750e+02
6.272639770507812500e+02
3.022112121582031250e+02
7.643239746093750000e+02
1.321874084472656250e+02
1.023919525146484375e+02
5.219403686523437500e+02
2.754859008789062500e+02
4.895309448242187500e+02
5.996935424804687500e+02
2.499780731201171875e+02
8.033942260742187500e+02
3.234159851074218750e+02
6.967512817382812500e+02
3.703152465820312500e+02
4.474132995605468750e+02
2.449280853271484375e+02
4.663202819824218750e+02
5.581434936523437500e+02
1.011060852050781250e+03
2.740349426269531250e+02
3.315152893066406250e+02
6.496326904296875000e+02
5.452561035156250000e+02
1.088465118408203125e+02
5.744398193359375000e+02
9.073103027343750000e+02
1.957312622070312500e+02
3.325625000000000000e+02
4.889193725585937500e+02
5.028102111816406250e+02
2.974312744140625000e+02
2.743069152832031250e+02
5.421523437500000000e+02
4.903438415527343750e+02
7.746546936035156250e+01
8.179558105468750000e+02
4.912162780761718750e+02
3.905644226074218750e+02
4.333867187500000000e+02
5.143729858398437500e+02
1.837820739746093750e+02
4.297135314941406250e+02
3.515246276855468750e+02
3.871568908691406250e+02
4.624270935058593750e+02
4.714641571044921875e+01
5.853016357421875000e+02
4.325148925781250000e+02
3.157195129394531250e+02
5.126901245117187500e+02
2.686429138183593750e+02
2.809059753417968750e+02
3.256058044433593750e+02
2.749136657714843750e+02
5.463338623046875000e+02
3.139003906250000000e+02
6.533397827148437500e+02
6.609865722656250000e+02
4.860494995117187500e+02
3.751984558105468750e+02
4.920231323242187500e+02
2.643554077148437500e+02
5.262862548828125000e+02
2.008611602783203125e+02
7.583656616210937500e+02
1.559132232666015625e+02
5.964024658203125000e+02
1.238560791015625000e+03
4.260906372070312500e+02
9.842557983398437500e+02
4.146238098144531250e+02
2.838273925781250000e+02
8.235581665039062500e+02
3.708941955566406250e+02
4.927643737792968750e+02
3.214485168457031250e+02
9.850634765625000000e+02
8.120639038085937500e+02
4.450411682128906250e+02
3.106441040039062500e+02
3.668708801269531250e+02
7.407805786132812500e+02
5.687811279296875000e+02
2.694265136718750000e+02
3.129659423828125000e+02
1.750931854248046875e+02
2.697257385253906250e+02
3.462989807128906250e+02
3.614078979492187500e+02
5.822382202148437500e+02
5.964384765625000000e+02
4.793523864746093750e+02
3.026989440917968750e+02
7.984159545898437500e+02
6.137497558593750000e+02
2.841302490234375000e+02
2.185536193847656250e+02
2.773715209960937500e+02
6.841353759765625000e+02
2.078802185058593750e+02
1.267023010253906250e+02
4.396818237304687500e+02
7.811157226562500000e+01
3.455877990722656250e+02
2.034681854248046875e+02
4.890855407714843750e+02
4.211556396484375000e+02
6.242250366210937500e+02
3.604791870117187500e+02
4.564077453613281250e+02
4.930584106445312500e+02
7.063477172851562500e+02
1.855356750488281250e+02
5.858339843750000000e+02
5.722721557617187500e+02
6.042972412109375000e+02
5.827083129882812500e+02
3.003074340820312500e+02
1.321832153320312500e+03
5.968936767578125000e+02
6.971773681640625000e+02
1.775664520263671875e+02
7.229451293945312500e+02
4.492752990722656250e+02
4.802707214355468750e+02
2.728403625488281250e+02
5.894478759765625000e+02
3.307994079589843750e+02
7.012821044921875000e+02
2.193779602050781250e+02
5.339096679687500000e+02
2.559211578369140625e+02
2.745620422363281250e+02
2.641846008300781250e+02
6.454850769042968750e+01
4.715936584472656250e+02
2.583705749511718750e+02
6.426261596679687500e+02
2.016921539306640625e+02
5.277197875976562500e+02
6.725133056640625000e+02
2.748894958496093750e+02
3.643048095703125000e+02
7.487578735351562500e+02
5.989505615234375000e+02
6.311745605468750000e+02
2.072674102783203125e+02
4.926848449707031250e+02
1.996590576171875000e+02
4.060336914062500000e+02
3.500664062500000000e+02
4.726786499023437500e+02
3.188918457031250000e+02
5.301228637695312500e+02
4.528518066406250000e+02
3.076890258789062500e+02
5.535197143554687500e+02
2.537461547851562500e+02
5.509531250000000000e+02
3.014858398437500000e+02
1.174155273437500000e+02
6.586639404296875000e+02
6.926929931640625000e+02
4.977452697753906250e+02
1.810629272460937500e+01
1.903591308593750000e+02
3.763755493164062500e+02
1.176942138671875000e+02
6.771158447265625000e+02
6.221657104492187500e+02
5.723261718750000000e+02
2.249925689697265625e+02
4.824506530761718750e+02
5.802116699218750000e+02
4.896264343261718750e+02
8.161569824218750000e+02
5.538239746093750000e+02
4.785668029785156250e+02
2.976198425292968750e+02
4.424852600097656250e+02
3.219660339355468750e+02
3.639781799316406250e+02
5.034787902832031250e+02
4.689139099121093750e+02
3.474338378906250000e+02
2.696744384765625000e+02
2.031695709228515625e+02
5.557800903320312500e+02
5.032098388671875000e+02
5.193502807617187500e+02
3.510327148437500000e+02
9.408538818359375000e+02
7.628993530273437500e+02
7.627503051757812500e+02
2.742948913574218750e+02
3.256823425292968750e+02
4.095113220214843750e+02
5.045561523437500000e+02
7.016933593750000000e+02
5.835860595703125000e+02
3.941918640136718750e+02
4.435869445800781250e+02
1.295294799804687500e+03
5.600337524414062500e+02
3.916280822753906250e+02
5.572206420898437500e+02
5.835991210937500000e+02
2.678489990234375000e+02
4.238293762207031250e+02
6.031624755859375000e+02
5.983722534179687500e+02
6.146596069335937500e+02
5.736749877929687500e+02
5.146887207031250000e+02
4.427388610839843750e+02
1.725668640136718750e+02
6.591380004882812500e+02
4.234671325683593750e+02
5.182186279296875000e+02
4.115484008789062500e+02
8.136078643798828125e+01
4.179347229003906250e+02
8.573854370117187500e+02
2.891679382324218750e+02
2.959917602539062500e+02
2.106813201904296875e+02
9.395304565429687500e+02
8.224237060546875000e+02
7.710803833007812500e+02
2.026953582763671875e+02
2.416913757324218750e+02
1.685609283447265625e+02
8.737114868164062500e+02
3.774769592285156250e+02
2.269852447509765625e+02
4.086731567382812500e+02
5.105165710449218750e+02
3.520446472167968750e+02
3.894709777832031250e+02
1.014513366699218750e+03
6.110181884765625000e+02
8.285244140625000000e+02
4.191330261230468750e+02
5.487771606445312500e+02
2.541380462646484375e+02
6.645784301757812500e+02
5.353556518554687500e+02
6.444107055664062500e+02
6.239346313476562500e+02
3.639104309082031250e+02
6.842514038085937500e+02
5.172880249023437500e+02
4.836395263671875000e+02
3.207340087890625000e+02
7.620604858398437500e+02
3.081462707519531250e+02
4.904568786621093750e+02
4.431928405761718750e+02
5.613084716796875000e+02
6.023209228515625000e+02
4.905186767578125000e+02
7.660806884765625000e+02
8.889776611328125000e+01
1.036637939453125000e+03
9.532033691406250000e+02
3.512595825195312500e+02
5.037597045898437500e+02
4.000682678222656250e+02
3.504530639648437500e+02
4.123155517578125000e+02
4.755605163574218750e+02
2.792584533691406250e+02
5.103982849121093750e+02
7.100397949218750000e+02
3.036575622558593750e+02
3.887488098144531250e+02
3.678455505371093750e+02
6.439300537109375000e+02
2.715322265625000000e+02
3.883037109375000000e+02
9.976601562500000000e+02
3.946532592773437500e+02
3.331672363281250000e+02
2.343057098388671875e+02
6.242952880859375000e+02
6.282486572265625000e+02
3.120631713867187500e+02
4.321477661132812500e+02
5.053525390625000000e+02
3.394662475585937500e+02
7.718723754882812500e+02
7.561921997070312500e+02
4.518964233398437500e+02
3.136517333984375000e+02
4.394030151367187500e+02
3.157922668457031250e+02
7.212347412109375000e+02
4.138472900390625000e+02
1.272233886718750000e+03
2.682542114257812500e+02
1.259724273681640625e+02
2.034295043945312500e+02
5.554207763671875000e+02
3.099420776367187500e+02
1.855256347656250000e+02
6.644707031250000000e+02
4.485406188964843750e+02
3.536221923828125000e+02
3.053548889160156250e+02
2.636864929199218750e+02
5.948815307617187500e+02
3.768878784179687500e+02
4.043892822265625000e+02
9.248732299804687500e+02
2.336508636474609375e+02
2.643499450683593750e+02
3.414918823242187500e+02
3.768710021972656250e+02
3.169890136718750000e+02
4.302582397460937500e+02
1.349691009521484375e+02
4.639835205078125000e+02
7.300790405273437500e+02
4.805845031738281250e+02
5.059877014160156250e+02
6.422821044921875000e+02
4.426756591796875000e+02
5.660426635742187500e+02
5.807766723632812500e+02
4.598444519042968750e+02
5.144738159179687500e+02
3.725992126464843750e+02
4.572385253906250000e+02
3.731578369140625000e+02
2.462289123535156250e+02
8.402974853515625000e+02
6.289978027343750000e+02
2.153485260009765625e+02
4.940079345703125000e+02
3.728000793457031250e+02
1.456802825927734375e+02
6.761856079101562500e+02
4.433507385253906250e+02
3.994727478027343750e+02
7.052036743164062500e+02
3.933149108886718750e+02
2.681041870117187500e+02
7.977178344726562500e+02
2.195919494628906250e+02
6.932590942382812500e+02
7.187447509765625000e+02
7.159653320312500000e+02
3.707011718750000000e+02
5.154716796875000000e+02
4.945597534179687500e+02
3.723462829589843750e+02
2.149122772216796875e+02
3.678534851074218750e+02
4.177729492187500000e+02
6.015998535156250000e+02
5.226098632812500000e+02
2.303748168945312500e+02
6.108280029296875000e+02
3.695879516601562500e+02
2.236441802978515625e+02
4.643011169433593750e+02
5.913314208984375000e+02
5.827664184570312500e+02
7.120501098632812500e+02
2.506348724365234375e+02
9.966185913085937500e+02
1.155122558593750000e+03
7.971379089355468750e+01
3.050003967285156250e+02
2.771502075195312500e+02
4.238840942382812500e+02
5.878103027343750000e+02
3.410299072265625000e+02
2.747183837890625000e+02
4.559491271972656250e+02
2.981611633300781250e+02
9.232415771484375000e+02
1.000682312011718750e+03
6.618052978515625000e+02
3.847588500976562500e+02
3.720191345214843750e+02
3.795908508300781250e+02
2.688276672363281250e+02
5.100028991699218750e+02
4.348549194335937500e+02
7.564453735351562500e+02
4.942186889648437500e+02
3.836658020019531250e+02
5.249553222656250000e+02
2.637164306640625000e+02
3.165366210937500000e+02
6.530197143554687500e+02
3.817618713378906250e+02
1.573141784667968750e+02
4.078580627441406250e+02
4.200901794433593750e+02
5.376955566406250000e+02
2.164226531982421875e+02
7.554210205078125000e+02
6.866384887695312500e+02
7.305896606445312500e+02
2.791454772949218750e+02
4.193951416015625000e+02
5.625352172851562500e+02
9.562193603515625000e+02
5.313699951171875000e+02
3.623341064453125000e+02
1.049970825195312500e+03
6.349664916992187500e+02
4.067870788574218750e+02
4.318688354492187500e+02
7.664004516601562500e+02
2.912297058105468750e+02
7.220653076171875000e+02
5.318800048828125000e+02
4.504160461425781250e+02
4.108909912109375000e+02
6.311063232421875000e+02
4.525832824707031250e+02
3.243480834960937500e+02
5.625554199218750000e+02
5.029010009765625000e+02
6.604372558593750000e+02
7.099179077148437500e+02
3.473002929687500000e+02
5.545476074218750000e+02
4.984351806640625000e+02
4.662854003906250000e+02
5.701354980468750000e+02
2.551947631835937500e+02
7.282713012695312500e+02
7.116606445312500000e+02
3.822937316894531250e+02
7.179677734375000000e+02
3.309036865234375000e+02
3.361322937011718750e+02
4.102554321289062500e+02
5.238229980468750000e+02
5.172216796875000000e+02
2.795721130371093750e+02
7.211188354492187500e+02
4.146555786132812500e+02
3.854987792968750000e+02
4.911594238281250000e+02
4.448169860839843750e+02
8.813667602539062500e+02
6.429799194335937500e+02
6.008541259765625000e+02
1.454950103759765625e+02
1.671992034912109375e+02
3.892539672851562500e+02
7.388781738281250000e+02
5.944215698242187500e+02
8.446555786132812500e+02
2.290857849121093750e+02
6.092118530273437500e+02
7.881046142578125000e+02
1.208473587036132812e+02
4.205189514160156250e+02
3.434440917968750000e+02
3.939998474121093750e+02
2.481703796386718750e+02
6.304314575195312500e+02
3.863937683105468750e+02
2.988906250000000000e+02
6.211230468750000000e+02
5.889774169921875000e+02
3.460225219726562500e+02
5.622737426757812500e+02
8.637362670898437500e+02
6.340406494140625000e+02
1.240336761474609375e+02
3.091620788574218750e+02
1.342209625244140625e+02
4.242655029296875000e+02
4.537546386718750000e+02
6.316728515625000000e+02
4.227851867675781250e+02
4.307685852050781250e+02
4.976963500976562500e+02
4.333880004882812500e+02
3.131027526855468750e+02
2.720925292968750000e+02
2.315225982666015625e+02
5.648303833007812500e+02
9.369241943359375000e+02
7.786844482421875000e+02
9.647227478027343750e+01
1.010487594604492188e+02
5.259912719726562500e+02
2.055249786376953125e+02
6.272495727539062500e+02
4.815051269531250000e+02
6.078239135742187500e+02
1.080520324707031250e+02
1.341052246093750000e+02
6.460059204101562500e+02
1.973871459960937500e+02
8.512379150390625000e+02
3.990958557128906250e+02
2.058301544189453125e+02
6.760088500976562500e+02
6.744519042968750000e+02
4.954576110839843750e+02
8.029310913085937500e+02
4.394091796875000000e+02
5.076108093261718750e+02
2.826412658691406250e+02
5.067207641601562500e+02
2.830615844726562500e+02
5.516243286132812500e+02
6.438126220703125000e+02
7.470631103515625000e+02
5.883541870117187500e+02
8.859573974609375000e+02
4.889548034667968750e+02
2.888283386230468750e+02
4.632969970703125000e+02
7.531445312500000000e+02
4.096789855957031250e+02
6.748695678710937500e+02
5.407485351562500000e+02
3.252911682128906250e+02
2.302812042236328125e+02
1.983223419189453125e+02
3.238696899414062500e+02
2.609481201171875000e+02
5.927916870117187500e+02
3.345250549316406250e+02
6.581342773437500000e+02
2.763562316894531250e+02
2.698388061523437500e+02
5.964083862304687500e+02
2.989353332519531250e+02
7.993118896484375000e+02
4.375577392578125000e+02
5.133407592773437500e+02
4.832357482910156250e+02
4.702952880859375000e+02
1.086149536132812500e+03
4.720264282226562500e+02
1.528049774169921875e+02
5.075657958984375000e+02
2.845228271484375000e+02
3.900080566406250000e+02
6.156863403320312500e+02
6.803873291015625000e+02
5.271520385742187500e+02
3.305435485839843750e+02
5.626846923828125000e+02
4.153433227539062500e+02
3.851461791992187500e+02
2.642286376953125000e+02
2.881366577148437500e+02
2.308576965332031250e+02
4.453130493164062500e+02
5.420936889648437500e+02
5.761887817382812500e+02
5.142291870117187500e+02
2.856426086425781250e+02
5.200375366210937500e+02
8.079127197265625000e+02
5.068626708984375000e+02
8.575582275390625000e+02
2.479538269042968750e+02
4.600267028808593750e+02
4.691265258789062500e+02
2.199570617675781250e+02
8.327120361328125000e+02
1.497136840820312500e+02
6.580458984375000000e+02
7.266398925781250000e+02
5.026984558105468750e+02
7.223560791015625000e+02
5.045831604003906250e+02
1.009283386230468750e+03
5.458466186523437500e+02
5.671461181640625000e+02
9.863060302734375000e+02
6.946905517578125000e+02
7.339583129882812500e+02
3.190478820800781250e+02
1.383235836029052734e+01
8.930406494140625000e+02
4.657917175292968750e+02
4.530804138183593750e+02
4.746658020019531250e+02
6.149605102539062500e+02
3.225637512207031250e+02
8.544127197265625000e+02
2.069534606933593750e+02
4.423005981445312500e+02
4.663406677246093750e+02
4.112385559082031250e+02
3.597087707519531250e+02
4.447716979980468750e+02
5.129406738281250000e+02
5.672272338867187500e+02
4.749568176269531250e+02
6.153654785156250000e+02
6.511083374023437500e+02
2.591008911132812500e+02
2.398177642822265625e+02
7.078565063476562500e+02
5.984452514648437500e+02
5.563305664062500000e+02
8.327017211914062500e+02
9.091968994140625000e+02
4.812606201171875000e+02
4.106021118164062500e+02
3.615886230468750000e+02
7.574156494140625000e+02
2.341594390869140625e+02
3.579174804687500000e+02
4.181241455078125000e+02
2.202979888916015625e+02
5.125228881835937500e+02
5.772608032226562500e+02
7.057256469726562500e+02
1.762692413330078125e+02
1.979307250976562500e+02
5.566561889648437500e+02
2.952338867187500000e+02
7.220774536132812500e+02
8.295045776367187500e+02
2.803947143554687500e+02
4.731841735839843750e+02
2.982583923339843750e+02
6.748263549804687500e+02
6.193674316406250000e+02
3.454851684570312500e+02
2.945168762207031250e+02
5.518290405273437500e+02
4.806604309082031250e+02
3.408361511230468750e+02
5.168367919921875000e+02
2.994111022949218750e+02
2.892211914062500000e+02
8.462723388671875000e+02
7.712035522460937500e+02
7.534656372070312500e+02
5.794991455078125000e+02
6.557733764648437500e+02
4.895311584472656250e+02
7.883344116210937500e+02
3.896674804687500000e+02
2.975705261230468750e+02
4.101445922851562500e+02
3.308444213867187500e+02
3.877209167480468750e+02
1.929971923828125000e+02
5.924081420898437500e+02
2.450787811279296875e+02
5.347835693359375000e+02
3.520210571289062500e+02
3.284683837890625000e+02
6.317979736328125000e+02
3.809553833007812500e+02
1.069904556274414062e+02
3.267281494140625000e+02
3.582783203125000000e+02
8.212164306640625000e+01
4.456890258789062500e+02
5.791398925781250000e+02
5.284523315429687500e+02
4.756535034179687500e+02
3.580698547363281250e+02
3.125516967773437500e+02
4.960962829589843750e+02
2.031785583496093750e+02
5.552039184570312500e+02
2.479267578125000000e+02
1.471818237304687500e+03
2.758609924316406250e+02
4.592208557128906250e+02
3.683323364257812500e+02
7.295521850585937500e+02
4.257687988281250000e+02
4.124896240234375000e+02
6.527465209960937500e+02
2.897407226562500000e+02
3.823538208007812500e+02
5.346255493164062500e+02
3.060079040527343750e+02
4.929406127929687500e+02
5.438209838867187500e+02
5.623909912109375000e+02
5.596492309570312500e+02
2.814724731445312500e+02
4.879674377441406250e+02
4.718578186035156250e+02
4.721937561035156250e+02
6.750720825195312500e+02
2.614782104492187500e+02
5.054217834472656250e+02
4.083239746093750000e+02
4.594067993164062500e+02
3.217501831054687500e+02
6.510066528320312500e+02
7.603036499023437500e+02
2.229290161132812500e+02
8.038676147460937500e+02
4.022143554687500000e+02
2.695822448730468750e+02
6.402495727539062500e+02
4.000875244140625000e+02
2.400032043457031250e+02
6.882540283203125000e+02
6.288433837890625000e+02
5.823604583740234375e+01
1.203709838867187500e+03
