5.535044555664062500e+02
2.380219116210937500e+02
9.434156494140625000e+02
5.489769287109375000e+02
2.806071166992187500e+02
4.857353515625000000e+02
6.035564575195312500e+02
2.015602874755859375e+02
1.286982666015625000e+03
1.698393249511718750e+02
7.127866821289062500e+02
5.355129394531250000e+02
4.720100097656250000e+02
5.910736083984375000e+02
6.435084838867187500e+02
4.674295959472656250e+02
4.140623168945312500e+02
3.703497619628906250e+02
4.101445312500000000e+02
2.618283691406250000e+02
2.440800170898437500e+02
6.092812500000000000e+02
5.152732543945312500e+02
8.766179809570312500e+02
4.312010803222656250e+02
2.893086547851562500e+02
2.881717834472656250e+02
2.724331054687500000e+02
4.480427551269531250e+02
3.747758483886718750e+02
2.109417724609375000e+02
3.017978820800781250e+02
4.831658935546875000e+02
2.620845642089843750e+02
3.395197448730468750e+02
2.200520019531250000e+02
2.944134826660156250e+02
3.580990600585937500e+02
5.618909301757812500e+02
4.526029357910156250e+02
2.891598205566406250e+02
3.491736145019531250e+02
5.316939086914062500e+02
5.140139007568359375e+01
4.403733215332031250e+02
5.026648254394531250e+02
2.977502136230468750e+02
7.715206298828125000e+02
6.014641113281250000e+02
3.253347778320312500e+02
4.004102783203125000e+02
4.122352600097656250e+02
6.358948364257812500e+02
2.362622222900390625e+02
4.054680786132812500e+02
5.037860107421875000e+02
6.867542114257812500e+02
6.803379516601562500e+02
4.243920593261718750e+02
6.613400268554687500e+02
4.062358398437500000e+02
9.125685424804687500e+02
4.818485717773437500e+02
6.879384155273437500e+02
4.556674499511718750e+02
3.039231872558593750e+02
3.946356811523437500e+02
7.283775024414062500e+02
3.131914978027343750e+02
2.667741394042968750e+02
2.210520477294921875e+02
4.354903259277343750e+02
2.244410400390625000e+02
6.035739135742187500e+02
3.274388427734375000e+02
8.113282470703125000e+02
1.121170578002929688e+02
5.097786865234375000e+02
5.562208862304687500e+02
1.321815795898437500e+02
2.145524749755859375e+02
1.410079650878906250e+02
5.438592529296875000e+02
4.647236328125000000e+02
1.668414154052734375e+02
5.928537597656250000e+02
3.314858703613281250e+02
2.583112182617187500e+02
2.274570922851562500e+02
3.727382202148437500e+02
3.201729125976562500e+02
5.421895141601562500e+02
3.264829101562500000e+02
6.352106933593750000e+02
6.221685180664062500e+02
6.002232666015625000e+02
5.178806152343750000e+02
5.892954101562500000e+02
4.187841186523437500e+02
2.594198303222656250e+02
5.283098754882812500e+02
2.306600036621093750e+02
1.725276641845703125e+02
4.106452636718750000e+02
7.299490356445312500e+01
8.826834106445312500e+02
3.329859542846679688e+01
8.075700073242187500e+02
4.902462463378906250e+02
2.625456848144531250e+02
4.318612365722656250e+02
4.465366821289062500e+02
1.239253662109375000e+03
2.506664581298828125e+02
3.607177734375000000e+02
8.069499511718750000e+02
3.939181823730468750e+02
3.376293945312500000e+02
3.799604492187500000e+02
7.453878173828125000e+02
3.238420410156250000e+02
2.656924133300781250e+02
2.843649902343750000e+02
6.921829223632812500e+02
2.301230468750000000e+02
2.597497863769531250e+02
2.118221740722656250e+02
1.852510070800781250e+02
6.444076538085937500e+01
2.892897949218750000e+02
6.490413818359375000e+02
3.959279479980468750e+02
5.545307617187500000e+02
1.395966491699218750e+02
3.124395446777343750e+02
7.414184570312500000e+02
2.796485595703125000e+02
8.335069580078125000e+02
1.608760375976562500e+02
3.558063354492187500e+02
8.209924316406250000e+02
5.817630004882812500e+02
1.904032592773437500e+02
1.246033248901367188e+02
1.036939086914062500e+03
7.248145751953125000e+02
3.432587585449218750e+02
2.707691040039062500e+02
4.831237792968750000e+02
5.267357177734375000e+02
2.140719909667968750e+02
7.799202880859375000e+02
3.305480957031250000e+02
4.339496154785156250e+02
3.381828308105468750e+02
4.645530395507812500e+02
5.279483032226562500e+02
6.277902221679687500e+01
5.875411987304687500e+02
3.858612060546875000e+02
8.250374755859375000e+02
5.805413208007812500e+02
2.224621734619140625e+02
1.642245178222656250e+02
5.856023559570312500e+02
7.161834106445312500e+02
5.053342285156250000e+02
7.364764404296875000e+02
1.279552368164062500e+03
1.948305511474609375e+02
5.766254272460937500e+02
7.465297851562500000e+02
4.506213684082031250e+02
5.623945922851562500e+02
5.122485961914062500e+02
8.051014404296875000e+02
3.057996826171875000e+02
9.707398071289062500e+02
5.164534301757812500e+02
7.481518554687500000e+02
5.682541503906250000e+02
4.870074462890625000e+02
4.528721008300781250e+02
3.313081665039062500e+02
3.284187011718750000e+02
9.136567382812500000e+02
5.895979003906250000e+02
6.371046142578125000e+02
1.704175720214843750e+02
2.440889739990234375e+02
5.864628906250000000e+02
6.404896850585937500e+02
6.304630126953125000e+02
2.366620483398437500e+02
1.009779663085937500e+02
3.066723937988281250e+02
2.095727996826171875e+02
6.051403808593750000e+02
3.832820129394531250e+02
3.946647949218750000e+02
3.430169982910156250e+02
4.628609619140625000e+02
3.890883483886718750e+02
1.549245758056640625e+02
2.564429321289062500e+02
2.112777862548828125e+02
1.120283203125000000e+03
6.373416137695312500e+02
5.642163696289062500e+02
8.082396240234375000e+02
5.088988647460937500e+02
2.907568664550781250e+02
4.183211669921875000e+02
4.674257812500000000e+02
6.752382202148437500e+02
2.823399353027343750e+02
5.450565795898437500e+02
3.810829162597656250e+02
4.535546875000000000e+02
8.635698852539062500e+02
1.152861709594726562e+02
3.531259155273437500e+02
4.855916442871093750e+02
4.208543090820312500e+02
3.047900390625000000e+02
5.315435791015625000e+02
2.305934753417968750e+02
5.307040405273437500e+02
6.105570068359375000e+02
1.489406585693359375e+02
3.661087341308593750e+02
3.525125427246093750e+02
1.734754333496093750e+02
5.247961425781250000e+02
3.714371337890625000e+02
4.504745178222656250e+02
9.407180786132812500e+02
4.517161254882812500e+02
2.620728759765625000e+02
5.766385498046875000e+02
5.093560485839843750e+02
3.653064270019531250e+02
2.147185974121093750e+02
5.598708496093750000e+02
4.216685485839843750e+02
2.596057128906250000e+02
4.433145751953125000e+02
3.648904113769531250e+02
2.548006896972656250e+02
1.650442810058593750e+02
7.195045776367187500e+02
1.444532318115234375e+02
5.639956054687500000e+02
4.649427185058593750e+02
7.481168212890625000e+02
5.338272094726562500e+02
3.199920654296875000e+02
3.083136291503906250e+02
4.597463989257812500e+02
4.963344421386718750e+02
3.032803344726562500e+02
7.641096801757812500e+02
8.022462158203125000e+02
6.561714477539062500e+02
1.801047821044921875e+02
2.055089111328125000e+02
6.757986450195312500e+02
2.028115539550781250e+02
6.980183105468750000e+02
4.355971374511718750e+02
4.866604309082031250e+02
5.547020263671875000e+02
1.678514556884765625e+02
6.034362792968750000e+02
5.489902954101562500e+02
6.092974853515625000e+02
4.394008178710937500e+02
8.826782226562500000e+02
3.463941345214843750e+02
4.035538330078125000e+02
5.098002319335937500e+02
2.626326904296875000e+02
5.499877929687500000e+02
7.012203216552734375e+01
5.564503784179687500e+02
3.551737060546875000e+02
1.855946197509765625e+02
3.948054504394531250e+02
4.951836853027343750e+02
5.016452941894531250e+02
3.339736938476562500e+02
5.237080764770507812e+01
7.761246337890625000e+02
3.171141052246093750e+02
4.199335632324218750e+02
4.914294738769531250e+02
6.162587280273437500e+02
5.783186035156250000e+02
1.521073913574218750e+02
1.615082397460937500e+02
6.191604614257812500e+02
9.352917480468750000e+02
4.876442871093750000e+02
5.287363281250000000e+02
3.847568969726562500e+02
5.907737426757812500e+02
1.597379913330078125e+02
3.652834472656250000e+02
9.198413085937500000e+02
6.421450805664062500e+02
2.482869415283203125e+02
3.767992553710937500e+02
5.082926330566406250e+02
5.838953247070312500e+02
3.373401794433593750e+02
4.071116943359375000e+02
2.945366821289062500e+02
3.026874084472656250e+02
4.397439270019531250e+02
6.016899414062500000e+02
3.578778991699218750e+02
5.638130493164062500e+02
2.894938964843750000e+02
3.141614379882812500e+02
3.226159667968750000e+02
3.745241088867187500e+02
6.345721435546875000e+02
2.386571960449218750e+02
1.820833892822265625e+02
9.757330322265625000e+02
3.885256958007812500e+02
7.351586303710937500e+02
8.337855834960937500e+02
2.270166320800781250e+02
2.415591735839843750e+02
2.553184661865234375e+02
6.858154907226562500e+02
5.939230346679687500e+02
6.013833618164062500e+02
5.251092529296875000e+02
8.428853759765625000e+02
4.275366821289062500e+02
5.351713867187500000e+02
6.746029052734375000e+02
3.493366394042968750e+02
3.382093505859375000e+02
6.130143432617187500e+02
3.025832824707031250e+02
5.856678466796875000e+02
5.367691650390625000e+02
7.977620849609375000e+02
4.526922302246093750e+02
2.939169616699218750e+02
3.476609497070312500e+02
2.560511779785156250e+02
4.031817321777343750e+02
3.961162719726562500e+02
3.944624328613281250e+02
7.515398559570312500e+02
5.690392456054687500e+02
6.465968627929687500e+02
3.266175231933593750e+02
8.491274414062500000e+02
3.687273864746093750e+02
6.868928222656250000e+02
4.317631530761718750e+02
3.237200012207031250e+02
3.942460632324218750e+02
2.842301330566406250e+02
4.453502807617187500e+02
9.772558593750000000e+02
5.063740539550781250e+02
3.110876770019531250e+02
3.084803161621093750e+02
1.427188720703125000e+02
2.030630798339843750e+02
4.594825744628906250e+02
2.942460632324218750e+02
2.478557586669921875e+02
6.074689331054687500e+02
2.093072509765625000e+02
8.190502319335937500e+02
2.924697265625000000e+02
2.343044128417968750e+02
2.950832519531250000e+02
1.435488281250000000e+02
5.682457275390625000e+02
6.497814331054687500e+02
4.228305969238281250e+02
4.077716979980468750e+02
7.194026489257812500e+02
2.891454162597656250e+02
4.627250061035156250e+02
2.723792724609375000e+02
7.756425781250000000e+02
6.220021362304687500e+02
5.505303955078125000e+02
1.683994598388671875e+02
8.653522949218750000e+02
3.367497558593750000e+02
2.746021728515625000e+02
3.957384338378906250e+02
1.955629119873046875e+02
6.560182495117187500e+02
3.692880859375000000e+02
6.288984375000000000e+02
2.428734436035156250e+02
3.567048950195312500e+02
3.927142639160156250e+02
4.894114990234375000e+02
1.014105712890625000e+03
6.684367065429687500e+02
4.478422851562500000e+02
3.780616455078125000e+02
6.848370971679687500e+02
2.613915100097656250e+02
5.205131225585937500e+02
2.405149688720703125e+02
6.854404907226562500e+02
7.615863647460937500e+02
3.370823974609375000e+02
3.064663696289062500e+02
4.936381225585937500e+02
7.825402832031250000e+02
4.916184082031250000e+02
7.725923461914062500e+02
1.095747192382812500e+03
5.345083618164062500e+02
8.930932617187500000e+02
6.962503051757812500e+02
7.610111694335937500e+02
5.441188354492187500e+02
3.558047180175781250e+02
1.660989074707031250e+02
6.209431762695312500e+02
2.174533691406250000e+02
7.901729125976562500e+02
3.246046752929687500e+02
6.983979492187500000e+02
5.696001586914062500e+02
2.190886383056640625e+02
9.491246337890625000e+02
2.357001190185546875e+02
4.044586181640625000e+02
3.427715454101562500e+02
1.725780639648437500e+02
4.526746826171875000e+02
4.849288635253906250e+02
6.379334716796875000e+02
4.386058044433593750e+02
6.110994873046875000e+02
3.992353515625000000e+02
1.010588134765625000e+03
4.099850158691406250e+02
6.219453125000000000e+02
6.372583007812500000e+02
5.795471801757812500e+02
4.493130493164062500e+02
3.357950134277343750e+02
3.167788391113281250e+02
5.499884643554687500e+02
7.298433227539062500e+02
1.319926605224609375e+02
5.379075317382812500e+02
3.195159606933593750e+02
7.497959594726562500e+02
4.848558044433593750e+02
6.182260742187500000e+02
2.146297760009765625e+02
5.393058471679687500e+02
9.338419189453125000e+02
9.391738891601562500e+02
5.846041259765625000e+02
5.725342407226562500e+02
5.195112304687500000e+02
5.374316406250000000e+02
8.667770996093750000e+02
3.518349914550781250e+02
3.758511657714843750e+02
8.882138061523437500e+02
5.701187133789062500e+02
2.432229614257812500e+02
6.900364990234375000e+02
3.655224914550781250e+02
5.848930053710937500e+02
4.504198608398437500e+02
6.666486816406250000e+02
3.929660339355468750e+02
9.709100952148437500e+02
4.914825744628906250e+02
8.163830566406250000e+02
4.811223144531250000e+02
7.191861572265625000e+02
6.457726440429687500e+02
5.955128173828125000e+02
3.079244079589843750e+02
3.721925659179687500e+02
5.372857666015625000e+02
5.982464599609375000e+02
1.294289245605468750e+02
5.819085083007812500e+02
3.033459472656250000e+02
6.736682739257812500e+02
2.201129302978515625e+02
1.259346923828125000e+02
9.007408447265625000e+02
3.894548034667968750e+02
3.057632751464843750e+02
6.951218261718750000e+02
8.388444213867187500e+02
5.638981933593750000e+02
7.226622314453125000e+02
8.284349975585937500e+02
1.622024841308593750e+02
4.111831665039062500e+02
7.050568237304687500e+02
4.933754272460937500e+02
5.985382080078125000e+02
4.471286621093750000e+02
5.207679443359375000e+02
3.799764099121093750e+02
8.507575073242187500e+02
3.771932983398437500e+02
3.994081420898437500e+02
4.217741699218750000e+02
5.260915527343750000e+02
3.155115356445312500e+02
1.797787170410156250e+02
6.821544189453125000e+02
4.485411682128906250e+02
8.232941284179687500e+02
3.369125671386718750e+02
7.969971923828125000e+02
2.224647979736328125e+02
3.845767211914062500e+02
5.164973754882812500e+02
3.431318054199218750e+02
9.962608032226562500e+02
2.552915344238281250e+02
5.451975708007812500e+02
3.712907714843750000e+02
6.699690551757812500e+02
6.435821533203125000e+02
9.007664184570312500e+02
6.098615722656250000e+02
4.950799560546875000e+02
3.151315917968750000e+02
2.047064361572265625e+02
4.623864135742187500e+02
4.064851989746093750e+02
3.310845336914062500e+02
4.741989746093750000e+02
3.957087707519531250e+02
3.925214538574218750e+02
5.889622802734375000e+02
2.529498291015625000e+02
3.939844055175781250e+02
2.046403808593750000e+02
6.784581298828125000e+02
3.459884643554687500e+02
4.206690063476562500e+02
2.381000213623046875e+02
2.966623535156250000e+02
3.693231811523437500e+02
4.475577392578125000e+02
3.823382263183593750e+02
3.935937805175781250e+02
4.572286682128906250e+02
2.712676391601562500e+02
3.876851501464843750e+02
3.586077575683593750e+02
3.956824340820312500e+02
3.926618957519531250e+02
3.406936950683593750e+02
5.244191894531250000e+02
4.229199218750000000e+02
3.506701049804687500e+02
7.605497436523437500e+02
8.240988769531250000e+02
2.870476989746093750e+02
3.583538513183593750e+02
3.371340942382812500e+02
8.406168823242187500e+02
6.263432617187500000e+02
4.427039489746093750e+02
4.676294250488281250e+02
3.661780090332031250e+02
4.004816894531250000e+02
3.489379272460937500e+02
6.640701904296875000e+02
5.060177001953125000e+02
5.524445190429687500e+02
5.772805786132812500e+02
8.900166015625000000e+02
1.438721466064453125e+02
3.062542419433593750e+02
3.447297668457031250e+02
4.163276672363281250e+02
1.521517028808593750e+02
4.990076293945312500e+02
2.302883148193359375e+02
3.943365173339843750e+02
2.403441009521484375e+02
3.057311401367187500e+02
4.605251770019531250e+02
4.060025329589843750e+02
5.699809570312500000e+02
6.079294433593750000e+02
1.103421752929687500e+03
3.494000244140625000e+02
3.802584533691406250e+02
4.499219665527343750e+02
5.002869873046875000e+02
2.014301757812500000e+02
4.042493896484375000e+02
2.770162048339843750e+02
3.826633300781250000e+02
1.957721405029296875e+02
3.035739135742187500e+02
7.415518798828125000e+02
4.570210266113281250e+02
3.127875061035156250e+02
5.891864013671875000e+02
7.883842773437500000e+02
5.619598999023437500e+02
5.341070556640625000e+02
4.647420959472656250e+02
7.085267944335937500e+02
6.289301147460937500e+02
2.660346374511718750e+02
5.654097900390625000e+02
4.731159667968750000e+02
1.038136444091796875e+02
3.495825195312500000e+02
4.507811584472656250e+02
7.645313720703125000e+02
5.033149719238281250e+02
2.282867126464843750e+02
3.011380615234375000e+02
3.765813598632812500e+02
5.595072021484375000e+02
6.575366821289062500e+02
3.636252746582031250e+02
4.569216003417968750e+02
4.813416137695312500e+02
2.494470825195312500e+02
4.094486694335937500e+02
3.361415100097656250e+02
8.491174316406250000e+02
5.748693847656250000e+02
6.898111572265625000e+02
4.672215270996093750e+02
1.671780853271484375e+02
3.771479187011718750e+02
4.358847656250000000e+02
7.564678344726562500e+02
4.645610656738281250e+02
1.816685638427734375e+02
4.769131469726562500e+02
6.886101074218750000e+02
6.665039672851562500e+02
3.216240234375000000e+02
5.551511230468750000e+02
5.743645629882812500e+02
3.865356445312500000e+02
6.933369750976562500e+02
5.252329711914062500e+02
1.900982818603515625e+02
5.454499511718750000e+02
3.584896545410156250e+02
7.553190307617187500e+02
5.532553100585937500e+02
3.405594787597656250e+02
2.414140014648437500e+02
3.933441467285156250e+02
3.661537475585937500e+02
8.440816497802734375e+01
3.972704772949218750e+02
9.158327026367187500e+02
3.584428100585937500e+02
1.963849487304687500e+02
7.258845214843750000e+02
5.504563598632812500e+02
7.641830444335937500e+02
3.536123962402343750e+02
7.075820922851562500e+02
5.862061767578125000e+02
9.027537841796875000e+02
7.437047729492187500e+02
5.806088256835937500e+02
2.598888854980468750e+02
4.604652099609375000e+02
4.891574707031250000e+02
5.053460998535156250e+02
1.207785644531250000e+03
6.531394653320312500e+02
4.198706665039062500e+02
7.702037353515625000e+02
5.244708862304687500e+02
4.399566345214843750e+02
3.635251464843750000e+02
5.910238647460937500e+02
4.956117858886718750e+02
3.696990966796875000e+02
4.368432312011718750e+02
3.341594848632812500e+02
6.582919311523437500e+02
2.735713195800781250e+02
5.747691650390625000e+02
4.165076599121093750e+02
7.566867065429687500e+02
5.997228393554687500e+02
5.169446411132812500e+02
5.640786361694335938e+01
2.847084045410156250e+02
2.685576782226562500e+02
8.129425048828125000e+02
2.837047729492187500e+02
4.797907714843750000e+02
3.999017639160156250e+02
2.751368713378906250e+02
2.385556945800781250e+02
2.966302795410156250e+02
3.986076049804687500e+02
3.824481506347656250e+02
8.235360717773437500e+02
2.935474853515625000e+02
4.981356201171875000e+02
6.205141601562500000e+02
5.809920043945312500e+02
3.514484863281250000e+02
4.030018310546875000e+02
3.634403076171875000e+02
4.720581665039062500e+02
4.236726379394531250e+02
7.218442382812500000e+02
5.241180419921875000e+02
5.152326660156250000e+02
2.555477905273437500e+02
3.214833374023437500e+02
3.987610168457031250e+02
4.526944580078125000e+02
6.558217163085937500e+02
2.795739135742187500e+02
3.752998046875000000e+02
5.221452636718750000e+02
4.860402832031250000e+02
5.006964721679687500e+02
4.057295837402343750e+02
2.463054046630859375e+02
4.982945251464843750e+02
1.858261566162109375e+02
1.910016937255859375e+02
2.675401306152343750e+02
2.641614685058593750e+02
3.710667419433593750e+02
6.157491455078125000e+02
3.930848083496093750e+02
5.201534423828125000e+02
5.835808105468750000e+02
2.993915710449218750e+02
3.052608947753906250e+02
3.232462158203125000e+02
3.048580322265625000e+02
4.609356079101562500e+02
6.229712524414062500e+02
6.483843383789062500e+02
2.343021087646484375e+02
2.801711425781250000e+02
5.859013671875000000e+02
2.144364929199218750e+02
2.939010925292968750e+02
6.302965087890625000e+02
3.358041076660156250e+02
7.014697875976562500e+02
3.487232360839843750e+02
3.604883728027343750e+02
5.062014770507812500e+02
4.391687927246093750e+02
3.505075683593750000e+02
1.094055541992187500e+03
5.205927734375000000e+02
5.723640747070312500e+02
5.217802734375000000e+02
2.940257873535156250e+02
9.623914794921875000e+02
5.080578613281250000e+02
4.142355651855468750e+02
9.774379882812500000e+02
2.025995635986328125e+02
3.021426086425781250e+02
3.076002502441406250e+02
2.795223388671875000e+02
4.821881713867187500e+02
7.144195556640625000e+02
3.534129333496093750e+02
4.074572753906250000e+02
3.825994262695312500e+02
1.144328613281250000e+03
3.354404602050781250e+02
2.624440917968750000e+02
4.863570556640625000e+02
4.285103149414062500e+02
3.478718566894531250e+02
2.326355895996093750e+02
4.845371093750000000e+02
7.785745239257812500e+02
3.491870422363281250e+02
3.274100646972656250e+02
8.960957641601562500e+02
1.044941284179687500e+03
5.185092163085937500e+02
2.879545288085937500e+02
6.251358642578125000e+02
3.971962280273437500e+02
5.622195434570312500e+02
5.065182800292968750e+02
5.103452148437500000e+02
8.803859252929687500e+02
4.226135864257812500e+02
5.770712280273437500e+02
3.005270385742187500e+02
8.843076171875000000e+02
8.455049438476562500e+02
3.255110168457031250e+02
3.650686950683593750e+02
2.187065277099609375e+02
4.805733337402343750e+02
2.039325561523437500e+02
6.593775634765625000e+02
6.008998413085937500e+02
4.431767883300781250e+02
3.441265563964843750e+02
3.736428527832031250e+02
3.820046081542968750e+02
9.364078369140625000e+02
5.082471923828125000e+02
3.444081115722656250e+02
4.496150207519531250e+02
1.391768432617187500e+03
1.395581817626953125e+02
3.855169677734375000e+02
3.177651977539062500e+02
4.521260375976562500e+02
7.525280151367187500e+02
5.484031372070312500e+02
3.916091308593750000e+02
3.680660095214843750e+02
7.924808959960937500e+02
4.466012573242187500e+02
3.713030700683593750e+02
6.136012573242187500e+02
4.030863647460937500e+02
4.469519958496093750e+02
6.216619262695312500e+02
6.252520751953125000e+02
2.433557586669921875e+02
6.313533935546875000e+02
4.497554321289062500e+02
5.673190917968750000e+02
3.149066162109375000e+02
7.286535034179687500e+02
3.829898376464843750e+02
2.011573028564453125e+02
2.559907073974609375e+02
4.187391357421875000e+02
3.833614501953125000e+02
4.056216430664062500e+02
3.909096069335937500e+02
2.268065948486328125e+02
7.694281005859375000e+02
6.449282226562500000e+02
2.074214019775390625e+02
9.383786010742187500e+02
4.316531677246093750e+02
3.922381286621093750e+02
5.652409667968750000e+02
5.565115966796875000e+02
2.103573455810546875e+02
6.939919433593750000e+02
1.199792785644531250e+02
3.746334533691406250e+02
6.835496215820312500e+02
1.517375946044921875e+02
2.394905700683593750e+02
6.752759399414062500e+02
4.767017211914062500e+02
8.679129638671875000e+02
2.986478271484375000e+02
4.439646301269531250e+02
2.584723510742187500e+02
5.822869873046875000e+02
6.588576049804687500e+02
6.699627075195312500e+02
9.724204101562500000e+02
3.851233825683593750e+02
8.932493286132812500e+02
6.067348022460937500e+02
3.890312500000000000e+02
2.828733520507812500e+02
6.521843261718750000e+02
3.839460754394531250e+02
2.856234436035156250e+02
7.213137207031250000e+02
4.511330261230468750e+02
5.720951538085937500e+02
2.185381317138671875e+02
2.638836364746093750e+02
2.228473815917968750e+02
8.324710083007812500e+02
8.317766113281250000e+02
3.444368896484375000e+02
3.295023803710937500e+02
3.685691528320312500e+02
2.655247192382812500e+02
5.907933959960937500e+02
2.908853149414062500e+02
3.418074035644531250e+02
5.937149047851562500e+02
4.858284301757812500e+02
2.796260986328125000e+02
4.848223876953125000e+02
4.991743774414062500e+02
1.729451751708984375e+02
4.042693786621093750e+02
7.779147338867187500e+02
3.341298217773437500e+02
3.859756774902343750e+02
3.280924377441406250e+02
9.312563476562500000e+02
2.045087127685546875e+02
1.794129486083984375e+02
5.580964965820312500e+02
4.975317687988281250e+02
3.231234130859375000e+02
2.583302917480468750e+02
8.499668579101562500e+02
3.456981811523437500e+02
3.318571777343750000e+02
4.876347045898437500e+02
5.147905273437500000e+02
1.629964447021484375e+02
3.326392211914062500e+02
6.807635498046875000e+02
8.293263549804687500e+02
5.141783447265625000e+02
1.609055938720703125e+02
7.719320678710937500e+02
4.216271972656250000e+02
6.305440063476562500e+02
5.577789306640625000e+02
1.491351165771484375e+02
5.760617065429687500e+02
6.854550781250000000e+02
7.036359863281250000e+02
7.566195068359375000e+02
6.711370239257812500e+02
3.487102661132812500e+02
4.909814758300781250e+02
6.197427368164062500e+02
4.697947998046875000e+02
4.803577270507812500e+02
6.696697387695312500e+02
6.790233764648437500e+02
2.976876525878906250e+02
3.551247863769531250e+02
3.570746154785156250e+02
3.234247131347656250e+02
3.348975830078125000e+02
4.024613037109375000e+02
4.945980224609375000e+02
2.878888854980468750e+02
4.917219238281250000e+02
3.168816223144531250e+02
1.892473754882812500e+02
3.497968750000000000e+02
1.985654754638671875e+02
1.006770324707031250e+03
3.670159301757812500e+02
4.781438598632812500e+02
8.859191284179687500e+02
4.944122619628906250e+02
3.605612487792968750e+02
1.973997192382812500e+02
4.903791503906250000e+02
6.288846435546875000e+02
6.627872924804687500e+02
2.796530456542968750e+02
9.733785400390625000e+02
6.690700683593750000e+02
3.541545104980468750e+02
2.345692749023437500e+02
4.431525878906250000e+02
1.216647872924804688e+02
4.508773040771484375e+01
7.921591796875000000e+02
2.432175140380859375e+02
7.982601928710937500e+02
5.152036743164062500e+02
6.814542846679687500e+02
1.546155548095703125e+02
2.905752868652343750e+02
5.209156494140625000e+02
4.061751708984375000e+02
6.756022338867187500e+02
7.270307617187500000e+02
6.240542602539062500e+02
6.542709960937500000e+02
4.558826293945312500e+02
2.186782989501953125e+02
5.165689086914062500e+02
1.058541015625000000e+03
4.720620422363281250e+02
5.639883422851562500e+02
1.561057281494140625e+02
4.729786987304687500e+02
4.901810913085937500e+02
5.561001586914062500e+02
6.047039184570312500e+02
4.312520751953125000e+02
5.940028076171875000e+02
7.625233154296875000e+02
1.938449401855468750e+02
5.590225219726562500e+02
8.792044067382812500e+02
6.905814819335937500e+02
5.801528320312500000e+02
6.503078613281250000e+02
4.255229797363281250e+02
1.059774780273437500e+03
3.349235534667968750e+02
8.956475219726562500e+02
2.759619750976562500e+02
1.975637512207031250e+02
5.024024963378906250e+02
2.265654602050781250e+02
3.671300354003906250e+02
1.714554443359375000e+02
6.358559570312500000e+02
1.932725830078125000e+02
3.872677001953125000e+02
2.098354492187500000e+02
3.777315673828125000e+02
3.963383178710937500e+02
4.145528259277343750e+02
5.005980224609375000e+02
1.071122680664062500e+03
5.616679687500000000e+02
1.725284118652343750e+02
3.025605163574218750e+02
2.225570220947265625e+02
5.346150512695312500e+02
5.403942871093750000e+02
4.455267028808593750e+02
2.578810119628906250e+02
4.258284912109375000e+02
9.024099731445312500e+02
5.459345703125000000e+02
6.502928466796875000e+02
6.763478088378906250e+01
3.111419982910156250e+02
6.388786621093750000e+02
7.930022583007812500e+02
2.975701293945312500e+02
4.530960998535156250e+02
2.469894104003906250e+02
7.088527221679687500e+02
7.621738891601562500e+02
3.083694152832031250e+02
3.147751159667968750e+02
3.417719421386718750e+02
5.419205322265625000e+02
3.210290832519531250e+02
2.916235656738281250e+02
4.300243225097656250e+02
3.223417358398437500e+02
3.272066955566406250e+02
3.858716125488281250e+02
4.741358642578125000e+02
5.663968505859375000e+02
5.423274536132812500e+02
5.485285644531250000e+02
5.849668579101562500e+02
4.872592468261718750e+02
2.342024841308593750e+02
6.944218139648437500e+02
4.475839233398437500e+02
4.388349304199218750e+02
3.699186706542968750e+02
6.735262451171875000e+02
4.703715820312500000e+02
5.178544921875000000e+02
2.982377319335937500e+02
3.571470336914062500e+02
3.809673156738281250e+02
4.446616210937500000e+02
7.813695678710937500e+02
7.196136474609375000e+02
8.168577880859375000e+02
3.587541503906250000e+02
1.254770141601562500e+03
2.995610656738281250e+02
5.143496093750000000e+02
3.141325378417968750e+02
6.426236572265625000e+02
3.851509704589843750e+02
5.440227661132812500e+02
3.242472229003906250e+02
4.223167724609375000e+02
6.056182250976562500e+02
2.153141784667968750e+02
5.765404663085937500e+02
4.697051086425781250e+02
9.354392089843750000e+02
7.923410644531250000e+02
3.822555541992187500e+02
9.100816040039062500e+02
5.899666748046875000e+02
3.399235534667968750e+02
6.099057617187500000e+02
4.228214416503906250e+02
8.035251464843750000e+02
7.911654052734375000e+02
4.921210021972656250e+02
3.834004211425781250e+02
5.144292602539062500e+02
2.383709716796875000e+02
1.707298736572265625e+02
1.670523834228515625e+02
2.378408508300781250e+02
6.694904785156250000e+02
5.143706054687500000e+02
2.996859130859375000e+02
6.522548828125000000e+02
2.508325500488281250e+02
5.212028808593750000e+02
7.454528808593750000e+02
6.998147583007812500e+02
2.923703918457031250e+02
5.747046508789062500e+02
2.315660552978515625e+02
4.337893066406250000e+02
2.208082580566406250e+02
4.198473205566406250e+02
7.175870361328125000e+02
6.998237915039062500e+02
6.466267089843750000e+02
7.163144531250000000e+02
2.815228576660156250e+02
3.306346435546875000e+02
6.357760620117187500e+02
3.720384216308593750e+02
2.529424896240234375e+02
8.446001586914062500e+02
4.026557006835937500e+02
4.510930786132812500e+02
1.652571716308593750e+02
5.950055541992187500e+02
2.478665313720703125e+02
3.906125488281250000e+02
2.486166229248046875e+02
4.517917175292968750e+02
5.314450683593750000e+02
3.277554931640625000e+02
5.225664672851562500e+02
4.088125610351562500e+02
3.287980957031250000e+02
4.302211914062500000e+02
4.250366821289062500e+02
5.201036987304687500e+02
9.258417358398437500e+02
4.392623596191406250e+02
1.806417694091796875e+02
3.714948120117187500e+02
7.113474731445312500e+02
4.682454833984375000e+02
3.563074951171875000e+02
3.769661865234375000e+02
3.317882690429687500e+02
3.886467590332031250e+02
3.628655700683593750e+02
3.893310241699218750e+02
2.666007080078125000e+02
4.289689636230468750e+02
8.722946166992187500e+02
7.879916381835937500e+01
2.675842590332031250e+02
3.788405151367187500e+02
2.833588562011718750e+02
3.522614746093750000e+02
3.695017700195312500e+02
2.589186401367187500e+02
4.961745300292968750e+02
6.441710205078125000e+02
3.345083923339843750e+02
7.390853271484375000e+02
9.160189208984375000e+02
3.920340576171875000e+02
5.424375610351562500e+02
1.299372436523437500e+03
9.864573974609375000e+02
4.500403747558593750e+02
3.310942382812500000e+02
5.121826171875000000e+02
4.958057250976562500e+02
8.317628173828125000e+02
7.565919799804687500e+02
1.149291763305664062e+02
2.443870849609375000e+02
4.930972595214843750e+02
3.877477416992187500e+02
6.074792480468750000e+02
4.843212280273437500e+02
3.543573913574218750e+02
5.676206665039062500e+02
3.453476867675781250e+02
3.349273376464843750e+02
3.789383239746093750e+02
4.097659301757812500e+02
5.334928588867187500e+02
7.029246215820312500e+02
3.152935180664062500e+02
4.227802734375000000e+02
6.364104003906250000e+02
4.093030395507812500e+02
3.912514648437500000e+02
2.224814453125000000e+02
7.925932006835937500e+02
4.499194335937500000e+02
1.008873901367187500e+03
5.837056884765625000e+02
2.009915466308593750e+02
4.077308349609375000e+02
8.610905761718750000e+02
2.078217315673828125e+02
6.241290893554687500e+02
3.377722778320312500e+02
4.455723571777343750e+02
3.982794189453125000e+02
6.378149414062500000e+02
2.114494934082031250e+02
1.689707641601562500e+02
4.575049743652343750e+02
2.747165527343750000e+02
3.535307617187500000e+02
3.134395446777343750e+02
2.770641479492187500e+02
7.522703857421875000e+02
3.831818542480468750e+02
2.373672332763671875e+02
4.149499511718750000e+02
5.135419311523437500e+02
4.015538330078125000e+02
8.029620361328125000e+02
2.882277832031250000e+02
1.593651733398437500e+03
5.150218505859375000e+02
9.142010498046875000e+02
3.437840270996093750e+02
1.431944091796875000e+03
6.676671142578125000e+02
2.811533203125000000e+02
1.582676086425781250e+02
3.011502990722656250e+02
3.206294250488281250e+02
6.766986083984375000e+02
3.941239013671875000e+02
2.685855407714843750e+02
9.677523193359375000e+02
3.936178283691406250e+02
5.821226196289062500e+02
3.200937805175781250e+02
4.428188171386718750e+02
7.261233520507812500e+02
5.324049072265625000e+02
2.616948242187500000e+02
2.431225128173828125e+02
4.659161682128906250e+02
4.065029296875000000e+02
1.049585693359375000e+03
2.724780273437500000e+02
7.260240478515625000e+02
3.170071105957031250e+02
3.238666381835937500e+02
5.883584594726562500e+02
6.053369140625000000e+02
2.841779174804687500e+02
6.525048217773437500e+02
9.853472900390625000e+02
5.619597778320312500e+02
2.577429199218750000e+02
4.799205627441406250e+02
6.080574951171875000e+02
5.423417358398437500e+02
1.047087890625000000e+03
5.843093872070312500e+02
4.205253295898437500e+02
2.533977508544921875e+02
3.843111267089843750e+02
9.167704772949218750e+01
7.347824707031250000e+02
5.370151367187500000e+02
2.017584075927734375e+02
2.413954620361328125e+02
6.067189941406250000e+02
2.698555908203125000e+02
1.173877258300781250e+02
5.593106079101562500e+02
3.659508666992187500e+02
4.631532287597656250e+02
4.261273803710937500e+02
4.266864624023437500e+02
6.312296142578125000e+02
5.342766113281250000e+02
4.590171203613281250e+02
2.508829956054687500e+02
4.924959106445312500e+02
2.502470245361328125e+02
1.039667358398437500e+03
3.786665649414062500e+02
9.804993286132812500e+02
2.131696929931640625e+02
4.760673828125000000e+02
4.970621643066406250e+02
8.026005249023437500e+02
2.497088470458984375e+02
8.593423461914062500e+02
7.248012084960937500e+02
2.917963562011718750e+02
4.974994201660156250e+02
3.701150512695312500e+02
3.900621337890625000e+02
8.547095336914062500e+02
7.016751098632812500e+02
6.169223632812500000e+02
1.033039306640625000e+03
3.659732971191406250e+02
4.487162780761718750e+02
4.285820617675781250e+02
4.475310058593750000e+02
6.911875610351562500e+02
3.913725585937500000e+02
4.899299621582031250e+02
3.827256774902343750e+02
8.033206176757812500e+02
2.802312927246093750e+02
6.370665893554687500e+02
2.265008850097656250e+02
1.934924621582031250e+02
4.973063659667968750e+02
4.756554870605468750e+02
3.153741455078125000e+02
4.131862487792968750e+02
5.905246582031250000e+02
6.013484497070312500e+02
5.142774658203125000e+02
3.608898620605468750e+02
4.257846679687500000e+02
4.135781860351562500e+02
4.493893127441406250e+02
5.040554809570312500e+02
3.881386108398437500e+02
4.607934265136718750e+02
7.002219238281250000e+02
7.235642089843750000e+02
1.619913482666015625e+02
4.442058715820312500e+02
2.837404479980468750e+02
6.389785156250000000e+02
4.381467895507812500e+02
7.965068359375000000e+02
3.107485351562500000e+02
5.686502075195312500e+02
6.692239379882812500e+02
3.546337585449218750e+02
5.865841674804687500e+02
5.110267333984375000e+02
5.556917114257812500e+02
7.053616943359375000e+02
3.032137451171875000e+02
2.768706359863281250e+02
7.724203491210937500e+02
1.937047576904296875e+02
5.234848632812500000e+02
1.738902893066406250e+02
5.813842163085937500e+02
1.955027008056640625e+02
6.212969970703125000e+02
2.970429077148437500e+02
2.025620880126953125e+02
5.044294128417968750e+02
1.626671905517578125e+02
2.879652404785156250e+02
4.356840209960937500e+02
5.962369384765625000e+02
4.925127258300781250e+02
4.430907897949218750e+02
1.822942352294921875e+02
4.180008544921875000e+02
3.391114196777343750e+02
1.899190063476562500e+02
3.264827270507812500e+02
5.584797973632812500e+02
1.638198242187500000e+02
1.931329803466796875e+02
3.469042358398437500e+02
4.536393432617187500e+02
6.407564086914062500e+02
3.747404479980468750e+02
7.183499145507812500e+02
1.956505126953125000e+02
4.345414733886718750e+02
1.184768218994140625e+02
5.933677978515625000e+02
6.036061401367187500e+02
7.029543457031250000e+02
4.714808654785156250e+02
2.834082336425781250e+02
5.290848999023437500e+02
1.048627441406250000e+03
3.781311645507812500e+02
9.030450439453125000e+02
1.808152770996093750e+02
3.125891723632812500e+02
1.485021667480468750e+02
4.483083190917968750e+02
4.876573486328125000e+02
9.756595458984375000e+02
4.941227722167968750e+02
7.829655456542968750e+01
5.730800781250000000e+02
2.827045898437500000e+02
3.130942687988281250e+02
4.505307922363281250e+02
5.387566528320312500e+02
9.883964233398437500e+02
8.332167358398437500e+02
1.213995666503906250e+02
6.360639648437500000e+02
8.485802612304687500e+02
7.467548828125000000e+02
5.468298339843750000e+02
2.062286987304687500e+02
3.146774291992187500e+02
4.159139709472656250e+02
8.122214355468750000e+02
2.322290649414062500e+02
3.048349609375000000e+02
3.403358154296875000e+02
8.531011962890625000e+02
8.000973510742187500e+02
3.430386657714843750e+02
6.241413574218750000e+02
2.895004577636718750e+02
7.457318725585937500e+02
5.928403930664062500e+02
6.593404541015625000e+02
3.863608398437500000e+02
6.360778808593750000e+02
4.528518676757812500e+02
1.380670471191406250e+02
6.106822509765625000e+02
3.001012573242187500e+02
1.239545654296875000e+03
8.772211914062500000e+02
3.580729980468750000e+02
5.515989379882812500e+02
4.345119628906250000e+02
5.887748413085937500e+02
3.904308471679687500e+02
1.599637298583984375e+02
2.134507751464843750e+02
4.339384460449218750e+02
2.353078613281250000e+02
6.298087768554687500e+02
5.156069335937500000e+02
4.438997192382812500e+02
4.367143554687500000e+02
3.106957702636718750e+02
2.215319213867187500e+02
5.127913818359375000e+02
6.697041015625000000e+02
4.498013305664062500e+02
6.418304443359375000e+02
2.973243713378906250e+02
6.803740844726562500e+02
6.130260009765625000e+02
3.537285766601562500e+02
9.400094604492187500e+01
6.818980102539062500e+02
4.732714233398437500e+02
3.300581054687500000e+02
2.753996887207031250e+02
5.961891479492187500e+02
7.627415771484375000e+02
6.454791870117187500e+02
5.524848022460937500e+02
4.889053344726562500e+02
3.710036315917968750e+02
2.628388977050781250e+02
4.105374755859375000e+02
5.312492675781250000e+02
6.688073730468750000e+02
4.639752502441406250e+02
3.872699584960937500e+02
1.284366607666015625e+02
1.741403198242187500e+02
7.240983886718750000e+02
6.796008300781250000e+02
2.278138275146484375e+02
4.483587646484375000e+02
2.817787170410156250e+02
7.927864379882812500e+02
4.218191833496093750e+02
9.499010620117187500e+02
7.573070068359375000e+02
5.485959472656250000e+02
5.153697509765625000e+02
1.506788330078125000e+02
7.318069458007812500e+02
4.671724548339843750e+02
4.842154541015625000e+02
7.651217041015625000e+02
2.340158996582031250e+02
6.180000610351562500e+02
6.745958251953125000e+02
6.471156616210937500e+02
6.076512908935546875e+01
1.451339569091796875e+02
4.175570983886718750e+02
4.278201599121093750e+02
7.614425659179687500e+02
3.858251037597656250e+02
2.197585906982421875e+02
3.631877746582031250e+02
2.577567749023437500e+02
2.480780181884765625e+02
5.696154785156250000e+02
2.301608428955078125e+02
5.978543090820312500e+02
5.532807006835937500e+02
1.213629989624023438e+02
4.004417419433593750e+02
2.099505310058593750e+02
8.300028686523437500e+02
3.073607482910156250e+02
6.717169189453125000e+02
5.741258544921875000e+02
3.773559265136718750e+02
4.514166564941406250e+02
3.722293090820312500e+02
1.960474853515625000e+02
4.114004516601562500e+02
3.765455932617187500e+02
6.516390380859375000e+02
2.438521881103515625e+02
4.644346923828125000e+02
6.112562866210937500e+02
1.212051757812500000e+03
5.795190429687500000e+02
2.137389831542968750e+02
4.358971862792968750e+02
2.683913574218750000e+02
5.114039001464843750e+02
5.008212890625000000e+02
3.613993835449218750e+02
5.886458129882812500e+02
3.132818603515625000e+02
5.738503417968750000e+02
2.940368347167968750e+02
8.783099365234375000e+02
5.341751098632812500e+02
2.759553222656250000e+02
5.043196716308593750e+02
3.983242187500000000e+02
8.798559570312500000e+02
6.559926757812500000e+02
3.392893371582031250e+02
4.149751892089843750e+02
7.359247436523437500e+02
3.799264221191406250e+02
4.498492431640625000e+02
6.044491577148437500e+02
5.016408996582031250e+02
1.338717803955078125e+02
5.172483520507812500e+02
3.514996337890625000e+02
2.132067108154296875e+02
2.786139526367187500e+02
4.518839416503906250e+02
6.656667480468750000e+02
5.579378051757812500e+02
5.791138916015625000e+02
8.485669555664062500e+02
4.239405212402343750e+02
7.786478881835937500e+02
3.404043273925781250e+02
4.233999328613281250e+02
9.372722778320312500e+02
6.115745925903320312e+01
4.290261230468750000e+02
3.789290466308593750e+02
2.730947265625000000e+02
4.248913574218750000e+02
6.107726440429687500e+02
2.430128936767578125e+02
3.990191955566406250e+02
5.793549194335937500e+02
2.510464782714843750e+02
3.505434875488281250e+02
6.697711181640625000e+02
1.148137283325195312e+02
2.828592834472656250e+02
6.696320800781250000e+02
3.093130493164062500e+02
4.196709899902343750e+02
3.073653869628906250e+02
2.269307098388671875e+02
4.139477539062500000e+02
2.049489135742187500e+02
5.873876953125000000e+02
8.034301757812500000e+02
7.214307861328125000e+02
7.746187744140625000e+02
3.867156066894531250e+02
6.770682373046875000e+02
5.913583374023437500e+02
3.119425048828125000e+02
3.799320373535156250e+02
1.994526977539062500e+02
8.648067626953125000e+02
5.435725708007812500e+02
3.090944824218750000e+02
4.156410217285156250e+02
4.311893310546875000e+02
2.085048522949218750e+02
2.139131622314453125e+02
5.977722778320312500e+02
3.294193115234375000e+02
5.589470214843750000e+02
4.364302673339843750e+02
1.500448303222656250e+02
6.200341186523437500e+02
4.191435241699218750e+02
3.690386657714843750e+02
3.010126342773437500e+02
3.638766174316406250e+02
2.571400451660156250e+02
2.390329437255859375e+02
2.907798767089843750e+02
4.480927429199218750e+02
3.118000183105468750e+02
1.287496643066406250e+02
4.177117004394531250e+02
4.154329528808593750e+02
8.601644287109375000e+02
5.834407348632812500e+02
1.240333374023437500e+03
2.507970581054687500e+02
8.984358978271484375e+01
3.749981079101562500e+02
3.624894104003906250e+02
3.682820129394531250e+02
3.927169494628906250e+02
2.463558197021484375e+02
4.704114685058593750e+02
1.087197265625000000e+03
4.176984252929687500e+02
4.635682373046875000e+02
3.136925964355468750e+02
8.999154052734375000e+02
2.197374877929687500e+02
8.518411254882812500e+02
3.387789916992187500e+02
4.881737976074218750e+02
4.010869140625000000e+02
9.324966430664062500e+02
5.683008422851562500e+02
1.555032501220703125e+02
5.182497558593750000e+02
1.994827423095703125e+02
2.265337829589843750e+02
5.909714965820312500e+02
4.485147094726562500e+02
4.961284790039062500e+02
6.326084594726562500e+02
2.888033447265625000e+02
2.576638183593750000e+02
3.843781127929687500e+02
3.761245117187500000e+02
9.188941650390625000e+02
4.454006652832031250e+02
6.332546997070312500e+02
3.086221618652343750e+02
2.778280944824218750e+02
5.001430053710937500e+02
9.490603637695312500e+02
3.328424682617187500e+02
5.165698852539062500e+02
9.067472534179687500e+02
4.228167114257812500e+02
1.118983688354492188e+02
5.225735473632812500e+02
5.462617187500000000e+02
2.639717102050781250e+02
3.979451599121093750e+02
3.422751159667968750e+02
4.632167663574218750e+02
3.343294677734375000e+02
3.783156433105468750e+02
3.955748291015625000e+02
4.411545410156250000e+02
4.523733825683593750e+02
4.047065124511718750e+02
4.357427062988281250e+02
8.648663940429687500e+02
4.452374572753906250e+02
3.432770080566406250e+02
1.750172576904296875e+02
3.208237915039062500e+02
1.072300537109375000e+03
4.891215209960937500e+02
3.551179199218750000e+02
4.756566467285156250e+02
5.099773254394531250e+02
2.140040283203125000e+02
4.750578002929687500e+02
5.226956176757812500e+02
8.235479736328125000e+02
6.671009521484375000e+02
4.519480895996093750e+02
6.746313476562500000e+02
8.396654052734375000e+02
4.919423522949218750e+02
4.324729003906250000e+02
6.872564086914062500e+02
6.967263183593750000e+02
1.527461395263671875e+02
4.332581176757812500e+02
1.053429183959960938e+02
3.574685363769531250e+02
6.771663208007812500e+02
7.127567138671875000e+02
2.837512207031250000e+02
5.126551513671875000e+02
3.205219421386718750e+02
6.635634155273437500e+02
3.112113037109375000e+02
5.456171875000000000e+02
7.753350830078125000e+02
8.740186767578125000e+02
2.754783630371093750e+02
5.761973876953125000e+02
5.097142639160156250e+02
4.147070007324218750e+02
4.201574096679687500e+02
3.675242919921875000e+02
2.411773376464843750e+02
6.873889160156250000e+02
5.759197387695312500e+02
3.122125244140625000e+02
5.228667602539062500e+02
4.777697143554687500e+02
6.131425781250000000e+02
5.364851684570312500e+02
1.558001098632812500e+02
6.480937500000000000e+02
1.722296600341796875e+02
3.607071228027343750e+02
4.120289916992187500e+02
8.260562744140625000e+02
1.040920288085937500e+03
4.817063293457031250e+02
8.463406982421875000e+02
5.151135253906250000e+02
5.630415039062500000e+02
8.037789916992187500e+02
7.028859863281250000e+02
4.789294128417968750e+02
2.077208404541015625e+02
5.269333496093750000e+02
6.611602172851562500e+02
4.031896972656250000e+02
1.532086334228515625e+02
5.886709594726562500e+02
3.490008239746093750e+02
3.923398132324218750e+02
7.427907104492187500e+02
5.451992187500000000e+02
2.949701843261718750e+02
7.673089599609375000e+02
4.609870300292968750e+02
2.926532287597656250e+02
6.579348144531250000e+02
3.169210815429687500e+02
4.314197387695312500e+02
4.882461547851562500e+02
5.994638061523437500e+02
4.473421630859375000e+02
5.536193237304687500e+02
2.797513427734375000e+02
2.318582458496093750e+02
4.127766723632812500e+02
3.644496154785156250e+02
9.320552368164062500e+02
9.710857543945312500e+02
4.154882202148437500e+02
2.113355102539062500e+02
7.650898437500000000e+02
1.267991638183593750e+02
7.859426269531250000e+02
6.042954711914062500e+02
6.974042968750000000e+02
2.806320800781250000e+02
2.535403900146484375e+02
6.584484863281250000e+02
4.110903625488281250e+02
2.477388916015625000e+02
4.428060607910156250e+02
7.882135009765625000e+02
4.571607971191406250e+02
7.040250854492187500e+02
4.305242919921875000e+02
2.494246215820312500e+02
5.264484252929687500e+02
3.699519958496093750e+02
6.104312133789062500e+01
5.752168579101562500e+02
3.305653991699218750e+02
4.636691589355468750e+02
1.253942871093750000e+02
3.304714050292968750e+02
4.890643310546875000e+02
4.709076232910156250e+02
3.889044189453125000e+02
3.421644897460937500e+02
6.678858642578125000e+02
3.128679199218750000e+02
3.511680603027343750e+02
5.108675537109375000e+02
6.746957397460937500e+02
6.433811035156250000e+02
2.454682617187500000e+02
3.096903381347656250e+02
7.239537353515625000e+02
3.248002929687500000e+02
3.162485046386718750e+02
1.135937500000000000e+03
4.626048583984375000e+02
1.034516113281250000e+03
3.810756225585937500e+02
2.997668151855468750e+02
5.423165893554687500e+02
2.574207763671875000e+02
6.073303833007812500e+02
4.799123535156250000e+02
2.821942749023437500e+02
5.239331054687500000e+02
6.318460693359375000e+02
6.511066894531250000e+02
1.554841613769531250e+02
5.771850585937500000e+02
5.933059692382812500e+02
6.701934204101562500e+02
3.124835205078125000e+02
3.793307495117187500e+02
4.910814514160156250e+02
4.073211975097656250e+02
2.470218658447265625e+02
4.809859924316406250e+02
7.160558471679687500e+02
4.862404479980468750e+02
4.708454589843750000e+02
5.318405151367187500e+02
4.859116516113281250e+02
2.940163269042968750e+02
8.291002807617187500e+02
3.373157043457031250e+02
5.341019897460937500e+02
6.104987792968750000e+02
4.787722473144531250e+02
1.317484130859375000e+02
3.395596313476562500e+02
6.862019042968750000e+02
8.188173828125000000e+02
3.281193847656250000e+02
4.840745239257812500e+02
5.847576904296875000e+02
6.114179687500000000e+02
7.098057250976562500e+02
5.699113159179687500e+02
3.256979675292968750e+02
4.417462768554687500e+02
8.404725341796875000e+02
1.284866180419921875e+02
3.914812316894531250e+02
5.736340332031250000e+02
5.201934204101562500e+02
4.273441772460937500e+02
3.854638977050781250e+02
4.821481323242187500e+02
2.125706634521484375e+02
4.988143615722656250e+02
4.641654663085937500e+02
4.434417419433593750e+02
5.297644042968750000e+02
3.060963134765625000e+02
4.396567382812500000e+02
3.279152526855468750e+02
4.997194519042968750e+02
6.217609863281250000e+02
5.996983642578125000e+02
6.593428344726562500e+02
3.991126098632812500e+02
6.466099853515625000e+02
5.676768798828125000e+02
5.325186157226562500e+02
6.219592285156250000e+02
3.728348388671875000e+02
2.348837127685546875e+02
5.682832641601562500e+02
4.045280151367187500e+02
1.957951507568359375e+02
5.861022338867187500e+02
4.993487548828125000e+02
3.507070007324218750e+02
5.647429199218750000e+02
4.560475769042968750e+02
3.363088684082031250e+02
7.355786132812500000e+02
4.208908081054687500e+02
5.318341064453125000e+02
3.045963439941406250e+02
2.120309753417968750e+02
5.731130981445312500e+01
9.911273803710937500e+02
5.857498168945312500e+02
7.773613891601562500e+02
4.991820678710937500e+02
4.139858093261718750e+02
2.515032348632812500e+02
5.569744262695312500e+02
1.361377410888671875e+02
5.491183471679687500e+02
1.087569274902343750e+02
7.910684814453125000e+02
3.151477966308593750e+02
3.575829162597656250e+02
1.678486022949218750e+02
2.102324981689453125e+02
2.956326599121093750e+02
5.424287719726562500e+02
2.747746582031250000e+02
3.666125488281250000e+02
5.778929443359375000e+02
2.971645507812500000e+02
2.674566040039062500e+02
4.478272399902343750e+02
6.772334594726562500e+02
7.006315307617187500e+02
4.225151672363281250e+02
7.042329406738281250e+01
6.973937377929687500e+02
5.170084838867187500e+02
7.731152954101562500e+02
2.245057373046875000e+02
6.097413940429687500e+02
4.136379089355468750e+02
3.030650939941406250e+02
6.519500732421875000e+02
5.563754272460937500e+02
8.195024414062500000e+02
5.017821655273437500e+02
1.911460266113281250e+02
5.390689086914062500e+02
2.601854248046875000e+02
5.005362548828125000e+02
8.063604736328125000e+02
2.441732025146484375e+02
4.514979248046875000e+02
6.159209594726562500e+02
5.424323120117187500e+02
2.088839111328125000e+02
8.167669677734375000e+02
2.040055389404296875e+02
6.143557739257812500e+02
4.242047729492187500e+02
6.374696044921875000e+02
1.646087799072265625e+02
4.032841186523437500e+02
8.110942993164062500e+02
2.978233337402343750e+02
4.174859313964843750e+02
5.449354248046875000e+02
4.255011901855468750e+02
5.420954589843750000e+02
9.803500366210937500e+02
3.916617126464843750e+02
6.197953491210937500e+02
3.974220581054687500e+02
6.942807006835937500e+02
3.437696838378906250e+02
2.510850677490234375e+02
5.571533813476562500e+02
2.949132690429687500e+02
8.922966308593750000e+02
3.351857299804687500e+02
6.205895385742187500e+02
3.642389831542968750e+02
7.552150268554687500e+02
4.871221923828125000e+02
2.069636077880859375e+02
5.265352172851562500e+02
5.340405883789062500e+02
4.040983886718750000e+02
3.948432312011718750e+02
2.860302124023437500e+02
5.436972045898437500e+02
2.734353942871093750e+02
9.610907592773437500e+02
4.494960632324218750e+02
3.976355590820312500e+02
4.299329223632812500e+02
2.366023559570312500e+02
5.442116699218750000e+02
4.935979309082031250e+02
8.331138916015625000e+02
4.622954711914062500e+02
6.171136474609375000e+02
6.904622192382812500e+02
2.121531677246093750e+02
2.628045043945312500e+02
5.401496582031250000e+02
3.987718200683593750e+02
2.801235961914062500e+02
5.041129150390625000e+02
4.190114440917968750e+02
4.687754516601562500e+02
5.966039428710937500e+02
7.426810913085937500e+02
4.294467773437500000e+02
7.575335693359375000e+02
4.480722351074218750e+02
2.731128845214843750e+02
7.163509521484375000e+02
3.969945983886718750e+02
3.363768005371093750e+02
3.419547119140625000e+02
1.172724838256835938e+02
1.907500000000000000e+02
5.215081176757812500e+02
3.812971191406250000e+02
3.213558959960937500e+02
3.376454162597656250e+02
1.928249206542968750e+02
4.594599609375000000e+02
5.843870849609375000e+02
3.864179992675781250e+02
8.715029907226562500e+02
2.159706268310546875e+02
1.284878540039062500e+03
2.886344909667968750e+02
4.539809875488281250e+02
4.210665283203125000e+02
2.368841705322265625e+02
5.094856262207031250e+02
4.048861389160156250e+02
2.484673919677734375e+02
7.476770629882812500e+02
3.303525695800781250e+02
5.129389038085937500e+02
3.201947631835937500e+02
4.369736328125000000e+02
7.342844390869140625e+01
4.666970825195312500e+02
2.584654541015625000e+02
3.557822875976562500e+02
6.903620605468750000e+02
3.546791076660156250e+02
2.869769287109375000e+02
2.244637603759765625e+02
4.307271118164062500e+02
4.642409057617187500e+02
3.711433410644531250e+02
5.769398803710937500e+02
5.742075805664062500e+02
5.951139526367187500e+02
7.172709960937500000e+02
4.743785095214843750e+02
1.949226379394531250e+02
5.148425292968750000e+02
2.683629455566406250e+02
5.396497192382812500e+02
5.727279663085937500e+02
6.579602661132812500e+02
3.316013488769531250e+02
4.161887817382812500e+02
4.523867187500000000e+02
3.249800720214843750e+02
3.273767395019531250e+02
4.489647216796875000e+02
1.666363067626953125e+02
3.193315734863281250e+02
2.855086975097656250e+02
4.350424499511718750e+02
6.946811523437500000e+02
4.237972412109375000e+02
4.959893798828125000e+02
5.236569824218750000e+02
3.772002868652343750e+02
3.269112548828125000e+02
1.967333679199218750e+02
5.755220947265625000e+02
1.971982421875000000e+02
7.211189575195312500e+02
2.998007812500000000e+02
2.162439422607421875e+02
3.138590087890625000e+02
6.590349121093750000e+02
9.797330932617187500e+02
3.847348327636718750e+02
1.607050323486328125e+02
6.769126586914062500e+02
2.479004974365234375e+02
5.503663330078125000e+02
4.093814086914062500e+02
5.996293334960937500e+02
5.752778320312500000e+02
2.942726745605468750e+02
5.439891967773437500e+02
7.890621337890625000e+02
4.425425720214843750e+02
5.422412109375000000e+02
8.459501953125000000e+02
5.345844726562500000e+02
4.853322753906250000e+02
1.607502746582031250e+02
5.101063537597656250e+02
3.760973205566406250e+02
5.806161499023437500e+02
3.935572814941406250e+02
3.839747619628906250e+02
4.789793395996093750e+02
5.740546875000000000e+02
2.555215911865234375e+02
3.033523254394531250e+02
1.166129379272460938e+02
3.508550720214843750e+02
4.355587768554687500e+02
6.712839965820312500e+02
2.430105895996093750e+02
1.997296447753906250e+02
5.082828369140625000e+02
3.810140686035156250e+02
2.381655120849609375e+02
6.436277465820312500e+02
6.718272705078125000e+02
6.268850097656250000e+02
6.130929565429687500e+02
4.020145263671875000e+02
6.608795166015625000e+02
4.795494689941406250e+02
4.583007812500000000e+02
4.227479553222656250e+02
3.198658752441406250e+02
5.723986816406250000e+02
3.084770202636718750e+02
9.626618041992187500e+02
4.093358154296875000e+02
3.360346069335937500e+02
2.779607238769531250e+02
1.150816268920898438e+02
2.018339691162109375e+02
2.648942871093750000e+02
3.183617248535156250e+02
5.875925292968750000e+02
2.165725860595703125e+02
4.366234436035156250e+02
6.168549804687500000e+02
1.017787353515625000e+03
7.051137695312500000e+02
5.920607910156250000e+02
4.289774169921875000e+02
2.616410217285156250e+02
6.205115356445312500e+02
4.332356567382812500e+02
1.836361846923828125e+02
3.928985595703125000e+02
2.333764801025390625e+02
4.039884567260742188e+01
4.809183044433593750e+02
4.999381103515625000e+02
4.919306335449218750e+02
5.355720214843750000e+02
7.554290161132812500e+02
8.923919067382812500e+02
2.358199462890625000e+02
6.283917236328125000e+02
8.811423339843750000e+02
4.759952087402343750e+02
3.626176147460937500e+02
5.085310363769531250e+02
3.592836303710937500e+02
3.559508972167968750e+02
3.229581604003906250e+02
4.431584472656250000e+02
3.549760742187500000e+02
2.827891540527343750e+02
4.760600585937500000e+02
1.986240234375000000e+02
4.781921997070312500e+02
6.766981201171875000e+02
2.453869628906250000e+02
8.937625122070312500e+02
3.986322021484375000e+02
1.548664550781250000e+02
5.387832031250000000e+02
3.975022888183593750e+02
3.723403015136718750e+02
1.095734741210937500e+03
5.122370605468750000e+02
2.617189025878906250e+02
2.579857788085937500e+02
3.835105590820312500e+02
9.280191802978515625e+01
8.820968627929687500e+01
1.869119873046875000e+02
5.595299072265625000e+02
4.298475646972656250e+02
8.237819213867187500e+02
4.609335937500000000e+02
3.670593566894531250e+02
4.467591247558593750e+02
4.406995239257812500e+02
2.305402832031250000e+02
2.299666442871093750e+02
2.480691680908203125e+02
4.002468261718750000e+02
3.085664062500000000e+02
5.920283203125000000e+02
6.853866577148437500e+02
3.851212768554687500e+02
3.289884643554687500e+02
4.518452148437500000e+02
4.872412719726562500e+02
9.842636108398437500e+02
8.239744262695312500e+02
5.029627990722656250e+02
3.013266296386718750e+02
8.739827880859375000e+02
7.887783203125000000e+02
5.824281005859375000e+02
5.447550582885742188e+01
4.234874877929687500e+02
3.393635253906250000e+02
4.424910583496093750e+02
8.376377563476562500e+02
2.743779602050781250e+02
1.239031372070312500e+02
5.649497070312500000e+02
4.434420471191406250e+02
7.049066772460937500e+02
3.655376892089843750e+02
2.741373291015625000e+02
4.454800415039062500e+02
3.528945007324218750e+02
4.002951049804687500e+02
3.738552856445312500e+02
3.734200439453125000e+02
5.449821777343750000e+02
6.718638305664062500e+02
5.595939331054687500e+02
3.919527893066406250e+02
3.177889709472656250e+02
6.749218750000000000e+02
5.025378112792968750e+02
2.548216247558593750e+02
3.886036376953125000e+02
5.787310791015625000e+02
4.454247131347656250e+02
2.894003906250000000e+02
7.407108764648437500e+02
2.674364929199218750e+02
4.879235534667968750e+02
2.991954650878906250e+02
2.936669921875000000e+02
3.950685119628906250e+02
5.543190917968750000e+02
4.292952270507812500e+02
2.710777282714843750e+02
1.812582702636718750e+02
5.113088073730468750e+02
3.519635314941406250e+02
5.877976074218750000e+02
4.839012451171875000e+02
1.092367935180664062e+02
7.571983642578125000e+02
7.053068237304687500e+02
5.075336608886718750e+02
7.780167236328125000e+02
5.889724731445312500e+02
1.622755432128906250e+02
6.450195312500000000e+02
5.535900268554687500e+02
6.530476684570312500e+02
3.256257324218750000e+02
5.915048217773437500e+02
3.294265136718750000e+02
7.346419067382812500e+02
5.693215942382812500e+02
8.340213012695312500e+02
5.908182373046875000e+02
4.415075378417968750e+02
8.531655273437500000e+02
2.844320983886718750e+02
6.631743164062500000e+02
2.914396972656250000e+02
1.995847015380859375e+02
3.310075683593750000e+02
3.680403442382812500e+02
8.721884765625000000e+02
1.873048706054687500e+02
4.001038208007812500e+02
4.112861633300781250e+02
6.418724975585937500e+02
2.769150085449218750e+02
5.226365966796875000e+02
5.487854003906250000e+02
5.224758300781250000e+02
2.169408874511718750e+02
7.107388305664062500e+02
6.353654174804687500e+02
4.201337890625000000e+02
5.011312255859375000e+02
3.876957092285156250e+02
6.516894531250000000e+02
3.914108886718750000e+02
2.392477722167968750e+02
3.236130981445312500e+02
7.865550537109375000e+02
1.027628295898437500e+03
3.744291381835937500e+02
4.524858703613281250e+02
4.523813476562500000e+02
2.808188476562500000e+02
6.977498779296875000e+02
2.705174255371093750e+02
5.290554199218750000e+02
7.645421752929687500e+02
4.068633728027343750e+02
6.097235717773437500e+02
4.082733154296875000e+02
3.593093566894531250e+02
3.944800720214843750e+02
1.173948852539062500e+03
3.162994079589843750e+02
1.185276336669921875e+02
8.052896118164062500e+02
2.646322021484375000e+02
3.823659057617187500e+02
5.102840270996093750e+02
1.423272399902343750e+02
5.733567504882812500e+02
2.507434234619140625e+02
6.948226928710937500e+02
2.731136474609375000e+02
7.713889160156250000e+02
3.173420104980468750e+02
4.177662658691406250e+02
7.057285156250000000e+02
3.172482604980468750e+02
3.604462280273437500e+02
6.833625488281250000e+02
5.545378417968750000e+02
1.947286834716796875e+02
3.608270874023437500e+02
3.461786193847656250e+02
4.705070800781250000e+02
6.388750610351562500e+02
2.151867370605468750e+02
1.943896179199218750e+02
3.426946105957031250e+02
8.051218261718750000e+02
8.850172119140625000e+02
4.327435302734375000e+02
7.911125488281250000e+02
3.399311828613281250e+02
1.214845581054687500e+02
5.763320922851562500e+02
2.562828369140625000e+02
4.572520446777343750e+02
3.931638488769531250e+02
6.998774414062500000e+02
3.445119628906250000e+02
5.478215942382812500e+02
9.436879272460937500e+02
4.397927856445312500e+02
1.558181915283203125e+02
5.827720947265625000e+02
3.616087341308593750e+02
4.621276245117187500e+02
1.026654739379882812e+02
4.896621093750000000e+02
2.879539489746093750e+02
3.347147827148437500e+02
1.605276641845703125e+02
5.418598632812500000e+02
7.286719360351562500e+02
7.606148681640625000e+02
7.263538818359375000e+02
4.766125793457031250e+02
2.630237121582031250e+02
3.028796997070312500e+02
4.771348571777343750e+02
4.280286254882812500e+02
7.237970581054687500e+02
3.118104553222656250e+02
3.038469848632812500e+02
4.907796325683593750e+02
5.401807250976562500e+02
3.447778320312500000e+02
6.783782196044921875e+01
4.855409240722656250e+02
6.365107421875000000e+02
2.964497985839843750e+02
4.395638732910156250e+02
4.021098022460937500e+02
1.365977172851562500e+02
6.391814575195312500e+02
4.226179504394531250e+02
5.625964355468750000e+02
2.961567382812500000e+02
4.047364196777343750e+02
7.060087280273437500e+02
3.339440307617187500e+02
4.303756103515625000e+02
4.809211730957031250e+02
4.953689575195312500e+02
6.610593261718750000e+02
5.114898071289062500e+02
7.907469482421875000e+02
3.947783203125000000e+02
3.459978942871093750e+02
7.408624267578125000e+02
5.814722290039062500e+02
7.167833862304687500e+02
7.147211914062500000e+02
6.541007690429687500e+02
3.793832702636718750e+02
6.146195678710937500e+02
6.602761840820312500e+02
4.794372253417968750e+02
5.637811279296875000e+02
4.756551818847656250e+02
4.667234802246093750e+02
5.661934814453125000e+02
2.142241973876953125e+02
4.911059875488281250e+02
2.726275329589843750e+02
7.330720214843750000e+02
5.951157226562500000e+02
3.833222045898437500e+02
3.342593078613281250e+02
1.582312316894531250e+02
6.822238159179687500e+02
8.390037841796875000e+02
6.504575195312500000e+02
4.880964050292968750e+02
3.558373718261718750e+02
3.969541320800781250e+02
1.833254394531250000e+02
1.304585266113281250e+02
1.506118164062500000e+02
4.743417663574218750e+02
2.915837707519531250e+02
2.999824523925781250e+02
6.966150512695312500e+02
7.754388427734375000e+02
7.550364379882812500e+02
1.552413330078125000e+02
3.298469238281250000e+02
3.375296936035156250e+02
5.629997558593750000e+02
4.394049377441406250e+02
5.739020996093750000e+02
4.467111206054687500e+02
4.237319641113281250e+02
7.702304687500000000e+02
2.062196197509765625e+02
2.868055114746093750e+02
4.067760314941406250e+02
1.995140838623046875e+02
3.025429992675781250e+02
2.973667907714843750e+02
5.834880371093750000e+02
1.116172607421875000e+03
5.258207397460937500e+02
1.659221191406250000e+02
6.234495239257812500e+02
5.674637451171875000e+02
6.648887939453125000e+02
1.321061279296875000e+03
6.485461425781250000e+02
3.751323852539062500e+02
6.499850463867187500e+02
2.402679748535156250e+02
2.925221557617187500e+02
5.120931396484375000e+02
2.721966247558593750e+02
7.653050537109375000e+02
3.921898803710937500e+02
2.689753112792968750e+02
4.037976684570312500e+02
4.826651306152343750e+02
5.292570190429687500e+02
3.609676208496093750e+02
5.620438842773437500e+02
5.057655944824218750e+02
3.637393798828125000e+02
7.694688720703125000e+02
3.057432861328125000e+02
7.636798095703125000e+02
3.236073913574218750e+02
7.577540283203125000e+02
6.932012939453125000e+02
1.647255096435546875e+02
4.812834167480468750e+02
6.716369018554687500e+02
3.881691894531250000e+02
4.917827453613281250e+02
2.555993347167968750e+02
2.844349975585937500e+02
3.155241088867187500e+02
4.605783691406250000e+02
4.667922058105468750e+02
5.976883544921875000e+02
1.028517303466796875e+02
7.015905761718750000e+02
3.804978332519531250e+02
2.619634704589843750e+02
3.484063720703125000e+02
1.874545593261718750e+02
4.082686462402343750e+02
9.339672241210937500e+02
2.764879150390625000e+02
3.890769653320312500e+02
5.606922607421875000e+02
7.349849243164062500e+02
3.022730712890625000e+02
2.197225036621093750e+02
3.406038208007812500e+02
3.247283020019531250e+02
1.273705566406250000e+03
1.136166870117187500e+03
5.191544189453125000e+02
2.440715789794921875e+02
8.703719482421875000e+02
3.000523071289062500e+02
9.626788940429687500e+02
2.653445434570312500e+02
4.497996826171875000e+02
6.917893676757812500e+02
9.451414184570312500e+02
3.343988037109375000e+02
2.840198669433593750e+02
6.017581787109375000e+02
4.035756835937500000e+02
9.515604858398437500e+02
1.710578155517578125e+02
6.931985473632812500e+02
6.393488769531250000e+02
4.532122192382812500e+02
2.044513397216796875e+02
6.929472656250000000e+02
6.677026977539062500e+02
2.984975891113281250e+02
1.111169189453125000e+03
2.152689819335937500e+02
4.892616882324218750e+02
1.040956298828125000e+03
5.292820434570312500e+02
4.283594665527343750e+02
3.502379455566406250e+02
6.524924316406250000e+02
5.081284179687500000e+02
6.130726928710937500e+02
8.017124633789062500e+02
6.861340332031250000e+02
1.019965637207031250e+03
5.643615112304687500e+02
3.926567687988281250e+02
6.463162231445312500e+02
2.918199768066406250e+02
2.955872497558593750e+02
1.377557830810546875e+02
2.601139831542968750e+02
3.554072570800781250e+02
2.008182067871093750e+02
2.822728576660156250e+02
3.755366821289062500e+02
4.033062744140625000e+02
2.013009796142578125e+02
7.684996948242187500e+02
5.417420654296875000e+02
4.544198608398437500e+02
5.057119750976562500e+02
4.969508666992187500e+02
3.994722290039062500e+02
4.313662414550781250e+02
5.330187988281250000e+02
1.561851959228515625e+02
7.259364013671875000e+02
8.877706909179687500e+02
7.803571166992187500e+02
7.463635253906250000e+02
5.691787109375000000e+02
1.312243041992187500e+03
2.366631774902343750e+02
1.809201202392578125e+02
8.487445678710937500e+02
6.261782226562500000e+02
6.930291137695312500e+02
1.646366577148437500e+02
5.540743408203125000e+02
4.895974121093750000e+02
4.475661010742187500e+02
4.676971740722656250e+02
8.818298950195312500e+02
9.524336547851562500e+02
5.376389770507812500e+02
1.857563476562500000e+02
5.542769775390625000e+02
4.926190185546875000e+02
6.183475952148437500e+02
6.357862548828125000e+02
6.794427490234375000e+02
7.179357299804687500e+02
4.771909790039062500e+02
6.731408081054687500e+02
7.237723388671875000e+02
5.828701782226562500e+02
4.999699707031250000e+02
2.651363220214843750e+02
3.987091674804687500e+02
8.913725280761718750e+01
2.591553039550781250e+02
8.719160156250000000e+02
2.312936553955078125e+02
4.047640991210937500e+02
3.918665771484375000e+02
4.388339843750000000e+02
6.849670410156250000e+02
7.411995239257812500e+02
5.826854248046875000e+02
2.216537780761718750e+02
5.286817016601562500e+02
1.008439575195312500e+03
2.920028381347656250e+02
3.923228759765625000e+02
3.646393737792968750e+02
7.231290893554687500e+02
3.692319946289062500e+02
4.245815734863281250e+02
2.966570129394531250e+02
3.870231018066406250e+02
6.882470703125000000e+02
4.303162536621093750e+02
5.195116577148437500e+02
2.396776275634765625e+02
7.246760864257812500e+02
4.253291625976562500e+02
2.082015686035156250e+02
1.941396331787109375e+02
4.071596679687500000e+02
2.416542205810546875e+02
9.703219604492187500e+02
1.021395690917968750e+03
8.504243164062500000e+02
6.944082031250000000e+02
3.124199523925781250e+02
5.269883422851562500e+02
1.978027343750000000e+02
5.242656250000000000e+02
4.995686340332031250e+02
6.284038085937500000e+02
6.819444580078125000e+02
2.159188690185546875e+02
7.243585815429687500e+02
7.873823242187500000e+02
8.855206298828125000e+02
4.110044860839843750e+02
2.779403076171875000e+02
3.853328857421875000e+02
5.662548828125000000e+02
5.187100830078125000e+02
1.507159423828125000e+02
3.619876403808593750e+02
2.892477722167968750e+02
4.933776245117187500e+02
4.496748352050781250e+02
1.288748474121093750e+02
5.309772338867187500e+02
5.691066284179687500e+02
1.466694488525390625e+02
4.886044616699218750e+02
6.412869873046875000e+02
3.232321777343750000e+02
7.027437744140625000e+02
3.444831237792968750e+02
3.165902404785156250e+02
3.590729370117187500e+02
1.985072937011718750e+02
3.747902832031250000e+02
7.981214599609375000e+02
3.476047058105468750e+02
3.926083374023437500e+02
3.504727478027343750e+02
6.885465087890625000e+02
5.552636108398437500e+02
4.419710693359375000e+02
6.793200683593750000e+02
2.359857788085937500e+02
7.797188110351562500e+02
8.309788208007812500e+02
7.894232177734375000e+02
2.673306579589843750e+02
4.645983886718750000e+02
5.698048706054687500e+02
3.381569824218750000e+02
8.076763305664062500e+02
5.910111694335937500e+02
9.081174316406250000e+02
4.734374389648437500e+02
5.835957641601562500e+02
5.519694213867187500e+02
7.168572387695312500e+02
3.722677612304687500e+02
5.395686035156250000e+02
6.379687500000000000e+02
7.229675903320312500e+02
4.767037658691406250e+02
5.066373901367187500e+02
5.184221191406250000e+02
4.822805786132812500e+02
5.452742309570312500e+02
2.211253356933593750e+02
2.667793884277343750e+02
7.366101074218750000e+02
1.498413085937500000e+02
4.655516357421875000e+02
4.325368957519531250e+02
1.905476379394531250e+02
1.028947143554687500e+03
6.616399536132812500e+02
2.628648071289062500e+02
3.104488830566406250e+02
9.411480712890625000e+02
2.490466156005859375e+02
6.398390502929687500e+02
3.594072875976562500e+02
3.920889892578125000e+02
3.085322875976562500e+02
6.268163452148437500e+02
3.331175537109375000e+02
4.961132202148437500e+02
4.594496154785156250e+02
6.992610473632812500e+02
6.748815307617187500e+02
6.856408081054687500e+02
3.604864807128906250e+02
2.153614959716796875e+02
4.980339050292968750e+02
4.674752502441406250e+02
6.843099975585937500e+02
1.018589660644531250e+03
3.740427551269531250e+02
6.389406738281250000e+02
7.109196166992187500e+02
3.174199218750000000e+02
4.507616577148437500e+02
2.761906127929687500e+02
4.344522705078125000e+02
5.900278930664062500e+02
8.276335449218750000e+02
2.355930328369140625e+02
8.206690673828125000e+02
4.656415100097656250e+02
9.704314575195312500e+02
6.462061157226562500e+02
5.213902587890625000e+02
3.438005065917968750e+02
5.054445190429687500e+02
3.976864013671875000e+02
3.591710815429687500e+02
4.763925170898437500e+02
6.233653564453125000e+02
6.312873535156250000e+02
4.072325439453125000e+02
6.024853515625000000e+02
6.574107055664062500e+02
6.351251831054687500e+02
4.074758911132812500e+02
4.566445922851562500e+02
2.998796386718750000e+02
6.410323486328125000e+02
5.551762695312500000e+02
3.090953979492187500e+02
3.289995117187500000e+02
8.026688232421875000e+02
4.448321228027343750e+02
6.438715820312500000e+02
2.451339721679687500e+02
8.046539916992187500e+02
6.209813232421875000e+02
6.061817016601562500e+02
2.215137481689453125e+02
9.046018676757812500e+02
2.997412109375000000e+02
5.035014343261718750e+02
4.109082946777343750e+02
7.697109985351562500e+02
4.848042602539062500e+02
2.346134796142578125e+02
6.122252197265625000e+02
5.709498291015625000e+02
2.065880889892578125e+02
1.333983001708984375e+02
3.237216491699218750e+02
4.437152404785156250e+02
5.350783691406250000e+02
5.692685546875000000e+02
2.456562500000000000e+02
5.644818725585937500e+02
8.260600585937500000e+02
7.086047973632812500e+02
2.875177917480468750e+02
5.433811645507812500e+02
4.644116516113281250e+02
9.432967376708984375e+01
3.189740600585937500e+02
3.145401611328125000e+02
4.086882019042968750e+02
1.721900367736816406e+01
7.870875854492187500e+02
2.414689636230468750e+02
6.927973632812500000e+02
8.439691772460937500e+02
2.071385498046875000e+02
4.663728027343750000e+02
3.520485229492187500e+02
6.782173461914062500e+02
5.085131835937500000e+02
5.393001708984375000e+02
7.386632690429687500e+02
2.973989257812500000e+02
4.007386474609375000e+02
2.570377807617187500e+02
2.596567687988281250e+02
5.329810180664062500e+02
1.174269561767578125e+02
3.643771667480468750e+02
2.503950500488281250e+02
3.041245117187500000e+02
2.710140686035156250e+02
3.443103332519531250e+02
4.295299377441406250e+02
5.131592407226562500e+02
1.424993286132812500e+02
6.084451904296875000e+02
5.064667358398437500e+02
4.975763549804687500e+02
2.103899993896484375e+02
5.498665161132812500e+02
8.663865966796875000e+02
6.313487548828125000e+02
1.220573806762695312e+02
1.142801895141601562e+02
6.202509765625000000e+02
5.825965576171875000e+02
3.694580688476562500e+02
4.995834960937500000e+02
4.700514526367187500e+02
1.861304168701171875e+02
3.301283874511718750e+02
8.595634155273437500e+02
1.331499481201171875e+02
7.024241943359375000e+02
3.642580566406250000e+02
6.093035278320312500e+02
3.662527465820312500e+02
5.589257812500000000e+02
5.174688110351562500e+02
3.531900329589843750e+02
5.856480712890625000e+02
4.363181152343750000e+02
5.613115234375000000e+02
2.475444946289062500e+02
3.230286560058593750e+02
4.557256774902343750e+02
7.275661010742187500e+02
5.378861694335937500e+02
2.855232849121093750e+02
2.716727905273437500e+02
4.671985168457031250e+02
4.471087646484375000e+02
4.864925842285156250e+02
3.483019714355468750e+02
4.488877563476562500e+02
8.426635131835937500e+02
4.870565185546875000e+02
6.469987792968750000e+02
5.798705444335937500e+02
3.570508728027343750e+02
1.695713348388671875e+02
4.223552856445312500e+02
4.537483825683593750e+02
4.587217407226562500e+02
4.486946716308593750e+02
5.695823974609375000e+02
8.667111816406250000e+02
2.642602844238281250e+02
1.674355926513671875e+02
1.274634933471679688e+02
6.524515991210937500e+02
2.101609344482421875e+02
3.941730651855468750e+02
4.339103088378906250e+02
3.191757507324218750e+02
4.734252929687500000e+02
1.096905151367187500e+03
4.725571594238281250e+02
4.805887145996093750e+02
1.034654541015625000e+03
4.035156860351562500e+02
6.888792114257812500e+02
2.799406433105468750e+02
6.043982543945312500e+02
4.178080139160156250e+02
7.260620727539062500e+02
1.603673706054687500e+02
3.570569458007812500e+02
3.642027587890625000e+02
3.163206481933593750e+02
5.682899780273437500e+02
5.435549926757812500e+02
6.779503173828125000e+02
5.909636230468750000e+02
7.061581420898437500e+02
2.117772979736328125e+02
5.549888305664062500e+02
5.112877502441406250e+02
6.260317993164062500e+02
4.958954467773437500e+02
4.345785217285156250e+02
1.566407470703125000e+02
4.079813842773437500e+02
1.099329223632812500e+03
6.831582641601562500e+02
2.722005310058593750e+02
4.868999633789062500e+02
1.943944244384765625e+02
4.352001037597656250e+02
3.960637512207031250e+02
5.136005859375000000e+02
3.089869995117187500e+02
3.423035583496093750e+02
4.289316406250000000e+02
6.886735229492187500e+02
3.216136169433593750e+02
3.626238708496093750e+02
6.316339721679687500e+02
4.768601989746093750e+02
4.175440979003906250e+02
3.997640686035156250e+02
7.630580444335937500e+02
6.965537719726562500e+02
2.744204406738281250e+02
3.261827697753906250e+02
3.389812316894531250e+02
3.712883605957031250e+02
3.117284545898437500e+02
1.871325073242187500e+02
4.486915588378906250e+02
3.737646179199218750e+02
7.038074340820312500e+02
8.104348144531250000e+02
7.730233154296875000e+02
4.361408386230468750e+02
5.880752563476562500e+02
6.183930053710937500e+02
6.230233154296875000e+02
4.730982666015625000e+02
3.102445983886718750e+02
4.236398315429687500e+02
6.768783569335937500e+02
7.152290039062500000e+02
2.027400817871093750e+02
4.353290710449218750e+02
3.174779052734375000e+02
3.406691284179687500e+02
6.631203002929687500e+02
2.416096038818359375e+02
3.197995605468750000e+02
7.814402465820312500e+02
4.521697998046875000e+02
6.366817016601562500e+02
2.713721313476562500e+02
7.187225952148437500e+02
4.512261962890625000e+02
1.512038879394531250e+02
5.387482299804687500e+02
5.956316528320312500e+02
4.494626770019531250e+02
4.236862487792968750e+02
1.085133361816406250e+02
4.927857666015625000e+02
3.270742492675781250e+02
8.145002441406250000e+02
7.236269531250000000e+02
3.766761169433593750e+02
7.712349853515625000e+02
6.879288330078125000e+02
2.128992462158203125e+02
6.000279541015625000e+02
9.222482910156250000e+02
2.600186767578125000e+02
7.070178833007812500e+02
4.253204040527343750e+02
3.230196533203125000e+02
4.816467590332031250e+02
7.486143188476562500e+02
8.279844970703125000e+02
2.452418670654296875e+02
9.640026855468750000e+02
3.083095092773437500e+02
1.716405639648437500e+02
5.465891113281250000e+02
6.580581665039062500e+02
5.472877807617187500e+02
7.270966796875000000e+02
4.050517272949218750e+02
2.113899841308593750e+02
3.113412475585937500e+02
5.160900878906250000e+02
3.912524108886718750e+02
4.338222656250000000e+02
5.961868286132812500e+02
5.333086547851562500e+02
6.799995117187500000e+02
2.703387756347656250e+02
6.650651245117187500e+02
4.144689636230468750e+02
5.129853515625000000e+02
3.490406188964843750e+02
5.022774963378906250e+02
6.159747924804687500e+02
2.158906860351562500e+02
2.164210968017578125e+02
5.294353637695312500e+02
7.421039428710937500e+02
4.483435363769531250e+02
7.275394897460937500e+02
3.378040466308593750e+02
2.803605957031250000e+02
5.673654174804687500e+02
4.610920715332031250e+02
8.966672515869140625e+01
5.958379516601562500e+02
2.695538024902343750e+02
5.156503906250000000e+02
7.817468872070312500e+02
9.093500366210937500e+02
4.762783813476562500e+02
4.051128540039062500e+02
3.792234802246093750e+02
4.489924926757812500e+02
5.915474243164062500e+02
2.140314178466796875e+02
3.087734680175781250e+02
2.410952453613281250e+02
4.994267883300781250e+02
7.228038330078125000e+02
4.198427429199218750e+02
6.893002929687500000e+02
5.034919128417968750e+02
7.375279541015625000e+02
4.181981201171875000e+02
8.187484130859375000e+02
4.739298400878906250e+02
4.257539978027343750e+02
5.153384399414062500e+02
9.365401000976562500e+02
2.683937683105468750e+02
4.380808410644531250e+02
3.192247314453125000e+02
6.302753906250000000e+02
7.870060424804687500e+02
3.685001831054687500e+02
2.977695922851562500e+02
6.563275146484375000e+02
7.304851074218750000e+02
5.349434204101562500e+02
6.205952758789062500e+02
7.359052124023437500e+02
3.010016174316406250e+02
5.757316284179687500e+02
6.512457275390625000e+02
5.307279663085937500e+02
4.891665344238281250e+02
4.812666931152343750e+02
7.109112548828125000e+01
3.587779235839843750e+02
8.976165771484375000e+02
2.788374328613281250e+02
3.371766662597656250e+02
5.350913085937500000e+02
4.505880126953125000e+02
3.817226562500000000e+02
4.742492675781250000e+02
2.107860260009765625e+02
7.640901489257812500e+02
7.880524902343750000e+02
3.171761474609375000e+02
3.839125976562500000e+02
4.191906127929687500e+02
1.183651962280273438e+02
4.045685119628906250e+02
5.032933349609375000e+02
2.999904479980468750e+02
7.084999389648437500e+02
7.755518798828125000e+02
3.261713562011718750e+02
5.245676269531250000e+02
3.199967041015625000e+02
1.588773651123046875e+02
1.798173065185546875e+02
5.934882202148437500e+02
4.022622680664062500e+02
4.211853637695312500e+02
3.936543273925781250e+02
5.131614379882812500e+02
4.776802062988281250e+01
1.518212280273437500e+02
6.054623413085937500e+02
7.033798828125000000e+02
4.149198608398437500e+02
4.926615295410156250e+02
4.100541992187500000e+02
3.838753967285156250e+02
8.675731811523437500e+02
6.492084350585937500e+02
3.893363037109375000e+02
6.349503784179687500e+02
3.569623413085937500e+02
2.549272613525390625e+02
5.794548339843750000e+02
3.108999938964843750e+02
7.568878784179687500e+02
4.757732849121093750e+02
3.589868164062500000e+02
8.903742218017578125e+01
6.327586059570312500e+02
1.112032348632812500e+03
5.803346557617187500e+02
5.892149658203125000e+02
4.412367858886718750e+02
9.817676391601562500e+02
6.381271972656250000e+02
8.302415771484375000e+02
2.719471740722656250e+02
1.325095092773437500e+03
4.096961975097656250e+02
1.578694000244140625e+02
3.676733093261718750e+02
3.756787414550781250e+02
2.474639739990234375e+02
2.907861633300781250e+02
9.017615966796875000e+02
5.991719970703125000e+02
6.613288574218750000e+02
2.045544586181640625e+02
3.287425231933593750e+02
2.919126586914062500e+02
5.243146362304687500e+02
4.189781188964843750e+02
3.249073181152343750e+02
7.487973632812500000e+02
2.623430786132812500e+02
4.834406433105468750e+02
3.256814880371093750e+02
6.269979858398437500e+02
3.173599548339843750e+02
4.678945922851562500e+02
1.849440002441406250e+02
3.371244812011718750e+02
3.233102111816406250e+02
3.131503601074218750e+02
5.923048706054687500e+02
5.720481567382812500e+02
6.922592773437500000e+02
3.821283264160156250e+02
1.852266845703125000e+02
1.277910156250000000e+02
3.054402160644531250e+02
5.189915771484375000e+02
1.916782989501953125e+02
4.356987609863281250e+02
2.205502777099609375e+02
3.532452697753906250e+02
3.065741882324218750e+02
4.300040893554687500e+02
3.597982482910156250e+02
2.707654724121093750e+02
6.130061035156250000e+02
5.947781982421875000e+02
6.617039184570312500e+02
3.289531555175781250e+02
8.026356811523437500e+02
1.506070251464843750e+02
5.115849914550781250e+02
3.702861328125000000e+02
5.822248535156250000e+02
2.567478942871093750e+02
6.023365478515625000e+02
5.395970458984375000e+02
3.700375061035156250e+02
3.430140686035156250e+02
1.995223846435546875e+02
