3.663920288085937500e+02
1.339279907226562500e+03
9.094375610351562500e+02
4.156593017578125000e+02
3.857309875488281250e+02
3.276324157714843750e+02
8.173041381835937500e+02
5.486845092773437500e+02
3.249136657714843750e+02
3.259280700683593750e+02
8.179065551757812500e+02
3.249602050781250000e+02
2.774146728515625000e+02
1.003373413085937500e+03
4.269975585937500000e+02
3.831112976074218750e+02
2.924781188964843750e+02
5.517880859375000000e+02
4.179924316406250000e+02
3.471676940917968750e+02
3.868139343261718750e+02
8.520283813476562500e+02
4.261101379394531250e+02
4.337240295410156250e+02
6.317293090820312500e+02
3.829613952636718750e+02
1.306821289062500000e+02
2.926600952148437500e+02
2.493218383789062500e+02
3.702421264648437500e+02
1.538789825439453125e+02
3.089288940429687500e+02
2.367623748779296875e+02
3.605732727050781250e+02
5.388572387695312500e+02
4.408438720703125000e+02
5.054962463378906250e+02
1.728209381103515625e+02
2.993360290527343750e+02
5.312346801757812500e+02
3.405362243652343750e+02
3.967256774902343750e+02
3.878584289550781250e+02
5.083277893066406250e+02
2.227290649414062500e+02
5.296520385742187500e+02
4.437889709472656250e+02
6.884096679687500000e+02
3.038927612304687500e+02
4.097440795898437500e+02
4.023050842285156250e+02
4.555269165039062500e+02
3.656493835449218750e+02
2.935058288574218750e+02
2.447200927734375000e+02
7.243682861328125000e+02
6.420903320312500000e+02
8.129168090820312500e+02
6.245048217773437500e+02
3.212278137207031250e+02
5.894691162109375000e+02
2.630709533691406250e+02
2.801818542480468750e+02
2.475008392333984375e+02
6.150824584960937500e+02
5.742030639648437500e+02
1.020621948242187500e+03
2.638882751464843750e+02
2.522652282714843750e+02
5.907793579101562500e+02
3.235202941894531250e+02
2.127007598876953125e+02
2.098868713378906250e+02
3.428522033691406250e+02
4.761589355468750000e+02
2.909027709960937500e+02
9.232614135742187500e+02
7.025620727539062500e+02
2.623058776855468750e+02
5.306054687500000000e+02
3.028042907714843750e+02
2.224346313476562500e+02
5.849031372070312500e+02
1.540431060791015625e+02
7.792810668945312500e+02
4.930556945800781250e+02
1.553740081787109375e+02
5.577789916992187500e+02
5.775412597656250000e+02
5.101311950683593750e+02
5.289190063476562500e+02
2.684605407714843750e+02
2.631439514160156250e+02
5.728287353515625000e+02
7.711912231445312500e+02
4.218717346191406250e+02
6.171907348632812500e+02
4.431024169921875000e+02
6.341445312500000000e+02
2.282307434082031250e+02
5.200560913085937500e+02
2.564376220703125000e+02
5.341506347656250000e+02
2.260028686523437500e+02
5.415756225585937500e+02
7.850218505859375000e+02
4.960579833984375000e+02
3.166279602050781250e+02
3.426131286621093750e+02
2.252166290283203125e+02
6.105758666992187500e+02
1.052424316406250000e+02
1.076969848632812500e+03
3.309060058593750000e+02
3.952828369140625000e+02
7.865117797851562500e+02
3.260507202148437500e+02
9.355905914306640625e+01
1.797482604980468750e+02
2.494986114501953125e+02
2.252721405029296875e+02
5.772913208007812500e+02
6.335236816406250000e+02
3.680937805175781250e+02
9.824195556640625000e+02
3.115206909179687500e+02
9.011625366210937500e+02
4.925320434570312500e+02
2.749117431640625000e+02
4.954120483398437500e+02
4.767306518554687500e+02
5.078219909667968750e+02
5.047262878417968750e+02
7.830600585937500000e+02
5.291597900390625000e+02
4.623022155761718750e+02
2.788344726562500000e+02
4.263370056152343750e+02
4.764771423339843750e+02
3.916857299804687500e+02
6.987769775390625000e+02
1.132510833740234375e+02
3.396782531738281250e+02
2.855573425292968750e+02
3.535782470703125000e+02
4.033361511230468750e+02
4.930059814453125000e+02
2.443798065185546875e+02
1.800859375000000000e+02
3.105133361816406250e+02
3.089667358398437500e+02
6.306188354492187500e+02
5.037843933105468750e+02
3.939623718261718750e+02
4.185303039550781250e+02
3.356207275390625000e+02
6.615788574218750000e+02
4.175494689941406250e+02
1.750589447021484375e+02
5.325775756835937500e+02
7.141762084960937500e+02
4.804963378906250000e+02
5.305746459960937500e+02
6.396199951171875000e+02
4.657227783203125000e+02
3.036385192871093750e+02
7.817006225585937500e+02
5.222764282226562500e+02
2.087256011962890625e+02
4.067655639648437500e+02
2.595880737304687500e+02
3.963282165527343750e+02
8.932878875732421875e+01
7.227037353515625000e+02
3.578758850097656250e+02
3.995879211425781250e+02
3.868646545410156250e+02
2.474014739990234375e+02
1.276398239135742188e+02
1.119044647216796875e+02
3.650806884765625000e+02
3.765069274902343750e+02
5.377425537109375000e+02
6.601577758789062500e+02
5.138807373046875000e+02
5.107810974121093750e+02
3.297712402343750000e+02
6.509658813476562500e+02
6.098770141601562500e+02
6.743203125000000000e+02
3.077846984863281250e+02
3.909747924804687500e+02
6.932854003906250000e+02
5.493406372070312500e+02
8.219690551757812500e+02
3.486680908203125000e+02
2.001232299804687500e+02
3.326112976074218750e+02
5.853237915039062500e+02
5.791059570312500000e+02
4.620758361816406250e+02
3.166976013183593750e+02
8.155203247070312500e+02
7.217756347656250000e+02
7.162608642578125000e+02
5.633289184570312500e+02
2.138098602294921875e+02
5.978425903320312500e+02
3.553007812500000000e+02
4.780625610351562500e+02
2.430795440673828125e+02
6.209011230468750000e+02
5.160768432617187500e+02
2.838100280761718750e+02
3.236442871093750000e+02
4.646044311523437500e+02
3.565490112304687500e+02
3.708336486816406250e+02
9.097854003906250000e+02
7.324087524414062500e+02
2.295332641601562500e+02
7.341530609130859375e+01
4.089389953613281250e+02
2.379012298583984375e+02
4.778999938964843750e+02
2.252660369873046875e+02
8.728814086914062500e+02
2.135809326171875000e+02
3.750236511230468750e+02
8.414379272460937500e+02
2.953602294921875000e+02
3.477484436035156250e+02
6.533126220703125000e+02
4.986075744628906250e+02
8.523959960937500000e+02
4.138598632812500000e+02
8.666838989257812500e+02
4.679413146972656250e+02
3.915478820800781250e+02
8.251196289062500000e+02
8.684601440429687500e+02
3.098345642089843750e+02
5.242359008789062500e+02
2.930310974121093750e+02
1.756198577880859375e+02
6.930563354492187500e+02
3.954093933105468750e+02
9.317874145507812500e+02
4.864836425781250000e+02
2.299564056396484375e+02
1.488107299804687500e+02
5.172573852539062500e+02
4.232240905761718750e+02
5.315747680664062500e+02
3.345665893554687500e+02
9.475169067382812500e+02
2.185589752197265625e+02
1.858088226318359375e+02
4.390932312011718750e+02
2.779151611328125000e+02
3.609813232421875000e+02
4.520817260742187500e+02
5.296882324218750000e+02
5.677272338867187500e+02
4.563782958984375000e+02
4.146739807128906250e+02
6.285552978515625000e+02
4.583373718261718750e+02
6.419158325195312500e+02
8.387081909179687500e+01
2.025004730224609375e+02
3.435626220703125000e+02
1.906265716552734375e+02
2.750303039550781250e+02
3.765458068847656250e+02
3.593209533691406250e+02
5.176931762695312500e+02
9.243784179687500000e+02
6.703093872070312500e+02
4.309592895507812500e+02
6.089458618164062500e+02
6.295995483398437500e+02
5.177882690429687500e+02
4.769005126953125000e+02
2.535991058349609375e+02
5.357634887695312500e+02
3.627929077148437500e+02
2.574155273437500000e+02
1.766488342285156250e+02
4.019456176757812500e+02
4.183480224609375000e+02
3.458334960937500000e+02
1.965442962646484375e+02
4.938180236816406250e+02
4.724196472167968750e+02
5.063497924804687500e+02
4.931510925292968750e+02
4.506674194335937500e+02
2.994009704589843750e+02
7.398551025390625000e+02
5.079323425292968750e+02
2.388279418945312500e+02
4.780221557617187500e+02
4.409847106933593750e+02
4.226871032714843750e+02
2.537373352050781250e+02
2.336122741699218750e+02
4.622484436035156250e+02
4.305483398437500000e+02
1.801862792968750000e+02
6.788034667968750000e+02
2.511993255615234375e+02
2.610137023925781250e+02
5.936264038085937500e+02
1.250928039550781250e+02
3.742655639648437500e+02
5.482951049804687500e+02
4.253708801269531250e+02
3.321883239746093750e+02
3.828805847167968750e+02
3.358598022460937500e+02
4.872349853515625000e+02
2.754745788574218750e+02
5.556570434570312500e+02
1.303698425292968750e+02
7.373481445312500000e+02
6.272628173828125000e+02
2.291908416748046875e+02
5.009048156738281250e+02
3.082748718261718750e+02
4.253022155761718750e+02
2.487523345947265625e+02
5.826226196289062500e+02
3.093995971679687500e+02
1.046193237304687500e+03
2.258180389404296875e+02
3.420680236816406250e+02
5.349002685546875000e+02
2.291286010742187500e+02
9.052437744140625000e+02
2.543578033447265625e+02
5.336044921875000000e+02
5.562391967773437500e+02
4.172455139160156250e+02
6.053116455078125000e+02
4.385519104003906250e+02
3.323273010253906250e+02
1.789687805175781250e+02
1.315236053466796875e+02
2.830949096679687500e+02
3.277526855468750000e+02
3.241001586914062500e+02
3.431857299804687500e+02
4.312035217285156250e+02
2.311415405273437500e+02
2.245687408447265625e+02
2.366901397705078125e+02
2.678418273925781250e+02
2.689531555175781250e+02
2.655629882812500000e+02
5.877560424804687500e+02
6.009571533203125000e+02
4.838706665039062500e+02
5.542077636718750000e+02
8.273058471679687500e+02
3.905923156738281250e+02
3.854160461425781250e+02
3.041036987304687500e+02
2.684798889160156250e+02
2.580114135742187500e+02
4.137285766601562500e+02
7.219880371093750000e+02
4.708724975585937500e+02
1.000727905273437500e+03
4.000827331542968750e+02
4.627203063964843750e+02
2.247641296386718750e+02
6.145588989257812500e+02
6.610880737304687500e+02
6.758856201171875000e+02
5.493964843750000000e+02
5.266276855468750000e+02
3.228498840332031250e+02
3.586034545898437500e+02
5.407119140625000000e+02
9.978135375976562500e+02
5.493670043945312500e+02
6.796038208007812500e+02
5.385081787109375000e+02
9.422390136718750000e+02
2.985426025390625000e+02
2.109630584716796875e+02
4.402584228515625000e+02
3.666940002441406250e+02
4.418378295898437500e+02
1.624319610595703125e+02
7.758893432617187500e+02
1.911064910888671875e+02
7.079874877929687500e+02
7.360455322265625000e+02
5.786210937500000000e+02
2.938768920898437500e+02
3.080743408203125000e+02
4.753009948730468750e+02
1.888937377929687500e+02
2.751149597167968750e+02
6.766132812500000000e+02
5.246471557617187500e+02
3.363418884277343750e+02
3.560638732910156250e+02
1.819501495361328125e+02
2.899559020996093750e+02
5.237990722656250000e+02
3.526013793945312500e+02
2.201172943115234375e+02
4.178576965332031250e+02
7.326856689453125000e+02
6.713215332031250000e+02
3.272101745605468750e+02
3.354148254394531250e+02
5.188573608398437500e+02
2.192202606201171875e+02
6.028549804687500000e+02
5.920906372070312500e+02
3.369794616699218750e+02
1.057265258789062500e+03
7.184452514648437500e+02
2.782398986816406250e+02
2.845519409179687500e+02
9.509610595703125000e+02
4.613491516113281250e+02
5.620004882812500000e+02
4.832870483398437500e+02
5.727257080078125000e+02
5.744138793945312500e+02
1.618890991210937500e+02
5.520137329101562500e+02
2.590436706542968750e+02
5.957598266601562500e+02
6.504237670898437500e+02
1.440229034423828125e+02
4.677403259277343750e+02
3.648738403320312500e+02
5.370712280273437500e+02
3.739400329589843750e+02
5.861333007812500000e+02
3.731522521972656250e+02
5.168294677734375000e+02
2.247993927001953125e+02
4.657754821777343750e+02
2.087080078125000000e+02
6.433070068359375000e+02
5.395403442382812500e+02
4.561476745605468750e+02
2.447750854492187500e+02
3.175867614746093750e+02
3.017875061035156250e+02
5.050670166015625000e+02
5.596920776367187500e+02
4.462468261718750000e+02
1.069736328125000000e+03
2.399333648681640625e+02
5.035939941406250000e+02
6.453717651367187500e+02
7.409393310546875000e+02
4.020301513671875000e+02
6.306723022460937500e+02
7.232198486328125000e+02
6.064533691406250000e+02
4.425991821289062500e+02
2.817888488769531250e+02
2.135855102539062500e+02
2.098524322509765625e+02
6.644000244140625000e+02
3.526265869140625000e+02
4.306112365722656250e+02
3.372630615234375000e+02
2.700557250976562500e+02
3.607286071777343750e+02
4.981994018554687500e+02
6.490949707031250000e+02
2.555240325927734375e+02
4.611411437988281250e+02
6.125863647460937500e+02
8.268243408203125000e+02
2.770436706542968750e+02
4.272936706542968750e+02
2.526614074707031250e+02
3.693143615722656250e+02
4.485788879394531250e+02
5.028970642089843750e+02
2.429178009033203125e+02
4.144605102539062500e+02
5.036888122558593750e+02
9.941809692382812500e+02
6.412568359375000000e+02
2.714357299804687500e+02
7.416771240234375000e+02
2.850104980468750000e+02
3.164794006347656250e+02
8.899035034179687500e+02
4.833031005859375000e+02
2.145651855468750000e+02
5.435922851562500000e+02
5.116623535156250000e+02
4.118457641601562500e+02
6.497628173828125000e+02
2.994638366699218750e+02
2.779375610351562500e+02
3.192435302734375000e+02
2.298823242187500000e+02
4.401214904785156250e+02
3.471664733886718750e+02
5.825787963867187500e+02
4.586205444335937500e+02
6.391733398437500000e+02
5.252929687500000000e+02
2.880286865234375000e+02
3.246917419433593750e+02
4.067035217285156250e+02
8.821255493164062500e+02
4.476045532226562500e+02
6.963671264648437500e+02
4.907234191894531250e+02
5.189996337890625000e+02
2.181906585693359375e+02
6.618973388671875000e+02
4.591682739257812500e+02
4.491197509765625000e+02
5.298958129882812500e+02
9.138272094726562500e+02
5.281436157226562500e+02
3.033152770996093750e+02
3.475993652343750000e+02
1.036791137695312500e+03
5.091356811523437500e+02
3.721345825195312500e+02
2.301930084228515625e+02
8.672054443359375000e+02
3.220873413085937500e+02
5.684696044921875000e+02
2.279899597167968750e+02
2.270599517822265625e+02
2.280334930419921875e+02
7.314961547851562500e+02
5.086803283691406250e+02
6.442290039062500000e+02
4.457279968261718750e+02
2.507446899414062500e+02
4.438161621093750000e+02
6.298175048828125000e+02
3.736871643066406250e+02
6.373975219726562500e+02
5.575097656250000000e+02
7.699866333007812500e+02
4.505247497558593750e+02
9.378331298828125000e+02
5.026580810546875000e+02
2.996307373046875000e+02
5.016363220214843750e+02
2.571381835937500000e+02
5.562662353515625000e+02
4.042655334472656250e+02
5.648737182617187500e+02
2.326027679443359375e+02
6.297283935546875000e+02
5.644154052734375000e+02
1.100850143432617188e+02
2.591527709960937500e+02
8.781016540527343750e+01
4.725514831542968750e+02
3.624777526855468750e+02
3.603611755371093750e+02
6.106051025390625000e+02
2.978273925781250000e+02
3.783429870605468750e+02
5.214586791992187500e+02
2.472867889404296875e+02
5.348981323242187500e+02
3.790776062011718750e+02
3.485711364746093750e+02
3.627375183105468750e+02
5.224588012695312500e+02
7.949289550781250000e+02
4.593651733398437500e+02
5.554430541992187500e+02
3.273179626464843750e+02
6.782261352539062500e+02
5.010613403320312500e+02
5.091779174804687500e+02
4.189001464843750000e+02
5.564568481445312500e+02
5.286105957031250000e+02
5.474969482421875000e+02
5.012876586914062500e+02
4.673995361328125000e+02
2.204371032714843750e+02
3.994182434082031250e+02
9.275285644531250000e+02
2.835112304687500000e+02
3.242563781738281250e+02
4.157815551757812500e+02
6.788726196289062500e+02
4.773727416992187500e+02
5.185914306640625000e+02
2.586085510253906250e+02
5.910635375976562500e+02
2.784469299316406250e+02
2.656907958984375000e+02
3.881247558593750000e+02
2.831312751770019531e+01
3.383395080566406250e+02
4.616450500488281250e+02
1.881524810791015625e+02
6.011050415039062500e+02
6.380346069335937500e+02
2.881264648437500000e+02
4.278330993652343750e+02
5.806873779296875000e+02
3.484636535644531250e+02
4.262451171875000000e+02
4.038954162597656250e+02
2.059689331054687500e+02
6.154355468750000000e+02
5.795994873046875000e+02
2.487053222656250000e+02
6.334020385742187500e+02
6.194410400390625000e+02
4.776061706542968750e+02
3.787234191894531250e+02
3.737650146484375000e+02
9.618450927734375000e+02
5.845154418945312500e+02
2.638303222656250000e+02
2.274777526855468750e+02
8.558441772460937500e+02
3.425563049316406250e+02
1.482153625488281250e+02
6.034166259765625000e+02
5.359152221679687500e+02
5.574259643554687500e+02
7.753015747070312500e+02
3.977560729980468750e+02
5.759870605468750000e+02
5.591908569335937500e+02
1.930461883544921875e+02
3.912948608398437500e+02
1.311104736328125000e+02
5.887412719726562500e+02
4.231829223632812500e+02
2.030385894775390625e+02
4.240238647460937500e+02
2.534463500976562500e+02
1.609321594238281250e+02
4.582952880859375000e+02
4.175232543945312500e+02
6.713344726562500000e+02
4.024483947753906250e+02
9.300869750976562500e+02
5.369951171875000000e+02
3.285349731445312500e+02
5.616887207031250000e+02
3.137288818359375000e+02
1.206140670776367188e+02
2.636272583007812500e+02
7.506473999023437500e+02
6.273201293945312500e+02
2.622564697265625000e+02
4.347759094238281250e+02
3.955717468261718750e+02
3.926388549804687500e+02
4.094873657226562500e+02
3.384024658203125000e+02
5.125316772460937500e+02
8.491957397460937500e+02
2.702329711914062500e+02
5.099536132812500000e+02
5.575695800781250000e+02
5.025650024414062500e+02
1.893806762695312500e+02
4.206621704101562500e+02
4.826167602539062500e+02
4.493498229980468750e+02
2.429302368164062500e+02
6.193609008789062500e+02
2.948527526855468750e+02
6.593038940429687500e+02
2.554058380126953125e+02
2.482471618652343750e+02
2.908400573730468750e+02
2.955819091796875000e+02
3.593324584960937500e+02
7.518286743164062500e+02
2.166720123291015625e+02
3.839648742675781250e+02
3.940361938476562500e+02
3.674434204101562500e+02
4.745942687988281250e+02
4.996779785156250000e+02
1.950678253173828125e+02
3.553517761230468750e+02
1.054250122070312500e+03
2.073292388916015625e+02
1.452769775390625000e+02
2.719345092773437500e+02
2.957271728515625000e+02
7.660111694335937500e+02
2.109390411376953125e+02
3.232357177734375000e+02
3.252908630371093750e+02
6.689738159179687500e+02
3.878849182128906250e+02
2.019682464599609375e+02
5.572568969726562500e+02
6.798299407958984375e+01
4.384366149902343750e+02
5.997365722656250000e+02
1.349735565185546875e+02
2.711712951660156250e+02
3.913817749023437500e+02
1.900495605468750000e+02
3.894683837890625000e+02
2.339036712646484375e+02
2.336520080566406250e+02
3.844365234375000000e+02
6.548932495117187500e+02
7.153587036132812500e+02
3.645992126464843750e+02
2.318537292480468750e+02
3.971610107421875000e+02
4.175072326660156250e+02
2.383574676513671875e+02
4.086260681152343750e+02
1.459684753417968750e+02
4.979236755371093750e+02
2.700522766113281250e+02
2.030995635986328125e+02
5.467622680664062500e+02
6.712771606445312500e+02
1.559815063476562500e+02
1.586503295898437500e+02
5.595791015625000000e+02
2.164750976562500000e+02
2.448990020751953125e+02
4.306768188476562500e+02
5.227861328125000000e+02
8.415291748046875000e+02
3.091161804199218750e+02
5.860626220703125000e+02
2.495499267578125000e+02
2.788049011230468750e+02
3.258070373535156250e+02
4.142218322753906250e+02
2.834398803710937500e+02
3.887173156738281250e+02
4.299795227050781250e+02
4.764290161132812500e+02
3.569946899414062500e+02
8.973776855468750000e+02
2.931181640625000000e+02
6.034904785156250000e+02
7.296761474609375000e+02
2.732424011230468750e+02
1.807929229736328125e+02
5.247396240234375000e+02
3.019505920410156250e+02
4.821069030761718750e+02
7.050408325195312500e+02
5.545361328125000000e+02
7.211190795898437500e+02
4.581306152343750000e+02
3.156889038085937500e+02
4.699118347167968750e+02
6.683680419921875000e+02
3.412052612304687500e+02
5.372593383789062500e+02
1.574880981445312500e+02
2.054485015869140625e+02
2.781528930664062500e+02
4.940682373046875000e+02
4.020855407714843750e+02
7.161817626953125000e+02
5.726170654296875000e+02
5.615843505859375000e+02
3.767801818847656250e+02
8.124008178710937500e+02
4.930914306640625000e+02
1.807068634033203125e+02
6.489988403320312500e+02
5.220139770507812500e+02
5.056184082031250000e+02
3.121747436523437500e+02
7.987766113281250000e+02
4.351564636230468750e+02
5.043748168945312500e+02
3.159486389160156250e+02
5.239013061523437500e+02
4.471865539550781250e+02
5.860233764648437500e+02
5.056193542480468750e+02
6.085653686523437500e+02
2.128149871826171875e+02
8.651485595703125000e+02
5.738858642578125000e+02
1.037507324218750000e+03
5.905358276367187500e+02
6.419302978515625000e+02
1.647122955322265625e+02
1.557008056640625000e+02
3.122059631347656250e+02
1.798099670410156250e+02
2.789108886718750000e+02
6.997172851562500000e+02
2.134940185546875000e+02
4.421092529296875000e+02
1.638054962158203125e+02
3.716064453125000000e+02
1.691360168457031250e+02
6.810697021484375000e+02
6.048201904296875000e+02
4.874619445800781250e+02
2.921433715820312500e+02
5.655006103515625000e+02
3.405928955078125000e+02
5.781440429687500000e+02
3.018074340820312500e+02
5.325284423828125000e+02
1.907527160644531250e+02
1.723231201171875000e+02
4.117656250000000000e+02
6.249306640625000000e+02
3.788609619140625000e+02
3.675152893066406250e+02
3.363642883300781250e+02
7.716994018554687500e+02
1.787314453125000000e+02
3.682935180664062500e+02
2.890592041015625000e+02
5.133041992187500000e+02
6.342408447265625000e+02
3.693261108398437500e+02
4.448748779296875000e+01
6.272504882812500000e+02
3.092086181640625000e+02
4.872522583007812500e+02
4.756009826660156250e+02
6.542932739257812500e+02
4.846393432617187500e+02
2.963896179199218750e+02
7.550321655273437500e+02
4.280037841796875000e+02
2.250609436035156250e+02
9.870422363281250000e+01
2.375785675048828125e+02
6.444862060546875000e+02
4.026158752441406250e+02
5.628132324218750000e+02
7.535125122070312500e+02
1.827476806640625000e+02
4.346427001953125000e+02
5.605543212890625000e+02
4.053390808105468750e+02
7.775204467773437500e+02
5.124945068359375000e+02
1.073274658203125000e+03
7.037987060546875000e+02
3.242642211914062500e+02
4.817598876953125000e+02
3.746091613769531250e+02
5.821132812500000000e+02
4.500917663574218750e+02
4.726492004394531250e+02
4.080676574707031250e+02
9.577407226562500000e+02
2.813425903320312500e+02
4.751018066406250000e+02
1.267093963623046875e+02
2.721181945800781250e+02
5.515432739257812500e+02
5.089792480468750000e+02
5.937676391601562500e+02
2.434253692626953125e+02
2.463886871337890625e+02
5.425286865234375000e+02
4.590220031738281250e+02
3.763961181640625000e+02
5.704492187500000000e+02
3.790669555664062500e+02
3.802793579101562500e+02
2.694258728027343750e+02
4.967613525390625000e+02
3.964234924316406250e+02
6.616699829101562500e+02
4.647848815917968750e+02
3.273396606445312500e+02
4.336948547363281250e+02
3.223199768066406250e+02
4.203764953613281250e+02
5.467434082031250000e+02
8.230439453125000000e+02
2.455977478027343750e+02
5.446625976562500000e+02
2.783092956542968750e+02
3.309641723632812500e+02
2.498476409912109375e+02
3.661416320800781250e+02
4.423372802734375000e+02
3.523911132812500000e+02
9.356030273437500000e+02
7.423869628906250000e+02
1.756999664306640625e+02
3.664056396484375000e+02
9.944731445312500000e+02
2.109587707519531250e+02
2.467280120849609375e+02
2.988698120117187500e+02
5.071196594238281250e+02
1.548315734863281250e+02
4.620018615722656250e+02
7.405614013671875000e+02
3.360907287597656250e+02
4.899567260742187500e+02
3.488278503417968750e+02
3.730375671386718750e+02
2.363008575439453125e+02
4.796630859375000000e+02
6.039533081054687500e+02
4.777904968261718750e+02
4.662441711425781250e+02
5.417118530273437500e+02
5.987695922851562500e+02
6.795537719726562500e+02
2.728038024902343750e+02
2.255445861816406250e+02
6.057085571289062500e+02
1.755576934814453125e+02
4.014732360839843750e+02
3.912881469726562500e+02
1.550581665039062500e+02
4.283035583496093750e+02
2.844400024414062500e+02
3.211080322265625000e+02
4.878427124023437500e+02
6.823147583007812500e+02
3.015054016113281250e+02
2.333803253173828125e+02
9.438478393554687500e+02
2.350421600341796875e+02
3.639400634765625000e+02
2.458696746826171875e+02
8.962832641601562500e+02
6.490124511718750000e+02
4.024104309082031250e+02
3.637839050292968750e+02
5.138245239257812500e+02
5.703008422851562500e+02
5.489694824218750000e+02
2.732571716308593750e+02
5.213685302734375000e+02
2.213566436767578125e+02
3.719969177246093750e+02
2.451073303222656250e+02
4.166409606933593750e+02
5.192133789062500000e+02
5.476358642578125000e+02
3.102215881347656250e+02
2.779695739746093750e+02
4.563011474609375000e+02
1.937287750244140625e+02
3.717269592285156250e+02
2.730033264160156250e+02
5.214675292968750000e+02
1.989397125244140625e+02
4.654698791503906250e+02
5.988839721679687500e+02
1.649494476318359375e+02
2.058472747802734375e+02
5.307720947265625000e+02
4.451188964843750000e+02
2.755004882812500000e+02
1.017734756469726562e+02
1.539482421875000000e+03
4.001396789550781250e+02
8.382702636718750000e+02
5.633742675781250000e+02
4.746158752441406250e+02
3.613838195800781250e+02
3.466860961914062500e+02
4.500426635742187500e+02
3.319917602539062500e+02
3.853925781250000000e+02
2.432564239501953125e+02
4.913763732910156250e+02
6.590896606445312500e+02
2.410548400878906250e+02
5.913911743164062500e+02
6.261296997070312500e+02
3.235005493164062500e+02
2.637768554687500000e+02
4.152025146484375000e+02
2.248871307373046875e+02
2.441366729736328125e+02
3.190308227539062500e+02
5.126418457031250000e+02
4.822716064453125000e+02
3.833771057128906250e+02
5.183522338867187500e+02
1.237208557128906250e+02
7.697395019531250000e+02
5.927333374023437500e+02
6.874453125000000000e+02
6.666209106445312500e+02
5.524078979492187500e+02
1.213600311279296875e+02
1.917816772460937500e+02
4.471787719726562500e+02
4.559989624023437500e+02
3.441268005371093750e+02
1.788488159179687500e+02
1.021129150390625000e+02
3.567662353515625000e+02
4.455579833984375000e+02
3.997231750488281250e+02
5.385490112304687500e+02
5.208810424804687500e+02
2.240093688964843750e+02
5.901412963867187500e+02
2.294070892333984375e+02
8.918211059570312500e+02
5.715502929687500000e+02
2.881801757812500000e+02
5.309522705078125000e+02
5.356008300781250000e+02
1.001279174804687500e+03
5.804492797851562500e+02
4.257225952148437500e+02
3.474711914062500000e+02
4.785203552246093750e+02
4.317920532226562500e+02
4.502523498535156250e+02
3.457696838378906250e+02
4.519949951171875000e+02
4.566652221679687500e+02
2.555227355957031250e+02
6.544301757812500000e+02
2.547992706298828125e+02
7.759369506835937500e+02
6.454885253906250000e+02
4.440363769531250000e+02
8.528955688476562500e+02
4.469180297851562500e+02
2.129158630371093750e+02
5.805093994140625000e+02
3.460766906738281250e+02
7.431494140625000000e+02
5.007876892089843750e+02
3.938189086914062500e+02
2.740909729003906250e+02
5.354705200195312500e+02
4.572852172851562500e+02
7.506457519531250000e+02
5.654827880859375000e+02
2.749417419433593750e+02
2.400769958496093750e+02
3.202006835937500000e+02
8.101385498046875000e+01
1.097720794677734375e+02
7.717417602539062500e+02
2.470996093750000000e+02
4.322892150878906250e+02
5.874835205078125000e+02
2.352793579101562500e+02
4.823446960449218750e+02
2.913692932128906250e+02
6.017057495117187500e+02
5.606257934570312500e+02
4.793584594726562500e+02
2.622374877929687500e+02
5.084664916992187500e+02
3.348469238281250000e+02
8.047847290039062500e+02
2.719295349121093750e+02
2.306412353515625000e+02
4.690321960449218750e+02
4.296366271972656250e+02
2.657672119140625000e+02
3.213945922851562500e+02
3.520672607421875000e+02
6.154309082031250000e+02
6.025841674804687500e+02
2.900919189453125000e+02
2.663653869628906250e+02
6.959996337890625000e+02
3.289190368652343750e+02
6.606322021484375000e+02
3.855964660644531250e+02
1.112572097778320312e+02
6.176331787109375000e+02
5.189541625976562500e+02
2.771474914550781250e+02
2.472453918457031250e+02
4.192991943359375000e+02
4.862919921875000000e+02
5.643569335937500000e+02
7.579481201171875000e+02
9.458744049072265625e+01
6.864974975585937500e+02
2.951071472167968750e+02
3.179727172851562500e+02
2.931471862792968750e+02
3.881763916015625000e+02
1.013562011718750000e+02
5.085998840332031250e+02
3.440869140625000000e+02
1.291629333496093750e+02
6.014930419921875000e+02
3.243823852539062500e+02
2.896650695800781250e+02
4.877662048339843750e+02
5.082433776855468750e+02
9.059523925781250000e+02
5.437834472656250000e+02
5.494787597656250000e+02
8.605790405273437500e+02
3.498802795410156250e+02
7.307106323242187500e+02
5.460805053710937500e+02
2.250173645019531250e+02
3.386700744628906250e+02
6.494824829101562500e+02
3.909932556152343750e+02
7.515863647460937500e+02
7.075545043945312500e+02
7.109498291015625000e+02
9.056960449218750000e+02
3.605776977539062500e+02
2.678747558593750000e+02
2.298440399169921875e+02
2.926997985839843750e+02
4.969154968261718750e+02
5.459873657226562500e+02
6.223710327148437500e+02
2.657703247070312500e+02
8.359102783203125000e+02
4.151676330566406250e+02
3.358586730957031250e+02
5.452210083007812500e+02
2.413237152099609375e+02
3.729466857910156250e+02
1.554246063232421875e+02
7.435152587890625000e+02
4.708846130371093750e+02
4.121254272460937500e+02
2.056460266113281250e+02
2.109533386230468750e+02
5.138978881835937500e+02
3.750065917968750000e+02
7.251565551757812500e+02
5.556540527343750000e+02
4.121603088378906250e+02
1.232989349365234375e+02
3.046111755371093750e+02
3.466847839355468750e+02
4.443290710449218750e+02
5.561952514648437500e+02
5.694359130859375000e+02
3.372782592773437500e+02
6.672660522460937500e+02
6.904842529296875000e+02
2.229676055908203125e+02
4.323695373535156250e+02
4.544250488281250000e+02
6.537465820312500000e+02
5.002803039550781250e+02
2.099838409423828125e+02
3.617559814453125000e+02
3.148358764648437500e+02
6.485083007812500000e+02
2.952130432128906250e+02
1.904998626708984375e+02
3.543567199707031250e+02
5.838929443359375000e+02
5.198413085937500000e+02
5.041888427734375000e+02
2.973351440429687500e+02
3.094398803710937500e+02
3.850276489257812500e+02
2.108425292968750000e+02
3.933053588867187500e+02
3.064965515136718750e+02
4.476125793457031250e+02
3.949872436523437500e+02
4.822801513671875000e+02
3.710585937500000000e+02
7.769854736328125000e+02
3.252502441406250000e+02
6.383090209960937500e+02
4.198385925292968750e+02
5.372516479492187500e+02
4.990606079101562500e+02
2.613951721191406250e+02
4.629275207519531250e+02
1.188281478881835938e+02
2.428148498535156250e+02
5.565097045898437500e+02
2.499253082275390625e+02
3.316912231445312500e+02
3.535320434570312500e+02
2.141776580810546875e+02
4.819709777832031250e+02
2.684891357421875000e+02
4.431941833496093750e+02
3.700933074951171875e+01
5.666437988281250000e+02
8.202322387695312500e+02
5.305864257812500000e+02
5.269464721679687500e+02
1.062588882446289062e+02
2.060549316406250000e+02
3.635245666503906250e+02
1.575847167968750000e+02
2.921949768066406250e+02
2.169313507080078125e+02
4.995115661621093750e+02
4.993742980957031250e+02
7.340847778320312500e+02
1.886830139160156250e+02
2.917202758789062500e+02
8.365154418945312500e+02
8.543736572265625000e+02
3.922189025878906250e+02
4.046158752441406250e+02
6.592908935546875000e+02
1.633589782714843750e+02
3.965961303710937500e+02
1.194837341308593750e+02
7.170361328125000000e+02
5.287271728515625000e+02
7.527725219726562500e+02
5.193617553710937500e+02
8.426840209960937500e+02
3.168124694824218750e+02
1.999894561767578125e+02
5.610250854492187500e+02
3.317590026855468750e+02
1.727949676513671875e+02
2.856218261718750000e+02
5.362135009765625000e+02
1.177452270507812500e+03
4.540440063476562500e+02
2.301660461425781250e+02
3.080406494140625000e+02
4.900821533203125000e+02
4.824835510253906250e+02
3.546637878417968750e+02
5.077088928222656250e+02
3.402996520996093750e+02
6.839324951171875000e+02
4.299635925292968750e+02
2.533152313232421875e+02
1.105057525634765625e+02
1.664093017578125000e+02
1.439266967773437500e+03
4.897214965820312500e+02
3.073609008789062500e+02
5.769925537109375000e+02
4.214296875000000000e+02
2.760605773925781250e+02
1.740442810058593750e+02
2.781958312988281250e+02
4.016913452148437500e+02
5.324330444335937500e+02
3.357254333496093750e+02
3.889078369140625000e+02
3.022164001464843750e+02
5.859987640380859375e+01
3.735884704589843750e+02
4.318578796386718750e+02
1.293953704833984375e+02
1.541616210937500000e+02
2.796885375976562500e+02
3.902837219238281250e+02
3.523575744628906250e+02
4.354785156250000000e+02
2.666374206542968750e+02
4.718568115234375000e+02
7.160731811523437500e+02
6.608054809570312500e+02
7.704659423828125000e+02
2.626848449707031250e+02
2.369388427734375000e+02
5.299243774414062500e+02
5.611624755859375000e+02
7.203667602539062500e+02
4.417506408691406250e+02
5.126505737304687500e+02
8.673033447265625000e+02
3.041409606933593750e+02
6.655166015625000000e+02
9.069021606445312500e+02
5.209923706054687500e+02
4.997734680175781250e+02
2.229055175781250000e+02
3.480691223144531250e+02
3.379103393554687500e+02
6.532388916015625000e+02
7.310261840820312500e+02
4.756977539062500000e+02
1.039919067382812500e+03
2.028338317871093750e+02
4.944610290527343750e+02
4.887206420898437500e+02
5.162268066406250000e+02
9.426522216796875000e+02
1.857507324218750000e+02
1.081891113281250000e+03
4.657734985351562500e+02
4.713916625976562500e+02
2.925010681152343750e+02
3.870062561035156250e+02
6.626976318359375000e+02
2.396748046875000000e+02
2.665574645996093750e+02
3.764779052734375000e+02
5.560531005859375000e+02
6.989174804687500000e+02
5.072685546875000000e+02
3.155490112304687500e+02
7.530075683593750000e+02
2.753966064453125000e+02
2.056326599121093750e+02
3.207574157714843750e+02
3.500323486328125000e+02
4.067884826660156250e+02
7.463150024414062500e+02
4.784104919433593750e+02
2.784875183105468750e+02
3.161346130371093750e+02
4.011549987792968750e+02
3.121900634765625000e+02
4.040933227539062500e+02
4.628310852050781250e+02
5.141365966796875000e+02
6.599538574218750000e+02
2.950126953125000000e+02
5.668266601562500000e+02
3.629019470214843750e+02
1.985728149414062500e+02
6.499696655273437500e+02
2.909756164550781250e+02
2.510140075683593750e+02
3.343536987304687500e+02
5.672534179687500000e+02
6.445960083007812500e+02
4.371840515136718750e+02
2.337266693115234375e+02
5.616130981445312500e+02
2.560959777832031250e+02
1.856964263916015625e+02
4.468507385253906250e+02
3.684243469238281250e+02
2.545964050292968750e+02
2.109832763671875000e+02
2.297286224365234375e+02
1.670465087890625000e+02
2.875982360839843750e+02
5.389032592773437500e+02
2.387561035156250000e+02
6.109445800781250000e+02
6.558428955078125000e+02
1.181114883422851562e+02
4.810847778320312500e+02
1.003656555175781250e+03
3.873256835937500000e+02
3.210709533691406250e+02
6.718768310546875000e+02
4.461630249023437500e+02
8.409858398437500000e+02
3.954824829101562500e+02
2.504690704345703125e+02
4.203008728027343750e+02
3.627245178222656250e+02
3.101676025390625000e+02
2.944773254394531250e+02
9.356179809570312500e+02
3.451601257324218750e+02
5.587907714843750000e+02
2.730021972656250000e+02
5.891964721679687500e+02
6.570233764648437500e+02
8.543863525390625000e+02
8.110979614257812500e+02
4.555941772460937500e+02
3.840440063476562500e+02
3.253850708007812500e+02
7.504354858398437500e+02
5.374393310546875000e+02
3.596364440917968750e+02
5.832236938476562500e+02
5.485752563476562500e+02
4.251015319824218750e+02
6.395532226562500000e+02
2.316288909912109375e+02
3.674168395996093750e+02
3.207002563476562500e+02
3.176067504882812500e+02
2.395600891113281250e+02
1.865680999755859375e+02
4.239447326660156250e+02
1.991226043701171875e+02
4.465109252929687500e+02
1.282216491699218750e+02
4.532173156738281250e+02
3.933309936523437500e+02
6.893065185546875000e+02
1.341676025390625000e+02
6.636055908203125000e+02
2.454572448730468750e+02
1.414635925292968750e+02
5.259287109375000000e+02
5.188537597656250000e+02
4.404108581542968750e+02
6.112785034179687500e+02
7.894560546875000000e+02
3.161758117675781250e+02
2.487531890869140625e+02
6.616434326171875000e+02
5.899259033203125000e+02
3.701524047851562500e+02
6.551707763671875000e+02
2.769901428222656250e+02
6.663966064453125000e+02
5.356346435546875000e+02
5.026278686523437500e+02
3.875701599121093750e+02
4.515892333984375000e+02
6.024918212890625000e+02
7.374759521484375000e+02
2.778216247558593750e+02
1.273965072631835938e+02
4.235034790039062500e+02
4.547537231445312500e+02
1.709342285156250000e+03
4.221003723144531250e+02
4.988133850097656250e+02
6.778876953125000000e+02
3.406102905273437500e+02
9.920825195312500000e+02
1.478757019042968750e+02
2.749289550781250000e+02
6.074115600585937500e+02
2.257094879150390625e+02
2.997938842773437500e+02
6.564160156250000000e+02
4.768265075683593750e+02
3.476799621582031250e+02
3.741384887695312500e+02
5.678747558593750000e+02
2.875508728027343750e+02
4.310267944335937500e+02
2.995293579101562500e+02
2.545749206542968750e+02
6.329841308593750000e+02
4.397158203125000000e+02
8.131940917968750000e+02
5.145971069335937500e+02
6.164794311523437500e+02
3.343045043945312500e+02
1.882760620117187500e+02
4.535134582519531250e+02
1.003282409667968750e+03
5.118980712890625000e+02
3.692136840820312500e+02
5.464085693359375000e+02
3.303747253417968750e+02
7.386032104492187500e+02
4.612005615234375000e+02
6.255045166015625000e+02
2.017013244628906250e+02
3.832212829589843750e+02
3.616371459960937500e+02
5.601135253906250000e+02
4.255999450683593750e+02
6.932180175781250000e+02
3.369049987792968750e+02
1.080478439331054688e+02
7.579421386718750000e+02
8.793094482421875000e+02
4.052330017089843750e+02
6.744678955078125000e+02
1.067857055664062500e+03
1.929393463134765625e+02
4.920944213867187500e+02
3.339294433593750000e+02
7.775415039062500000e+02
5.102782592773437500e+02
2.798924560546875000e+02
1.965065612792968750e+02
5.915376586914062500e+02
2.478180541992187500e+02
3.827328491210937500e+02
3.587238464355468750e+02
5.845284423828125000e+02
1.012781372070312500e+03
1.808083648681640625e+02
3.703964843750000000e+02
5.206116333007812500e+02
5.203341674804687500e+02
3.563437805175781250e+02
8.234263916015625000e+02
6.323494262695312500e+02
4.756106567382812500e+02
6.474467163085937500e+02
5.163482055664062500e+02
4.910812072753906250e+02
1.010299255371093750e+03
4.436174926757812500e+02
1.137158355712890625e+02
5.538773193359375000e+02
3.096163635253906250e+02
2.133978424072265625e+02
4.675314025878906250e+02
3.569421691894531250e+02
2.420586090087890625e+02
7.890072021484375000e+02
5.411267089843750000e+02
5.018392333984375000e+02
6.701466064453125000e+02
3.386914062500000000e+02
2.318078002929687500e+02
2.296599273681640625e+02
2.925399780273437500e+02
2.139853973388671875e+02
4.626522521972656250e+02
7.245534667968750000e+02
2.763238525390625000e+02
3.960933837890625000e+02
5.509992065429687500e+02
3.390375366210937500e+02
4.419397277832031250e+02
9.892120361328125000e+02
3.895869140625000000e+02
4.569715881347656250e+02
4.409123229980468750e+02
2.329843902587890625e+02
5.170612792968750000e+02
8.402177124023437500e+02
5.397088623046875000e+02
3.399339599609375000e+02
3.208596496582031250e+02
4.295152282714843750e+02
4.401269836425781250e+02
5.021280822753906250e+02
1.883922729492187500e+02
5.596684570312500000e+02
6.383491821289062500e+02
2.610509338378906250e+02
4.255014648437500000e+02
2.861102294921875000e+02
3.349650573730468750e+02
4.410977172851562500e+02
3.319524230957031250e+02
1.074673950195312500e+03
4.562463378906250000e+02
5.187454833984375000e+02
5.996239013671875000e+02
2.155977172851562500e+02
3.773498535156250000e+02
4.125384216308593750e+02
6.482442626953125000e+02
2.623449096679687500e+02
5.631505737304687500e+02
7.304571533203125000e+02
1.989571228027343750e+02
2.712472839355468750e+02
6.938962402343750000e+02
3.262254638671875000e+02
3.598730163574218750e+02
2.448622283935546875e+02
7.205010375976562500e+02
2.058338012695312500e+02
1.251342010498046875e+02
2.498707427978515625e+02
3.784594116210937500e+02
7.274456176757812500e+02
6.984840698242187500e+02
1.095106811523437500e+03
6.885700683593750000e+02
6.225043945312500000e+02
1.485750732421875000e+02
3.492550659179687500e+02
3.748155212402343750e+02
5.516721801757812500e+02
3.164578247070312500e+02
5.699467163085937500e+02
5.492512817382812500e+02
3.961506347656250000e+02
3.830050964355468750e+02
4.594039306640625000e+02
5.487641601562500000e+02
5.615167846679687500e+02
3.997979431152343750e+02
1.038581314086914062e+02
2.504639434814453125e+02
2.970939331054687500e+02
3.022980651855468750e+02
6.028903808593750000e+02
5.146020507812500000e+02
3.521166992187500000e+02
2.255677185058593750e+02
2.417769775390625000e+02
4.962186889648437500e+02
5.493756103515625000e+02
9.163533325195312500e+02
8.715109252929687500e+02
4.715672607421875000e+02
3.444730834960937500e+02
4.155500183105468750e+02
6.091059570312500000e+02
3.552358703613281250e+02
3.083018493652343750e+02
9.616093750000000000e+02
5.128998565673828125e+01
7.247611694335937500e+02
4.816230163574218750e+02
4.337511901855468750e+02
4.847627868652343750e+02
8.827283935546875000e+02
3.249900512695312500e+02
3.821922912597656250e+02
2.752267761230468750e+02
5.522480468750000000e+02
8.777069091796875000e+02
4.560635986328125000e+02
6.309066772460937500e+02
3.526906738281250000e+02
3.671605529785156250e+02
5.055534362792968750e+02
2.019616851806640625e+02
7.572496948242187500e+02
9.118074340820312500e+02
2.969279174804687500e+02
7.662439575195312500e+02
2.260138854980468750e+02
5.879300537109375000e+02
2.586789245605468750e+02
6.462429809570312500e+02
3.238404541015625000e+02
4.223734741210937500e+02
6.050825805664062500e+02
8.602728271484375000e+02
4.891500244140625000e+02
5.812624511718750000e+02
3.990332336425781250e+02
4.437067871093750000e+02
5.214071655273437500e+02
6.853669433593750000e+02
6.455100708007812500e+02
2.426166229248046875e+02
5.678023681640625000e+02
2.265310821533203125e+02
2.551890411376953125e+02
5.162791137695312500e+02
2.322040863037109375e+02
3.047857666015625000e+02
5.705035400390625000e+02
3.689537963867187500e+02
3.159219665527343750e+02
2.030103759765625000e+02
2.071488189697265625e+02
5.718958129882812500e+02
3.952398376464843750e+02
1.133615112304687500e+03
5.262910766601562500e+02
6.949880981445312500e+02
3.712320251464843750e+02
1.151570358276367188e+02
5.553690795898437500e+02
3.400044250488281250e+02
4.929132690429687500e+02
2.558470153808593750e+02
2.232559967041015625e+02
2.405902557373046875e+02
1.792629394531250000e+02
2.377687683105468750e+02
3.940350646972656250e+02
4.215006408691406250e+02
3.290857238769531250e+02
5.348156127929687500e+02
9.429854736328125000e+02
2.353479309082031250e+02
4.791781616210937500e+02
3.827646484375000000e+02
5.845047607421875000e+02
2.793244934082031250e+02
5.270316772460937500e+02
2.994176025390625000e+02
8.081383056640625000e+02
3.603837890625000000e+02
3.692482604980468750e+02
2.446626129150390625e+02
1.133088073730468750e+02
2.409735260009765625e+02
5.524222412109375000e+02
2.757018737792968750e+02
3.525792541503906250e+02
5.698059082031250000e+02
7.645576171875000000e+02
6.553006591796875000e+02
1.599162750244140625e+02
3.742198791503906250e+02
3.249220581054687500e+02
3.145093383789062500e+02
4.430701599121093750e+02
2.391024017333984375e+02
3.080493469238281250e+02
3.592331237792968750e+02
1.803229370117187500e+02
3.166976318359375000e+02
2.311909942626953125e+02
5.458447265625000000e+02
3.800197448730468750e+02
4.495787963867187500e+02
3.962512512207031250e+02
5.032210388183593750e+02
6.107531127929687500e+02
6.932279663085937500e+02
4.770952148437500000e+02
4.767454833984375000e+02
5.529839477539062500e+02
2.895239257812500000e+02
1.888635864257812500e+02
1.472521514892578125e+02
5.515906372070312500e+02
1.239485778808593750e+02
1.980668487548828125e+02
3.827362976074218750e+02
3.949356079101562500e+02
1.025970077514648438e+02
4.613686828613281250e+02
8.132239379882812500e+02
6.260010375976562500e+02
9.026303100585937500e+02
7.758851928710937500e+02
3.037346496582031250e+02
5.875729980468750000e+02
1.742048828125000000e+03
2.369364624023437500e+02
3.414570922851562500e+02
1.473465576171875000e+02
5.066596984863281250e+02
6.380111694335937500e+02
2.340786743164062500e+02
3.484655151367187500e+02
9.973838500976562500e+02
4.887909240722656250e+02
3.069318542480468750e+02
2.360812377929687500e+02
4.776819458007812500e+02
2.472657318115234375e+02
4.341624755859375000e+02
3.712826232910156250e+02
3.823045349121093750e+02
5.034315795898437500e+02
3.334790039062500000e+02
5.248867187500000000e+02
5.989310302734375000e+02
3.654458923339843750e+02
2.448770446777343750e+02
2.488235626220703125e+02
1.147537475585937500e+03
5.171167602539062500e+02
5.061833190917968750e+02
4.077451171875000000e+02
2.653692321777343750e+02
4.858537902832031250e+02
1.716768798828125000e+02
2.151187744140625000e+02
6.464222412109375000e+02
6.173822021484375000e+02
4.857498779296875000e+02
3.649421081542968750e+02
2.914698791503906250e+02
7.842147216796875000e+02
3.755823669433593750e+02
2.368090362548828125e+02
6.771075439453125000e+02
3.067136230468750000e+02
2.627384033203125000e+02
3.491157836914062500e+02
2.561110839843750000e+02
4.794036865234375000e+02
2.247781066894531250e+02
8.385055541992187500e+02
7.369224243164062500e+02
2.481151885986328125e+02
3.317582397460937500e+02
7.079987792968750000e+02
4.236376953125000000e+02
2.587776489257812500e+02
2.978439941406250000e+02
4.287947387695312500e+02
2.576841125488281250e+02
5.696120605468750000e+02
4.893150939941406250e+02
3.846082458496093750e+02
2.195885162353515625e+02
5.155341186523437500e+02
3.481878051757812500e+02
1.636146392822265625e+02
5.930989990234375000e+02
1.560905517578125000e+03
6.383385009765625000e+02
4.909052429199218750e+02
3.678627319335937500e+02
2.974393615722656250e+02
8.726905822753906250e+01
5.675780639648437500e+02
5.711275024414062500e+02
3.149562072753906250e+02
2.716203613281250000e+02
4.858764648437500000e+02
4.309855346679687500e+02
3.585836181640625000e+02
3.512680358886718750e+02
2.426631011962890625e+02
1.401787109375000000e+02
3.933005676269531250e+02
4.497579574584960938e+01
1.397316589355468750e+02
4.107030944824218750e+02
6.061471557617187500e+02
3.030593261718750000e+02
5.387641601562500000e+02
2.952557373046875000e+02
7.533284301757812500e+02
6.027555541992187500e+02
4.411008605957031250e+02
4.360380859375000000e+02
6.155407714843750000e+02
3.589050292968750000e+02
5.182141113281250000e+02
3.868192138671875000e+02
3.836701660156250000e+02
2.798613281250000000e+02
5.771657104492187500e+02
2.665434265136718750e+02
4.894410095214843750e+02
3.247518310546875000e+02
4.751468811035156250e+02
1.645011138916015625e+02
4.139682312011718750e+02
2.159679718017578125e+02
3.506538085937500000e+02
2.307560577392578125e+02
3.876626586914062500e+02
2.250583038330078125e+02
4.595131225585937500e+02
2.832681274414062500e+02
4.747810058593750000e+02
5.766157226562500000e+02
6.306968383789062500e+02
1.997199554443359375e+02
4.514095764160156250e+02
4.269815063476562500e+02
7.125549926757812500e+02
1.163672607421875000e+03
3.275429382324218750e+02
2.064095153808593750e+02
4.066270141601562500e+02
4.767970886230468750e+02
4.397966918945312500e+02
2.293390808105468750e+02
9.693508911132812500e+02
8.052637939453125000e+02
7.257168579101562500e+02
2.207026519775390625e+02
4.181299438476562500e+02
8.314197387695312500e+02
5.240919189453125000e+02
5.521706542968750000e+02
5.400852661132812500e+02
6.920398559570312500e+02
3.246007690429687500e+02
3.508717956542968750e+02
2.441184387207031250e+02
3.118460083007812500e+02
5.126855468750000000e+02
1.388827972412109375e+02
8.861696777343750000e+02
5.706597900390625000e+02
1.314335174560546875e+02
4.566829528808593750e+02
6.091343383789062500e+02
2.220099639892578125e+02
7.655302734375000000e+02
4.165077209472656250e+02
5.363122558593750000e+02
1.179934005737304688e+02
2.297063903808593750e+02
4.660075073242187500e+02
4.389213256835937500e+02
3.061317443847656250e+02
1.790291900634765625e+02
4.811631164550781250e+02
2.096833190917968750e+02
1.122542037963867188e+02
3.647489013671875000e+02
5.152080688476562500e+02
3.442486572265625000e+02
5.478858032226562500e+02
1.155987014770507812e+02
4.383414916992187500e+02
5.997988891601562500e+02
2.091949462890625000e+02
5.277415161132812500e+02
5.546902465820312500e+02
5.962425537109375000e+02
2.798362121582031250e+02
3.302920227050781250e+02
6.601347656250000000e+02
5.540435791015625000e+02
7.626859130859375000e+02
3.258287048339843750e+02
5.719099121093750000e+02
1.131640625000000000e+03
4.832864074707031250e+02
2.392126617431640625e+02
5.398193969726562500e+02
4.796455993652343750e+02
1.020081237792968750e+03
2.584109497070312500e+02
6.123770751953125000e+02
5.548735351562500000e+02
3.314396362304687500e+02
5.318980712890625000e+02
3.573389282226562500e+02
7.445063476562500000e+02
4.319252319335937500e+02
4.201960144042968750e+02
4.395206909179687500e+02
3.739489135742187500e+02
3.175363464355468750e+02
2.738677673339843750e+02
2.540733032226562500e+02
5.410880126953125000e+02
2.750316467285156250e+02
4.081362609863281250e+02
5.412112426757812500e+02
1.965649871826171875e+02
5.678511962890625000e+02
4.054016418457031250e+02
7.229849243164062500e+02
1.328004150390625000e+02
3.047003479003906250e+02
7.895938110351562500e+02
1.912291107177734375e+02
6.070405273437500000e+02
2.630577087402343750e+02
2.907156982421875000e+02
5.818558959960937500e+02
4.015771789550781250e+02
1.821904296875000000e+02
8.286923217773437500e+02
1.107626586914062500e+03
5.076545410156250000e+02
4.615374450683593750e+02
4.839160461425781250e+02
4.815727844238281250e+02
3.753562316894531250e+02
1.212428833007812500e+03
4.990365600585937500e+02
8.809548950195312500e+02
3.781693420410156250e+02
6.408710327148437500e+02
2.793396911621093750e+02
4.785645141601562500e+02
5.403754882812500000e+02
5.626447753906250000e+02
8.761827850341796875e+01
5.861138305664062500e+02
4.227067260742187500e+02
3.292519836425781250e+02
5.387474365234375000e+02
4.422893066406250000e+02
4.488073120117187500e+02
7.617496948242187500e+02
3.821605529785156250e+02
4.182677917480468750e+02
7.578875122070312500e+02
4.939716186523437500e+02
2.131151275634765625e+02
4.288437194824218750e+02
6.546679077148437500e+02
6.429793701171875000e+02
2.292193908691406250e+02
4.394126892089843750e+02
2.572992248535156250e+02
3.773104553222656250e+02
3.396737060546875000e+02
4.707299804687500000e+02
5.865299682617187500e+02
4.124955444335937500e+02
2.982434692382812500e+02
1.533332977294921875e+02
2.661376342773437500e+02
5.924992065429687500e+02
1.006114074707031250e+03
2.263198242187500000e+02
4.877548828125000000e+02
5.958414306640625000e+02
5.763037109375000000e+02
7.885147705078125000e+02
2.346827850341796875e+02
2.352602539062500000e+02
6.164356079101562500e+02
6.220899047851562500e+02
1.403271636962890625e+02
3.695551452636718750e+02
3.214446105957031250e+02
4.799612731933593750e+02
2.259259796142578125e+02
4.848190002441406250e+02
3.882357482910156250e+02
3.586205444335937500e+02
5.399345092773437500e+02
4.473460693359375000e+02
5.053612670898437500e+02
4.317741088867187500e+02
6.385585937500000000e+02
8.421967773437500000e+02
2.463935394287109375e+02
4.397884826660156250e+02
6.220455932617187500e+02
6.594116210937500000e+02
4.698476257324218750e+02
5.456633911132812500e+02
5.937824707031250000e+02
5.183230590820312500e+02
6.483435058593750000e+02
2.265971679687500000e+02
7.451561279296875000e+02
1.724312896728515625e+02
7.532857055664062500e+02
5.026791992187500000e+02
3.813545837402343750e+02
5.278847045898437500e+02
6.091365966796875000e+02
5.363763427734375000e+02
6.612832031250000000e+02
6.225272827148437500e+02
2.558506622314453125e+02
6.831051635742187500e+02
4.328974304199218750e+02
1.176790618896484375e+02
2.935014343261718750e+02
6.168323364257812500e+02
3.911351623535156250e+02
4.128683776855468750e+02
5.433013305664062500e+02
4.735073547363281250e+02
4.416147155761718750e+02
3.199282531738281250e+02
1.819438934326171875e+02
9.564182281494140625e+01
5.209788208007812500e+02
3.592813110351562500e+02
2.564252014160156250e+02
4.834186401367187500e+02
2.094576721191406250e+02
2.291320037841796875e+02
6.773756103515625000e+02
3.225121765136718750e+02
1.407109832763671875e+02
2.893734436035156250e+02
3.548757019042968750e+02
2.402375946044921875e+02
5.531703491210937500e+02
5.100811462402343750e+02
2.438567810058593750e+02
1.345011749267578125e+02
5.798552856445312500e+02
8.307910156250000000e+02
3.772352905273437500e+02
7.794843750000000000e+02
7.633231201171875000e+02
1.473142242431640625e+02
7.005822143554687500e+02
7.046414794921875000e+02
3.988511352539062500e+02
6.359446411132812500e+02
5.456095581054687500e+02
4.556817321777343750e+02
4.439239501953125000e+02
3.466252136230468750e+02
7.223312988281250000e+02
6.158637695312500000e+02
4.839428100585937500e+02
1.384513702392578125e+02
3.871293640136718750e+02
6.870234985351562500e+02
1.717607574462890625e+02
5.612429809570312500e+02
4.180966491699218750e+02
5.692472534179687500e+02
5.855024414062500000e+02
6.247598876953125000e+02
4.060845336914062500e+02
1.405554656982421875e+02
2.913107910156250000e+02
3.618942871093750000e+02
6.910587158203125000e+02
1.705415344238281250e+02
8.027095336914062500e+02
4.296843261718750000e+02
4.621039733886718750e+02
3.421464843750000000e+02
5.200737915039062500e+02
8.097905731201171875e+01
3.124969100952148438e+01
9.601588439941406250e+01
5.148203125000000000e+02
4.535419311523437500e+02
6.785333251953125000e+02
3.917575073242187500e+02
4.095674133300781250e+02
5.311809082031250000e+02
8.795111083984375000e+01
1.911921234130859375e+02
5.446265258789062500e+02
1.253618286132812500e+03
6.127653808593750000e+02
1.558051605224609375e+02
4.761113586425781250e+02
3.534584045410156250e+02
3.808550109863281250e+02
3.491232299804687500e+02
7.411643066406250000e+02
2.948908691406250000e+02
2.802973937988281250e+02
7.303026123046875000e+02
2.106380157470703125e+02
2.703964233398437500e+02
7.506471557617187500e+02
4.519578552246093750e+02
4.597145996093750000e+02
3.352291870117187500e+02
4.039370727539062500e+02
3.333295898437500000e+02
2.334053344726562500e+02
4.398526306152343750e+02
7.993986206054687500e+02
3.619868774414062500e+02
4.551499633789062500e+02
5.717573242187500000e+02
4.300522155761718750e+02
5.343706054687500000e+02
2.146946563720703125e+02
1.870189666748046875e+02
7.236391601562500000e+02
6.056641235351562500e+02
2.557826385498046875e+02
3.121930541992187500e+02
2.770020751953125000e+02
4.735843505859375000e+02
5.778112182617187500e+02
3.209555358886718750e+02
5.663704223632812500e+02
8.766513671875000000e+02
6.664279174804687500e+02
4.543320922851562500e+02
2.650579528808593750e+02
3.509954833984375000e+02
4.035467224121093750e+02
4.125950317382812500e+02
5.838823852539062500e+02
4.905758972167968750e+02
3.521094360351562500e+02
2.167243041992187500e+02
6.276915283203125000e+02
6.078491210937500000e+02
5.975275878906250000e+02
7.859781494140625000e+02
6.063959350585937500e+02
2.689491271972656250e+02
6.862938232421875000e+02
3.501083679199218750e+02
2.060827026367187500e+02
4.599946594238281250e+02
7.478106689453125000e+02
5.565915527343750000e+02
5.146223144531250000e+02
3.240739440917968750e+02
5.190681152343750000e+02
6.565274658203125000e+02
1.425124511718750000e+03
2.185714569091796875e+02
4.048621826171875000e+02
6.060425415039062500e+02
3.160706787109375000e+02
5.923820190429687500e+02
4.880458068847656250e+02
2.752244567871093750e+02
2.442200469970703125e+02
3.592170410156250000e+02
4.467749633789062500e+02
2.997707519531250000e+02
4.390541381835937500e+02
2.566896362304687500e+02
1.605708465576171875e+02
3.067390136718750000e+02
2.277449188232421875e+02
2.942396850585937500e+02
8.159489746093750000e+02
6.807610473632812500e+02
3.054581604003906250e+02
6.318237304687500000e+02
3.338432312011718750e+02
9.159155273437500000e+02
4.029259643554687500e+02
7.950430908203125000e+02
2.083323211669921875e+02
2.586731567382812500e+02
9.283604125976562500e+02
4.923503723144531250e+02
4.447242126464843750e+02
5.150731811523437500e+02
4.589857482910156250e+02
3.883505859375000000e+02
4.194373168945312500e+02
2.302688598632812500e+02
4.663006896972656250e+02
1.120189285278320312e+02
1.155114898681640625e+02
5.261165771484375000e+02
3.133320312500000000e+02
3.939995117187500000e+02
2.298617858886718750e+02
2.823199462890625000e+02
4.019250488281250000e+02
4.358184509277343750e+02
5.459936523437500000e+02
3.022791442871093750e+02
5.921746826171875000e+02
6.318989257812500000e+02
3.531454162597656250e+02
4.224790344238281250e+02
5.577364501953125000e+02
5.512409667968750000e+02
2.649318542480468750e+02
1.113291015625000000e+03
6.489437255859375000e+02
5.314573364257812500e+02
3.972539062500000000e+02
5.648903808593750000e+02
4.317175598144531250e+02
6.344988403320312500e+02
2.732732849121093750e+02
4.296352844238281250e+02
4.276203002929687500e+02
1.231196670532226562e+02
3.324558410644531250e+02
2.813191223144531250e+02
6.070251464843750000e+02
4.789621582031250000e+02
8.842875366210937500e+02
2.161179504394531250e+02
4.758265686035156250e+02
5.397075805664062500e+02
3.788182678222656250e+02
3.348932800292968750e+02
9.283905639648437500e+02
3.180321044921875000e+02
1.678820190429687500e+02
6.497731323242187500e+02
3.306598815917968750e+02
3.301980285644531250e+02
7.312553710937500000e+02
6.221376342773437500e+02
2.048782196044921875e+02
3.881893615722656250e+02
8.180545654296875000e+02
7.268245239257812500e+02
2.718437194824218750e+02
4.515812377929687500e+02
3.047218933105468750e+02
3.099635925292968750e+02
5.409183959960937500e+02
3.618497619628906250e+02
7.011976318359375000e+02
2.275091400146484375e+02
3.232534790039062500e+02
1.888699188232421875e+02
3.469349975585937500e+02
4.156663818359375000e+02
4.505071105957031250e+02
6.929987182617187500e+02
6.938289794921875000e+02
2.774722595214843750e+02
3.030273132324218750e+02
3.113542175292968750e+02
3.467385559082031250e+02
5.112342224121093750e+02
4.534374694824218750e+02
5.881192016601562500e+02
5.055949707031250000e+02
3.072944030761718750e+02
6.269387207031250000e+02
3.597812194824218750e+02
3.856563720703125000e+02
3.947503662109375000e+02
1.022314086914062500e+03
2.791228027343750000e+02
5.779557495117187500e+02
4.833942871093750000e+02
5.125559692382812500e+02
2.926383666992187500e+02
8.280339965820312500e+02
4.306088256835937500e+02
7.817850341796875000e+02
3.281170959472656250e+02
4.768519592285156250e+02
2.608604736328125000e+02
2.039539184570312500e+02
5.506183471679687500e+02
3.589801025390625000e+02
4.930280456542968750e+02
2.408499298095703125e+02
6.608065185546875000e+02
2.492532653808593750e+02
1.548805541992187500e+02
4.286679077148437500e+02
3.089162597656250000e+02
6.910943603515625000e+02
5.570112915039062500e+02
1.645707550048828125e+02
1.813240051269531250e+02
4.007909240722656250e+02
9.080998535156250000e+02
8.050425415039062500e+02
3.721389770507812500e+02
6.466413574218750000e+02
6.377316284179687500e+02
4.128307189941406250e+02
3.826774291992187500e+02
3.412096252441406250e+02
2.592559814453125000e+02
9.531694335937500000e+02
1.288394531250000000e+03
5.960800781250000000e+02
7.012380371093750000e+02
5.161669921875000000e+02
7.248674316406250000e+02
6.094233398437500000e+02
7.047692871093750000e+02
2.983203125000000000e+02
4.426873779296875000e+02
5.071294555664062500e+02
4.810363159179687500e+02
2.323889617919921875e+02
3.620505981445312500e+02
5.514441528320312500e+02
4.074059448242187500e+02
1.463299255371093750e+02
2.952329406738281250e+02
3.250545959472656250e+02
3.529041748046875000e+02
4.204031372070312500e+02
5.220496826171875000e+02
3.443298339843750000e+02
5.003107604980468750e+02
4.235535278320312500e+02
6.185255126953125000e+02
6.879448852539062500e+02
2.818484497070312500e+02
2.080471496582031250e+02
6.439822998046875000e+02
6.271701049804687500e+02
4.456717224121093750e+02
6.387817382812500000e+02
3.030958251953125000e+02
5.539888916015625000e+02
4.032480773925781250e+02
8.938916625976562500e+02
2.593267822265625000e+02
4.332377014160156250e+02
3.774663391113281250e+02
1.302444610595703125e+02
5.726805419921875000e+02
2.498137207031250000e+02
1.040883026123046875e+02
4.132894287109375000e+02
6.249708251953125000e+02
2.131955413818359375e+02
8.537921142578125000e+02
4.414010620117187500e+02
7.470228271484375000e+02
2.228027801513671875e+02
4.519800109863281250e+02
4.581153259277343750e+02
2.570668029785156250e+02
9.880781860351562500e+02
4.776539306640625000e+02
2.545178985595703125e+02
2.725787353515625000e+02
5.334689331054687500e+02
2.251697540283203125e+02
2.643116760253906250e+02
3.752988891601562500e+02
3.466754150390625000e+02
3.352078247070312500e+02
4.300166015625000000e+02
4.039510803222656250e+02
2.734456176757812500e+02
4.424555664062500000e+02
4.082759094238281250e+02
2.289412078857421875e+02
2.455447235107421875e+02
3.598482971191406250e+02
5.731817016601562500e+02
5.136060791015625000e+02
1.819020843505859375e+02
9.731147460937500000e+02
5.865961914062500000e+02
5.757389526367187500e+02
4.119854125976562500e+02
2.514541015625000000e+02
6.543880004882812500e+02
5.051081542968750000e+02
9.228311157226562500e+02
4.293937683105468750e+02
9.375963134765625000e+02
2.742724609375000000e+02
8.470048217773437500e+02
1.562166137695312500e+02
6.684911499023437500e+02
5.157012939453125000e+02
9.589540863037109375e+01
8.106286010742187500e+02
9.027203979492187500e+02
3.674988403320312500e+02
7.117694702148437500e+02
5.394094848632812500e+02
2.363100433349609375e+02
2.431439514160156250e+02
2.844512329101562500e+02
3.272527465820312500e+02
4.273511962890625000e+02
5.139777832031250000e+02
4.622436218261718750e+02
5.821080932617187500e+02
8.313684082031250000e+02
3.743329467773437500e+02
4.985409545898437500e+01
2.217144622802734375e+02
2.655941162109375000e+02
5.293762817382812500e+02
2.158120727539062500e+02
4.493266906738281250e+02
4.880559997558593750e+02
5.576813354492187500e+02
4.926817321777343750e+02
2.516090393066406250e+02
1.500618286132812500e+02
4.214071350097656250e+02
5.035189514160156250e+02
3.052619628906250000e+02
3.431470947265625000e+02
4.552304687500000000e+02
6.255034179687500000e+02
5.578001098632812500e+02
3.848446044921875000e+02
4.096991882324218750e+02
8.423264160156250000e+02
8.683820190429687500e+02
2.373387908935546875e+02
3.519298095703125000e+02
5.143280029296875000e+02
2.989773254394531250e+02
4.772829589843750000e+02
2.876120605468750000e+02
2.824376525878906250e+02
3.918209228515625000e+02
2.338063964843750000e+02
4.305377502441406250e+02
5.366351928710937500e+02
4.799838867187500000e+02
5.994307250976562500e+02
6.946357727050781250e+01
6.246960449218750000e+02
6.046440429687500000e+02
6.177434692382812500e+02
4.977706298828125000e+02
3.267937011718750000e+02
5.019859924316406250e+02
2.321139678955078125e+02
5.643760986328125000e+02
5.901818237304687500e+02
3.779633789062500000e+02
3.882705993652343750e+02
4.507561035156250000e+02
5.475761108398437500e+02
5.702509765625000000e+02
6.915572509765625000e+02
2.907934265136718750e+02
9.493651733398437500e+02
5.236802368164062500e+02
7.388615112304687500e+02
5.494221191406250000e+02
3.794927978515625000e+02
4.536733398437500000e+02
1.894420318603515625e+02
6.448274536132812500e+02
4.389777221679687500e+02
4.070283203125000000e+02
3.788541259765625000e+02
5.490602416992187500e+02
6.425528564453125000e+02
3.254859008789062500e+02
7.603490600585937500e+02
4.069868774414062500e+02
4.198969116210937500e+02
2.958355102539062500e+02
4.878554382324218750e+02
3.447251281738281250e+02
4.016989135742187500e+02
2.691442871093750000e+02
5.017536926269531250e+02
4.529335021972656250e+02
2.652882690429687500e+02
3.589338684082031250e+02
3.144400329589843750e+02
2.210300445556640625e+02
9.517858886718750000e+02
2.671850891113281250e+02
3.421112365722656250e+02
2.704434814453125000e+02
7.356640014648437500e+02
2.693425292968750000e+02
2.709198303222656250e+02
2.056412658691406250e+02
3.317736511230468750e+02
1.647392272949218750e+02
4.803404846191406250e+02
5.268284912109375000e+02
4.488754882812500000e+02
1.821366424560546875e+02
6.775216064453125000e+02
5.104776306152343750e+02
8.904703369140625000e+02
7.566905517578125000e+02
5.304774780273437500e+02
4.349416503906250000e+02
4.989085693359375000e+02
3.970416870117187500e+02
7.175421752929687500e+02
6.455487060546875000e+02
6.678162231445312500e+02
7.274314575195312500e+02
1.457677917480468750e+02
3.583641052246093750e+02
1.573121948242187500e+02
3.629735107421875000e+02
3.678221435546875000e+02
3.391067199707031250e+02
2.890378112792968750e+02
6.480346679687500000e+02
3.019590454101562500e+02
8.030678100585937500e+02
3.515461425781250000e+02
2.644149169921875000e+02
6.412813110351562500e+02
3.848641357421875000e+02
7.225024414062500000e+02
7.046746215820312500e+02
6.066104125976562500e+02
3.991199645996093750e+02
5.380208129882812500e+02
5.392779541015625000e+02
5.882388916015625000e+02
5.083515319824218750e+02
4.837429199218750000e+02
4.718702087402343750e+02
2.061206359863281250e+02
4.499813842773437500e+02
5.280028076171875000e+02
3.296073303222656250e+02
3.212680358886718750e+02
5.461387939453125000e+02
3.534335021972656250e+02
6.192775268554687500e+02
2.612480163574218750e+02
4.040241088867187500e+02
5.730192260742187500e+02
4.526223449707031250e+02
7.007995605468750000e+02
4.730882568359375000e+02
4.114213562011718750e+02
2.516104583740234375e+02
4.527843322753906250e+02
7.072111206054687500e+02
5.517283935546875000e+02
3.503515014648437500e+02
7.147958374023437500e+02
6.489472656250000000e+02
5.776358032226562500e+02
1.148804626464843750e+02
5.452033081054687500e+02
4.899869079589843750e+02
5.416702270507812500e+02
2.315735626220703125e+02
5.811827392578125000e+02
6.235012207031250000e+02
3.620168762207031250e+02
7.006412963867187500e+02
3.284951171875000000e+02
6.726211547851562500e+02
3.491554260253906250e+02
8.229995727539062500e+02
6.653099975585937500e+02
2.867440795898437500e+02
3.359200439453125000e+02
1.497757720947265625e+02
2.763908081054687500e+02
1.544661560058593750e+02
4.504275512695312500e+02
3.830013122558593750e+02
7.197039794921875000e+02
4.752051391601562500e+02
6.481585693359375000e+02
3.303244018554687500e+02
2.861042175292968750e+02
3.025873718261718750e+02
5.739609375000000000e+02
1.608131256103515625e+02
6.061838378906250000e+02
4.758532714843750000e+02
3.491626892089843750e+02
2.745440979003906250e+02
3.651868286132812500e+02
3.771459655761718750e+02
7.105910034179687500e+02
4.493049621582031250e+02
3.932252197265625000e+02
4.914958801269531250e+02
3.968618164062500000e+02
8.114816284179687500e+02
2.660307617187500000e+02
1.095451965332031250e+02
6.764727172851562500e+02
3.108988342285156250e+02
8.517580566406250000e+02
6.660703125000000000e+02
3.335552368164062500e+02
6.526713256835937500e+02
1.463948669433593750e+02
5.301892089843750000e+02
2.043085937500000000e+02
9.026447753906250000e+02
3.664637451171875000e+02
6.997994384765625000e+02
2.983864135742187500e+02
4.424335327148437500e+02
2.381816253662109375e+02
5.489277343750000000e+02
3.306472167968750000e+02
2.332709197998046875e+02
3.349210815429687500e+02
2.185788574218750000e+02
3.829338073730468750e+02
1.913305206298828125e+02
2.682537231445312500e+02
2.841942138671875000e+02
4.296824340820312500e+02
2.503364715576171875e+02
5.236827392578125000e+02
5.777647705078125000e+02
6.397666625976562500e+02
2.649774780273437500e+02
4.372713012695312500e+02
2.138651428222656250e+02
2.478564910888671875e+02
4.296503448486328125e+01
5.328400268554687500e+02
3.324850463867187500e+02
3.604818725585937500e+02
4.058300170898437500e+02
6.766143188476562500e+02
4.287045898437500000e+02
7.167789306640625000e+02
4.054755249023437500e+02
4.510349121093750000e+02
8.348723144531250000e+02
8.299441528320312500e+02
3.446647033691406250e+02
5.956757812500000000e+02
2.373553161621093750e+02
3.966330261230468750e+02
3.133213195800781250e+02
1.895740661621093750e+02
4.185973205566406250e+02
2.447284240722656250e+02
2.188532562255859375e+02
4.420148010253906250e+02
4.889110412597656250e+02
2.135794982910156250e+02
1.716645507812500000e+02
4.560606994628906250e+02
3.739127197265625000e+02
3.910706481933593750e+02
4.351978759765625000e+02
1.516075286865234375e+02
5.402703247070312500e+02
2.968904418945312500e+02
6.851610107421875000e+02
5.310229492187500000e+02
7.564659118652343750e+01
6.419282226562500000e+02
4.736010742187500000e+02
4.887026062011718750e+02
3.120848999023437500e+02
3.609871826171875000e+02
1.805410766601562500e+02
2.200173187255859375e+02
4.556047363281250000e+02
4.079406127929687500e+02
5.402102050781250000e+02
3.087968139648437500e+02
3.752395629882812500e+02
8.593945312500000000e+01
1.647447967529296875e+02
8.959520874023437500e+02
8.051396484375000000e+02
3.187684936523437500e+02
3.008334350585937500e+02
2.865020141601562500e+02
3.477883300781250000e+02
5.301351318359375000e+02
5.156448974609375000e+02
6.188059082031250000e+02
5.994993896484375000e+02
3.636203002929687500e+02
1.454880523681640625e+02
1.599671936035156250e+02
2.248553314208984375e+02
3.874537353515625000e+02
3.147915954589843750e+02
6.847990112304687500e+02
3.084670410156250000e+02
4.966793212890625000e+02
3.003257446289062500e+02
2.838321838378906250e+02
5.932860107421875000e+02
4.700698547363281250e+02
5.663545532226562500e+02
1.681110687255859375e+02
5.385945434570312500e+02
3.849276428222656250e+02
6.741045532226562500e+02
5.188925781250000000e+02
2.425526580810546875e+02
5.756021728515625000e+02
3.318594970703125000e+02
3.657525939941406250e+02
8.892354736328125000e+02
2.964602661132812500e+02
1.965300598144531250e+02
3.690762023925781250e+02
4.570688171386718750e+02
5.168918457031250000e+02
3.129047851562500000e+02
4.105417785644531250e+02
4.925694274902343750e+02
4.506454162597656250e+02
3.673062744140625000e+02
4.264524536132812500e+02
3.165614929199218750e+02
2.851777954101562500e+02
2.763939819335937500e+02
6.240245361328125000e+02
5.822347412109375000e+02
6.551162109375000000e+02
6.263114013671875000e+02
2.490553131103515625e+02
3.663995971679687500e+02
4.465755920410156250e+02
3.263844909667968750e+02
4.594042358398437500e+02
4.337913208007812500e+02
3.258678588867187500e+02
5.809204711914062500e+02
4.120933837890625000e+02
2.499340209960937500e+02
1.599409790039062500e+02
1.839635467529296875e+02
4.903578491210937500e+02
7.393480834960937500e+02
3.072343750000000000e+02
6.008317871093750000e+02
7.583883666992187500e+02
5.982268066406250000e+02
2.483479309082031250e+02
4.103059997558593750e+02
2.950340881347656250e+02
5.621076660156250000e+02
4.088551330566406250e+02
6.509449462890625000e+02
6.040270385742187500e+02
4.243624267578125000e+02
2.961090698242187500e+02
4.463600463867187500e+02
9.806807861328125000e+02
5.412200927734375000e+02
4.110377197265625000e+02
2.792144775390625000e+02
6.993941650390625000e+02
3.343592834472656250e+02
2.732265319824218750e+02
6.379612426757812500e+02
3.609269104003906250e+02
5.206836547851562500e+02
6.606652221679687500e+02
6.581621093750000000e+02
5.279392700195312500e+02
5.693292846679687500e+02
4.902015991210937500e+02
3.747956237792968750e+02
6.597302246093750000e+02
1.981090393066406250e+02
3.826145935058593750e+02
2.953284912109375000e+02
4.047580261230468750e+02
5.919118041992187500e+02
3.658544921875000000e+02
1.008116577148437500e+03
7.261232910156250000e+02
3.300669860839843750e+02
3.695658264160156250e+02
2.882575073242187500e+02
5.339700317382812500e+02
7.098991699218750000e+02
3.565182189941406250e+02
6.238806762695312500e+02
7.555740356445312500e+02
1.235435867309570312e+02
1.643400421142578125e+02
6.734885864257812500e+02
8.612295532226562500e+01
3.806007995605468750e+02
4.718574218750000000e+02
1.597948913574218750e+02
5.985821533203125000e+02
2.492995910644531250e+02
4.175007324218750000e+02
3.812157592773437500e+02
5.031420288085937500e+02
1.213880386352539062e+02
2.172787628173828125e+02
4.374691467285156250e+02
3.178102722167968750e+02
2.316955108642578125e+02
1.875271453857421875e+02
2.444733886718750000e+02
5.037615051269531250e+02
4.851016235351562500e+02
7.454015502929687500e+02
3.672080993652343750e+02
4.849899597167968750e+02
5.645545043945312500e+02
2.491793365478515625e+02
3.219588623046875000e+02
7.112603759765625000e+02
3.229427795410156250e+02
3.569842224121093750e+02
3.913341064453125000e+02
2.397456512451171875e+02
6.620219116210937500e+02
5.669710693359375000e+02
8.017510986328125000e+01
4.292779235839843750e+02
1.875730895996093750e+02
6.795217285156250000e+02
4.603246459960937500e+02
3.471636352539062500e+02
4.826646728515625000e+02
6.087090454101562500e+02
3.681644592285156250e+02
3.753198242187500000e+02
2.710261535644531250e+02
2.385148162841796875e+02
9.445436096191406250e+01
3.626727294921875000e+02
3.388254394531250000e+02
2.985717773437500000e+02
3.226690979003906250e+02
6.910980834960937500e+02
6.556109619140625000e+02
3.832409057617187500e+02
6.514924316406250000e+02
4.777650146484375000e+02
3.811646423339843750e+02
9.129604492187500000e+02
4.563471374511718750e+02
4.141975708007812500e+02
4.750432128906250000e+02
3.929130859375000000e+02
2.896531066894531250e+02
6.488883666992187500e+02
6.692896118164062500e+02
3.190739746093750000e+02
5.102667846679687500e+02
1.777480468750000000e+02
3.666495666503906250e+02
4.941373901367187500e+02
4.478950195312500000e+02
4.943473815917968750e+02
6.220368041992187500e+02
6.754798583984375000e+02
4.116169433593750000e+02
2.897693481445312500e+02
5.316630249023437500e+02
2.872416381835937500e+02
5.466207885742187500e+02
6.110219116210937500e+02
2.064832916259765625e+02
6.513547363281250000e+02
4.642467346191406250e+02
6.021993408203125000e+02
4.306926269531250000e+02
5.762266235351562500e+02
4.892035827636718750e+02
1.684045257568359375e+02
7.329169921875000000e+02
4.791976623535156250e+02
3.044544067382812500e+02
6.257024536132812500e+02
5.079213562011718750e+02
2.219021759033203125e+02
1.707152099609375000e+02
1.245670928955078125e+02
4.213922119140625000e+02
2.838679809570312500e+02
2.298276367187500000e+02
4.766628723144531250e+02
4.476991577148437500e+02
2.777566223144531250e+02
2.418453369140625000e+02
2.443923645019531250e+02
7.834270629882812500e+02
1.185698165893554688e+02
2.986440734863281250e+02
3.188993835449218750e+02
3.836357116699218750e+02
4.310020446777343750e+02
4.072229003906250000e+02
5.080460205078125000e+02
3.289057312011718750e+02
6.569611206054687500e+02
4.598963928222656250e+02
5.483201293945312500e+02
5.269840698242187500e+02
4.209094543457031250e+02
4.778276367187500000e+02
7.102110595703125000e+02
7.674671630859375000e+02
3.897857360839843750e+02
4.989404296875000000e+02
5.630085449218750000e+02
4.499526062011718750e+02
7.958114013671875000e+02
9.568782348632812500e+02
4.934353942871093750e+02
3.630687866210937500e+02
4.796806945800781250e+02
1.033720169067382812e+02
5.480806274414062500e+02
2.971510009765625000e+02
7.546819458007812500e+02
3.022557983398437500e+02
4.697923278808593750e+02
4.383433532714843750e+02
2.668764343261718750e+02
2.166842346191406250e+02
3.174134521484375000e+02
5.547684936523437500e+02
5.260560913085937500e+02
4.771566467285156250e+02
3.401501464843750000e+02
4.860244140625000000e+02
3.026742553710937500e+02
3.168731994628906250e+02
5.705591430664062500e+02
3.218428039550781250e+02
6.714920043945312500e+02
6.069436645507812500e+02
3.635357971191406250e+02
4.701630554199218750e+02
3.762315063476562500e+02
4.251730041503906250e+02
2.115899658203125000e+02
4.327951965332031250e+02
3.815975952148437500e+02
3.683559265136718750e+02
5.236914672851562500e+02
3.931680297851562500e+02
1.915655822753906250e+02
7.255891723632812500e+02
4.997738037109375000e+02
2.972048339843750000e+02
7.081481933593750000e+02
3.224982910156250000e+02
5.807640991210937500e+02
2.091482543945312500e+02
9.457171020507812500e+02
3.867689208984375000e+02
3.227995300292968750e+02
2.401851654052734375e+02
7.568577270507812500e+02
2.245505828857421875e+02
2.965995178222656250e+02
2.780753479003906250e+02
2.627207641601562500e+02
3.721635131835937500e+02
1.903099822998046875e+02
7.757231445312500000e+02
3.759237060546875000e+02
1.361795043945312500e+02
4.999343872070312500e+02
1.628549957275390625e+02
1.991492462158203125e+02
5.106860351562500000e+02
3.353740844726562500e+02
4.255666198730468750e+02
8.898226928710937500e+02
3.462145690917968750e+02
3.714695434570312500e+02
6.112514648437500000e+02
1.971640930175781250e+02
4.582379150390625000e+02
3.036038208007812500e+02
5.768764648437500000e+02
6.121166992187500000e+02
5.883214721679687500e+02
4.838526916503906250e+02
2.507276916503906250e+02
3.985810241699218750e+02
3.623336486816406250e+02
2.417367248535156250e+02
4.519988708496093750e+02
4.558880310058593750e+02
2.033238067626953125e+02
6.774783935546875000e+02
5.396796264648437500e+02
5.581030883789062500e+02
5.108024902343750000e+02
2.171338043212890625e+02
9.054505920410156250e+01
3.013380432128906250e+02
3.847241821289062500e+02
8.111213684082031250e+01
3.250005187988281250e+02
2.579347229003906250e+02
4.796174011230468750e+02
4.149336242675781250e+02
3.388642272949218750e+02
5.233021850585937500e+02
6.901343994140625000e+02
6.252711791992187500e+02
3.878829040527343750e+02
7.445537109375000000e+02
4.693078002929687500e+02
8.314710083007812500e+02
3.272468872070312500e+02
5.277833862304687500e+02
9.744423828125000000e+02
2.998578796386718750e+02
2.521838836669921875e+02
1.495980529785156250e+02
1.728189086914062500e+02
4.750498046875000000e+02
5.048323669433593750e+02
1.703867950439453125e+02
4.249943542480468750e+02
7.176264038085937500e+02
4.459148559570312500e+02
6.115923461914062500e+02
5.973639297485351562e+01
1.149797134399414062e+02
4.896043395996093750e+02
1.696157073974609375e+02
2.823595886230468750e+02
6.622947998046875000e+02
2.407317047119140625e+02
1.911872100830078125e+02
3.161744995117187500e+02
7.413043212890625000e+02
3.805274047851562500e+02
4.257137756347656250e+02
3.110500183105468750e+02
5.502226562500000000e+02
6.503181152343750000e+02
2.404518280029296875e+02
2.660163879394531250e+02
4.608052062988281250e+02
3.288533325195312500e+02
6.411774291992187500e+02
6.230520019531250000e+02
2.120557556152343750e+02
2.578754272460937500e+02
4.075134887695312500e+02
2.420030670166015625e+02
5.209383544921875000e+02
5.882832031250000000e+02
4.463860778808593750e+02
5.710706787109375000e+02
5.508980102539062500e+02
3.036468811035156250e+02
3.559135437011718750e+02
3.770939331054687500e+02
3.792701110839843750e+02
5.553777465820312500e+02
1.196024093627929688e+02
3.713587951660156250e+02
3.930774536132812500e+02
6.909548950195312500e+02
7.685859375000000000e+02
5.265617675781250000e+02
3.568063659667968750e+02
2.732763671875000000e+02
6.847293090820312500e+02
3.713804931640625000e+02
5.990257568359375000e+02
2.738817749023437500e+02
8.782582397460937500e+02
5.496033325195312500e+02
4.098496704101562500e+02
2.928100585937500000e+02
1.072476806640625000e+03
4.805088195800781250e+02
4.194645385742187500e+02
6.238307495117187500e+02
5.052703552246093750e+02
4.105765686035156250e+02
3.644482421875000000e+02
6.778142089843750000e+02
5.760051879882812500e+02
6.624385375976562500e+02
1.465887756347656250e+02
3.471284484863281250e+02
1.096086807250976562e+02
4.699037475585937500e+02
4.294573364257812500e+02
4.521068420410156250e+02
4.818407287597656250e+02
3.104642639160156250e+02
5.477351074218750000e+02
5.199022827148437500e+02
4.608535766601562500e+02
1.739400634765625000e+02
1.937095642089843750e+02
5.633483886718750000e+02
5.970774536132812500e+02
3.262871704101562500e+02
6.240601196289062500e+02
7.647293853759765625e+01
4.547728576660156250e+02
1.905200195312500000e+02
4.305141601562500000e+02
1.583226013183593750e+02
7.347417602539062500e+02
9.475647583007812500e+02
6.386987304687500000e+02
3.210462341308593750e+02
6.545616455078125000e+02
8.556837158203125000e+02
7.571655883789062500e+02
3.753244934082031250e+02
9.202666015625000000e+02
2.936671752929687500e+02
5.954365234375000000e+02
9.593871459960937500e+02
2.870350036621093750e+02
6.723198242187500000e+02
1.013144165039062500e+03
6.511095581054687500e+02
5.641596069335937500e+02
5.773853759765625000e+02
3.294368591308593750e+02
7.430888061523437500e+02
1.376057739257812500e+02
4.350467224121093750e+02
2.519189910888671875e+02
6.602737426757812500e+02
3.707431030273437500e+02
6.713414306640625000e+02
4.516973876953125000e+02
5.189412841796875000e+02
2.877424926757812500e+02
5.749230346679687500e+02
9.847910766601562500e+02
3.165834350585937500e+02
3.761264648437500000e+02
4.532464904785156250e+02
5.046695251464843750e+02
3.166153259277343750e+02
4.682702941894531250e+02
3.823150024414062500e+02
3.191963806152343750e+02
3.451586914062500000e+02
3.076000366210937500e+02
3.741466064453125000e+02
5.969357299804687500e+02
1.032855712890625000e+03
2.071492767333984375e+02
6.006752319335937500e+02
7.475568237304687500e+02
1.654522857666015625e+02
1.014707519531250000e+03
3.017375793457031250e+02
5.017377319335937500e+02
5.261450195312500000e+02
5.245668945312500000e+02
3.218152465820312500e+02
4.160813903808593750e+02
1.607680969238281250e+02
4.624236450195312500e+02
3.761168823242187500e+02
3.063603820800781250e+02
7.529116821289062500e+02
4.030886230468750000e+02
5.775739135742187500e+02
8.216034545898437500e+02
5.840480957031250000e+02
4.141645812988281250e+02
6.533865966796875000e+02
8.442030029296875000e+02
8.295735473632812500e+02
8.765993499755859375e+01
9.534580078125000000e+02
4.595044555664062500e+02
4.876947021484375000e+02
5.070069580078125000e+02
3.447024536132812500e+02
6.604800415039062500e+02
6.611649780273437500e+02
3.827832641601562500e+02
2.447589111328125000e+02
3.747618713378906250e+02
2.455103454589843750e+02
4.422314147949218750e+02
7.406614379882812500e+02
3.887570800781250000e+02
8.116293334960937500e+02
6.020523681640625000e+02
4.463896484375000000e+02
2.326148376464843750e+02
6.744894409179687500e+02
4.543539123535156250e+02
2.429416656494140625e+02
3.579134521484375000e+02
4.105186767578125000e+02
7.241711425781250000e+02
2.467089080810546875e+02
2.121811065673828125e+02
5.436936645507812500e+02
4.127017822265625000e+02
4.231665954589843750e+02
7.132098388671875000e+02
6.079694824218750000e+02
1.804933776855468750e+02
2.746111450195312500e+02
4.971069030761718750e+02
4.217749023437500000e+02
3.654243164062500000e+02
5.312383422851562500e+02
6.425270385742187500e+02
6.196638183593750000e+02
6.928801269531250000e+02
2.001407775878906250e+02
5.483118896484375000e+02
7.408097534179687500e+02
2.658709411621093750e+02
1.495798492431640625e+02
5.586514282226562500e+02
4.164807434082031250e+02
3.290479736328125000e+02
1.008641479492187500e+03
4.232926635742187500e+02
3.916637268066406250e+02
3.144851074218750000e+02
5.598307495117187500e+02
2.516150054931640625e+02
2.409074859619140625e+02
3.638609008789062500e+02
4.643972167968750000e+02
7.624042358398437500e+02
7.535347900390625000e+02
2.096927185058593750e+02
8.918917236328125000e+02
3.039151306152343750e+02
4.350359497070312500e+02
3.988095703125000000e+02
3.746082153320312500e+02
9.369077758789062500e+02
1.483848266601562500e+02
3.746727294921875000e+02
4.734199218750000000e+02
7.313290405273437500e+02
1.603255157470703125e+02
1.784741058349609375e+02
4.009496459960937500e+02
5.883668212890625000e+02
4.860036926269531250e+02
3.887462768554687500e+02
4.170930480957031250e+02
3.010080261230468750e+02
9.243887939453125000e+02
8.165723876953125000e+02
4.370569458007812500e+02
7.143493041992187500e+02
4.014598083496093750e+02
4.668815307617187500e+02
2.782694702148437500e+02
9.264782714843750000e+02
5.688065185546875000e+02
4.771787109375000000e+02
8.276173706054687500e+02
4.391653442382812500e+02
4.362559204101562500e+02
1.603846282958984375e+02
4.802057800292968750e+02
4.354317016601562500e+02
3.856242980957031250e+02
1.879467620849609375e+02
3.733973999023437500e+02
5.825114746093750000e+02
4.720470886230468750e+02
6.787920532226562500e+02
4.977690429687500000e+02
6.010824584960937500e+02
6.033043823242187500e+02
1.168813705444335938e+02
3.184794921875000000e+02
3.575879211425781250e+02
8.744116210937500000e+02
6.073881835937500000e+02
2.248818969726562500e+02
1.924421539306640625e+02
9.123853759765625000e+02
4.484749450683593750e+02
4.519467468261718750e+02
7.361795043945312500e+02
2.919319458007812500e+02
5.915377197265625000e+02
2.062594451904296875e+02
7.439199829101562500e+02
4.797351684570312500e+02
9.879464111328125000e+02
5.931026000976562500e+02
3.939041748046875000e+02
2.104602355957031250e+02
3.005285339355468750e+02
3.755307617187500000e+02
4.407747192382812500e+02
8.269825439453125000e+02
3.692218933105468750e+02
3.467603759765625000e+02
5.643229370117187500e+02
5.011585083007812500e+02
2.714186096191406250e+02
2.372890930175781250e+02
1.859403076171875000e+02
3.372645263671875000e+02
5.464631958007812500e+02
4.233021850585937500e+02
2.755043945312500000e+02
4.888558654785156250e+02
3.884658203125000000e+02
2.457904815673828125e+02
2.413762512207031250e+02
9.003869628906250000e+02
4.139459533691406250e+02
5.390413208007812500e+02
2.177746276855468750e+02
6.201520996093750000e+02
6.536771850585937500e+02
3.397471923828125000e+02
6.439080810546875000e+02
5.699142456054687500e+02
4.243675537109375000e+02
3.817145996093750000e+02
3.382838134765625000e+02
3.298266601562500000e+02
2.386170043945312500e+02
5.497421264648437500e+02
5.014772644042968750e+02
3.130836791992187500e+02
3.547248840332031250e+02
3.557307739257812500e+02
2.721787719726562500e+02
6.445388183593750000e+02
7.038649291992187500e+02
4.874638977050781250e+02
4.025952453613281250e+02
5.169685058593750000e+02
1.037667968750000000e+03
7.442645874023437500e+02
4.459286499023437500e+02
8.506128692626953125e+01
8.308762817382812500e+02
3.990097045898437500e+02
2.783028869628906250e+02
4.104613342285156250e+02
4.692258605957031250e+02
8.443981323242187500e+02
3.872536010742187500e+02
7.263203735351562500e+02
4.474266357421875000e+02
3.847593078613281250e+02
4.487936401367187500e+02
4.095942382812500000e+02
5.755042114257812500e+02
5.308573608398437500e+02
4.487149963378906250e+02
1.298228759765625000e+02
7.293839111328125000e+02
1.031107330322265625e+02
8.360421752929687500e+02
4.300500793457031250e+02
1.210201568603515625e+02
5.152657470703125000e+02
3.746990356445312500e+02
1.794897003173828125e+02
4.452958679199218750e+02
8.196584472656250000e+02
3.070359497070312500e+02
7.233125610351562500e+02
1.984193420410156250e+02
7.163582153320312500e+02
4.196906738281250000e+02
3.191589965820312500e+02
6.061417388916015625e+01
4.970326843261718750e+02
5.628629150390625000e+02
8.034895629882812500e+02
1.047239868164062500e+03
5.834706420898437500e+02
7.079259643554687500e+02
6.543388061523437500e+02
7.394122314453125000e+02
3.701270141601562500e+02
3.086133117675781250e+02
2.084154357910156250e+02
1.156945114135742188e+02
2.890938110351562500e+02
9.783795776367187500e+02
5.107599487304687500e+02
3.510191955566406250e+02
4.480568847656250000e+02
1.979184722900390625e+02
5.124954833984375000e+02
8.931356811523437500e+02
