5.638292236328125000e+02
8.220602416992187500e+02
5.896461181640625000e+02
5.990859375000000000e+02
6.818299102783203125e+01
4.568815917968750000e+02
2.156899566650390625e+02
3.977481994628906250e+02
4.874204101562500000e+02
1.589468078613281250e+02
5.420272827148437500e+02
4.839678039550781250e+02
5.766920166015625000e+02
7.256823730468750000e+02
3.121248168945312500e+02
9.911672973632812500e+02
3.363178710937500000e+02
5.889192504882812500e+02
4.856257324218750000e+02
5.584361572265625000e+02
2.438923034667968750e+02
2.636651000976562500e+02
5.621967773437500000e+02
7.018895263671875000e+02
2.479208374023437500e+02
4.622468872070312500e+02
2.715523986816406250e+02
2.278952026367187500e+02
3.736144409179687500e+02
7.874684448242187500e+02
5.858390808105468750e+01
7.230565795898437500e+02
4.817578125000000000e+02
4.811507568359375000e+02
3.363603210449218750e+02
5.661491699218750000e+02
7.361547241210937500e+02
8.243131713867187500e+02
7.530943603515625000e+02
4.905832214355468750e+02
3.244226074218750000e+02
1.741856231689453125e+02
7.027294921875000000e+02
2.836660461425781250e+02
6.657307128906250000e+02
3.662576293945312500e+02
4.247784729003906250e+02
2.285807495117187500e+02
3.324853515625000000e+02
3.205628967285156250e+02
2.567497558593750000e+02
2.734654541015625000e+02
7.683658447265625000e+02
6.964235839843750000e+02
3.760648803710937500e+02
4.688886718750000000e+02
6.174629516601562500e+02
2.647746887207031250e+02
3.562223510742187500e+02
4.166497497558593750e+02
8.595726318359375000e+02
6.666297607421875000e+02
3.002608032226562500e+02
4.399266052246093750e+02
3.908933410644531250e+02
1.461874694824218750e+02
3.009437561035156250e+02
7.766184082031250000e+02
5.201215209960937500e+02
3.478189392089843750e+02
1.099096069335937500e+03
3.571072692871093750e+02
4.926163330078125000e+02
4.725914611816406250e+02
4.812687377929687500e+02
7.887151489257812500e+02
5.582726440429687500e+02
5.343754272460937500e+02
4.521780395507812500e+02
6.427868041992187500e+02
1.802364044189453125e+02
5.055531921386718750e+02
3.617699890136718750e+02
1.830379486083984375e+02
1.029356201171875000e+03
6.620122680664062500e+02
3.518869934082031250e+02
5.980050048828125000e+02
5.515411376953125000e+02
6.196810302734375000e+02
3.695118408203125000e+02
6.828369750976562500e+02
5.940281982421875000e+02
4.399911499023437500e+02
6.536781005859375000e+02
7.694113159179687500e+02
2.331754913330078125e+02
3.066709289550781250e+02
6.013226928710937500e+02
3.256683654785156250e+02
5.106579589843750000e+02
5.759229125976562500e+02
1.094534179687500000e+03
7.757445068359375000e+02
4.030959167480468750e+02
4.156416015625000000e+02
3.098149108886718750e+02
3.005667114257812500e+02
4.517412719726562500e+02
5.276281738281250000e+02
9.048424682617187500e+02
7.168654785156250000e+02
1.045547363281250000e+03
3.238061523437500000e+02
4.255798034667968750e+02
4.183561401367187500e+02
8.498041381835937500e+02
3.924395751953125000e+02
8.267941894531250000e+02
3.263093872070312500e+02
3.542223815917968750e+02
6.686494750976562500e+02
4.630005493164062500e+02
5.028492736816406250e+02
4.835790405273437500e+02
4.494205322265625000e+02
5.987419433593750000e+02
2.267979888916015625e+02
5.413317871093750000e+02
4.469120788574218750e+02
4.150330505371093750e+02
2.406831970214843750e+02
4.770704956054687500e+02
4.247427978515625000e+02
6.355401000976562500e+02
6.878634643554687500e+02
1.160121994018554688e+02
3.845410156250000000e+02
5.583818359375000000e+02
9.800770263671875000e+02
4.515838317871093750e+02
1.018963241577148438e+02
4.839197082519531250e+02
4.205110473632812500e+02
6.091964721679687500e+02
3.946407470703125000e+02
4.287397155761718750e+02
2.506916198730468750e+02
4.471531677246093750e+02
1.234629974365234375e+02
4.207726135253906250e+02
3.377373046875000000e+02
4.098336486816406250e+02
3.618298950195312500e+02
2.163477630615234375e+02
4.548443298339843750e+02
2.465875244140625000e+02
4.866150512695312500e+02
6.323942871093750000e+02
4.426619873046875000e+02
4.349040832519531250e+02
1.022041687011718750e+03
4.724299621582031250e+02
4.646931457519531250e+02
4.069273681640625000e+02
3.675557861328125000e+02
4.395179748535156250e+02
4.910133056640625000e+02
3.446911621093750000e+02
6.012009887695312500e+02
2.130526885986328125e+02
7.386113891601562500e+02
5.318630981445312500e+02
2.610349731445312500e+02
3.783462524414062500e+02
4.585513000488281250e+02
3.711154174804687500e+02
1.834697113037109375e+02
1.511488037109375000e+02
1.889789276123046875e+02
5.637211303710937500e+02
5.061971740722656250e+02
4.641120605468750000e+02
3.556704406738281250e+02
3.239473266601562500e+02
1.446256713867187500e+02
4.262747497558593750e+02
5.590856323242187500e+02
3.317166442871093750e+02
5.100727233886718750e+02
5.554363403320312500e+02
1.914666595458984375e+02
6.067071533203125000e+02
4.024751586914062500e+02
3.866735839843750000e+02
8.338577880859375000e+02
3.702125549316406250e+02
5.651396484375000000e+02
1.973292846679687500e+02
5.683753051757812500e+02
4.596020507812500000e+02
2.513048553466796875e+02
1.010146423339843750e+03
1.988931579589843750e+02
1.643130950927734375e+02
7.058781127929687500e+02
5.440844726562500000e+02
2.463597717285156250e+02
8.035604858398437500e+02
2.848494262695312500e+02
4.870486450195312500e+02
2.448672485351562500e+02
5.666265258789062500e+02
4.951564941406250000e+02
6.700936279296875000e+02
2.657467651367187500e+02
1.245012664794921875e+02
3.970014953613281250e+02
7.462731933593750000e+02
4.288196716308593750e+02
3.253366394042968750e+02
2.726926269531250000e+02
4.798305358886718750e+02
2.495189819335937500e+02
2.124010620117187500e+02
3.787807006835937500e+02
5.600864868164062500e+02
3.229485473632812500e+02
3.191627807617187500e+02
4.643238830566406250e+02
5.278159790039062500e+02
1.052706909179687500e+02
2.024124603271484375e+02
4.105680236816406250e+02
7.825410766601562500e+02
3.640210571289062500e+02
8.484516601562500000e+02
1.957138977050781250e+02
7.590443115234375000e+02
2.597499084472656250e+02
7.122156982421875000e+02
3.089249877929687500e+02
3.470822143554687500e+02
9.639190063476562500e+02
1.036037292480468750e+02
2.498825073242187500e+02
5.333884277343750000e+02
3.357947082519531250e+02
4.281924133300781250e+02
4.741398315429687500e+02
1.930752716064453125e+02
3.602255859375000000e+02
2.177592926025390625e+02
4.357310485839843750e+02
5.341680908203125000e+02
5.193495483398437500e+02
7.784204101562500000e+02
6.597903442382812500e+02
3.018503723144531250e+02
1.408869323730468750e+02
3.971483459472656250e+02
6.110522460937500000e+02
1.315144653320312500e+02
1.643285980224609375e+02
3.911525573730468750e+02
2.143291931152343750e+02
3.175875244140625000e+02
5.401182250976562500e+02
1.689320831298828125e+02
4.588534545898437500e+02
4.214915161132812500e+02
3.415538330078125000e+02
3.556222839355468750e+02
4.554870910644531250e+02
4.673367004394531250e+02
2.589500732421875000e+02
4.619517822265625000e+02
4.428242187500000000e+02
2.889618835449218750e+02
3.050029602050781250e+02
4.901526489257812500e+02
6.090684204101562500e+02
4.132716369628906250e+02
3.115313110351562500e+02
3.860787963867187500e+02
2.021378173828125000e+02
6.222523193359375000e+02
1.112317504882812500e+02
4.628315734863281250e+02
7.815607910156250000e+02
2.958924255371093750e+02
6.458962402343750000e+02
4.246304321289062500e+02
4.212746582031250000e+02
4.249230041503906250e+02
1.527418670654296875e+02
4.937120056152343750e+02
6.288957519531250000e+02
2.892778625488281250e+02
6.915381469726562500e+02
2.444620361328125000e+02
2.762371826171875000e+02
1.688381347656250000e+02
4.451399230957031250e+02
7.451772460937500000e+02
4.228787841796875000e+02
5.522890625000000000e+02
1.489540557861328125e+02
4.396466064453125000e+02
5.188731079101562500e+02
4.240111389160156250e+02
2.329601745605468750e+02
4.416201477050781250e+02
8.888161010742187500e+02
6.721537475585937500e+02
4.038647460937500000e+02
4.046171875000000000e+02
2.240273437500000000e+02
4.800790405273437500e+02
7.580203857421875000e+02
3.279677124023437500e+02
5.123969116210937500e+02
5.305758666992187500e+02
3.502729492187500000e+02
2.774548339843750000e+02
2.494074859619140625e+02
3.264481811523437500e+02
2.233286743164062500e+02
5.641549072265625000e+02
1.032510620117187500e+03
8.497880859375000000e+02
5.822887573242187500e+02
5.164155883789062500e+02
5.069444580078125000e+02
9.250216064453125000e+02
5.174609985351562500e+02
4.480662536621093750e+02
6.118604736328125000e+02
3.906345825195312500e+02
2.383036041259765625e+02
1.119955139160156250e+02
4.235105590820312500e+02
2.158520660400390625e+02
3.012424926757812500e+02
5.689286499023437500e+02
6.103474121093750000e+02
4.930759887695312500e+02
2.830294189453125000e+02
5.857042236328125000e+02
4.340309753417968750e+02
1.231781311035156250e+02
4.378144836425781250e+02
3.859426574707031250e+02
6.128074340820312500e+02
8.531827392578125000e+02
3.733347473144531250e+02
5.452046508789062500e+02
3.445766296386718750e+02
1.589544525146484375e+02
2.700085449218750000e+02
5.797866821289062500e+02
4.029070434570312500e+02
5.560709838867187500e+02
7.152549438476562500e+02
7.198649902343750000e+02
1.994812469482421875e+02
3.609831542968750000e+02
6.562365112304687500e+02
3.276519470214843750e+02
3.829579467773437500e+02
5.842490844726562500e+02
4.286176147460937500e+02
1.671890716552734375e+02
2.820404052734375000e+02
2.614069213867187500e+02
5.735316772460937500e+02
3.446006469726562500e+02
7.048995971679687500e+02
3.899013977050781250e+02
5.211884765625000000e+02
8.026638183593750000e+02
4.208896789550781250e+02
5.214082031250000000e+02
8.741082763671875000e+02
2.039345092773437500e+02
7.250934448242187500e+02
3.701372070312500000e+02
9.366573333740234375e+01
2.020897521972656250e+02
3.999526672363281250e+02
4.427693176269531250e+02
4.457963867187500000e+02
4.348107604980468750e+02
8.807601928710937500e+02
4.561519165039062500e+02
4.639879455566406250e+02
1.879221954345703125e+02
3.616502380371093750e+02
2.405691986083984375e+02
5.965922241210937500e+02
5.399362792968750000e+02
2.382396392822265625e+02
4.410913085937500000e+02
5.280394287109375000e+02
6.702832031250000000e+02
4.664940490722656250e+02
4.209889221191406250e+02
4.176291809082031250e+02
4.506283264160156250e+02
2.770484313964843750e+02
6.374419555664062500e+02
1.025679077148437500e+03
7.284213256835937500e+02
7.692782592773437500e+02
5.807172851562500000e+02
3.487861328125000000e+02
3.647999572753906250e+02
3.747400817871093750e+02
4.595878295898437500e+02
3.488292846679687500e+02
2.508395690917968750e+02
7.977623901367187500e+02
3.361865844726562500e+02
1.486880645751953125e+02
7.294934692382812500e+02
2.906578369140625000e+02
3.601955871582031250e+02
3.819767150878906250e+02
4.727778625488281250e+02
2.898265991210937500e+02
3.700920715332031250e+02
5.548177490234375000e+02
2.489939270019531250e+02
4.788083496093750000e+02
4.067075195312500000e+02
5.403197021484375000e+02
3.214893188476562500e+02
6.370399169921875000e+02
1.180163497924804688e+02
3.372343139648437500e+02
4.821725769042968750e+02
3.667968750000000000e+02
4.569289245605468750e+02
7.253579711914062500e+02
3.268102722167968750e+02
2.747601928710937500e+02
5.122855224609375000e+02
5.859208374023437500e+02
4.607529602050781250e+02
2.499253082275390625e+02
2.933929138183593750e+02
3.138022460937500000e+02
3.018320007324218750e+02
3.164309387207031250e+02
2.317613220214843750e+02
5.749414672851562500e+02
4.799020080566406250e+02
4.582866210937500000e+02
1.477654113769531250e+02
5.983760375976562500e+02
5.071473999023437500e+02
2.257932434082031250e+02
1.226314575195312500e+03
4.738447875976562500e+02
4.296658630371093750e+02
3.525727844238281250e+02
1.513646087646484375e+02
4.615510559082031250e+02
6.190089111328125000e+02
6.984925537109375000e+02
8.297028808593750000e+02
3.421472778320312500e+02
3.094572448730468750e+02
5.910266723632812500e+02
3.536984863281250000e+02
2.426178283691406250e+02
3.891204833984375000e+02
3.261607971191406250e+02
1.512152099609375000e+02
5.554265747070312500e+02
2.895787963867187500e+02
2.892818298339843750e+02
6.083726806640625000e+02
3.484272766113281250e+02
3.242223510742187500e+02
3.518133544921875000e+02
2.453422241210937500e+02
4.050118713378906250e+02
2.808488464355468750e+02
1.522824707031250000e+02
4.657761535644531250e+02
6.877649536132812500e+02
4.183373107910156250e+02
3.427463684082031250e+02
6.329836425781250000e+02
7.567974243164062500e+02
4.859101257324218750e+02
3.917360534667968750e+02
3.798386001586914062e+01
1.999204559326171875e+02
2.714441833496093750e+02
5.925308837890625000e+02
2.980269470214843750e+02
3.828425903320312500e+02
2.338045501708984375e+02
4.441143798828125000e+02
3.282396850585937500e+02
8.146943969726562500e+02
3.117736511230468750e+02
4.302479553222656250e+02
6.457951660156250000e+02
3.164645080566406250e+02
5.098245239257812500e+02
4.193130493164062500e+02
3.420820312500000000e+02
2.248296356201171875e+02
1.910700683593750000e+02
3.128073730468750000e+02
3.849335021972656250e+02
1.256401855468750000e+03
5.079487304687500000e+02
3.035691833496093750e+02
3.325909118652343750e+02
4.899703674316406250e+02
5.474455566406250000e+02
2.255973510742187500e+02
5.300991210937500000e+02
3.112484436035156250e+02
5.406903686523437500e+02
3.293086242675781250e+02
2.376797637939453125e+02
6.192770996093750000e+02
1.033088989257812500e+03
3.553394165039062500e+02
2.651549682617187500e+02
3.449862060546875000e+02
1.106033248901367188e+02
1.479427978515625000e+03
1.909160766601562500e+02
5.583482055664062500e+02
2.266715240478515625e+02
1.481033172607421875e+02
7.391234741210937500e+02
4.854664916992187500e+02
5.113719482421875000e+02
2.921837158203125000e+02
6.965930786132812500e+02
5.033231201171875000e+02
1.587970275878906250e+02
5.272141113281250000e+02
2.652725524902343750e+02
5.118697509765625000e+02
2.418236694335937500e+02
3.493314208984375000e+02
6.121611938476562500e+02
6.382438964843750000e+02
5.920083007812500000e+02
2.857430114746093750e+02
4.095794067382812500e+02
6.106006469726562500e+02
7.040151367187500000e+02
1.390813140869140625e+02
3.162548828125000000e+02
3.679622802734375000e+02
8.717814331054687500e+02
2.673330688476562500e+02
8.915819702148437500e+02
5.151627197265625000e+02
8.796249389648437500e+02
5.915546875000000000e+02
4.462089233398437500e+02
2.086058959960937500e+02
3.620366210937500000e+02
5.944484863281250000e+02
5.530084838867187500e+02
6.786443481445312500e+02
2.065752563476562500e+02
2.959790954589843750e+02
4.211797180175781250e+02
4.718466186523437500e+02
4.956162109375000000e+02
3.535130310058593750e+02
6.146133422851562500e+02
4.541602783203125000e+02
5.448037719726562500e+02
6.214350585937500000e+02
2.748870849609375000e+02
4.284209289550781250e+02
2.741207885742187500e+02
2.549977111816406250e+02
8.576541900634765625e+01
7.654782104492187500e+02
5.016582946777343750e+02
4.033726501464843750e+02
4.932591247558593750e+02
2.439658508300781250e+02
2.236513214111328125e+02
6.082094116210937500e+02
4.577020263671875000e+02
1.852386016845703125e+02
7.395956420898437500e+02
6.765717163085937500e+02
2.986562500000000000e+02
2.514453125000000000e+02
4.645536804199218750e+02
3.251754760742187500e+02
5.661338500976562500e+02
6.860493164062500000e+02
4.775073852539062500e+02
3.897105407714843750e+02
5.487817382812500000e+02
6.419795532226562500e+02
2.843056945800781250e+02
1.231853149414062500e+03
6.475103149414062500e+02
2.954842529296875000e+02
2.847453613281250000e+02
4.439301452636718750e+02
4.307502136230468750e+02
4.239185791015625000e+02
8.354342651367187500e+02
4.159662475585937500e+02
3.116650085449218750e+02
8.459503936767578125e+01
1.945994720458984375e+02
2.053926696777343750e+02
3.462421569824218750e+02
3.106174926757812500e+02
9.779956054687500000e+02
2.268547515869140625e+02
4.438254394531250000e+02
6.011128234863281250e+01
1.035212890625000000e+03
5.334717407226562500e+02
4.456031799316406250e+02
5.689927978515625000e+02
5.588067626953125000e+02
6.737545166015625000e+02
4.729190368652343750e+02
1.411863708496093750e+02
7.557523803710937500e+02
4.147944946289062500e+02
3.483591918945312500e+02
2.969134521484375000e+02
8.820908203125000000e+02
1.899699096679687500e+02
3.939959411621093750e+02
3.710450744628906250e+02
8.418238525390625000e+02
5.381707153320312500e+02
7.581936035156250000e+02
1.397571258544921875e+02
4.525900573730468750e+02
2.937560119628906250e+02
3.329991760253906250e+02
5.128400878906250000e+02
1.126405487060546875e+02
9.544879150390625000e+02
5.451896362304687500e+02
3.568897399902343750e+02
9.309484863281250000e+02
4.036993713378906250e+02
1.186932907104492188e+02
2.627881164550781250e+02
6.868540649414062500e+02
6.585059204101562500e+02
2.997582397460937500e+02
4.530981750488281250e+02
3.725886535644531250e+02
4.975219726562500000e+02
7.724391479492187500e+02
9.719157104492187500e+02
6.415982055664062500e+02
4.564781188964843750e+02
4.631846923828125000e+02
1.338980007171630859e+01
5.634619750976562500e+02
2.938854675292968750e+02
2.864440917968750000e+02
3.023621520996093750e+02
3.617339172363281250e+02
4.609427185058593750e+02
4.085525207519531250e+02
3.815820617675781250e+02
8.426527099609375000e+02
3.090159301757812500e+02
2.314094696044921875e+02
2.551355438232421875e+02
2.099322814941406250e+02
6.148353271484375000e+02
7.794415283203125000e+02
2.599255065917968750e+02
4.390250244140625000e+02
4.258872070312500000e+02
5.017562561035156250e+02
3.033220825195312500e+02
6.117495117187500000e+02
5.610299682617187500e+02
3.408228759765625000e+02
1.827322387695312500e+02
2.641903076171875000e+02
3.742586975097656250e+02
4.365483703613281250e+02
2.195674285888671875e+02
1.202160644531250000e+03
5.086757202148437500e+02
2.306106262207031250e+02
5.985950927734375000e+02
5.555095214843750000e+02
9.049835815429687500e+02
4.183741455078125000e+02
5.566496582031250000e+02
3.512515869140625000e+02
2.084914245605468750e+02
2.938384094238281250e+02
6.836102905273437500e+02
4.116357116699218750e+02
2.149134826660156250e+02
2.505918273925781250e+02
1.064617843627929688e+02
6.438694458007812500e+02
5.212971801757812500e+02
6.593475952148437500e+02
4.638614501953125000e+02
5.552052001953125000e+02
3.842827453613281250e+02
8.251546630859375000e+02
3.749979858398437500e+02
6.929396362304687500e+02
6.095780029296875000e+02
5.043912658691406250e+02
5.461097412109375000e+02
7.031619262695312500e+02
5.977398681640625000e+02
2.594397277832031250e+02
3.475455017089843750e+02
5.998406372070312500e+02
2.128696136474609375e+02
6.526932983398437500e+02
3.512998657226562500e+02
2.177645111083984375e+02
7.136201171875000000e+02
7.603655395507812500e+02
4.984662170410156250e+02
6.792288818359375000e+02
4.158090515136718750e+02
4.267138977050781250e+02
2.653298950195312500e+02
3.536917419433593750e+02
2.410069274902343750e+02
7.988017578125000000e+02
2.471930847167968750e+02
3.857054138183593750e+02
6.398903808593750000e+02
7.311311645507812500e+02
3.237218017578125000e+02
2.981859741210937500e+02
3.365986633300781250e+02
3.100909423828125000e+02
6.996509399414062500e+02
2.743265075683593750e+02
7.242807006835937500e+02
2.506034088134765625e+02
9.566026000976562500e+02
5.632168579101562500e+02
2.680317382812500000e+02
2.760086059570312500e+02
5.969836425781250000e+02
5.273101806640625000e+02
4.337442932128906250e+02
6.333488769531250000e+02
6.022356567382812500e+02
9.440328979492187500e+01
6.988534545898437500e+02
2.120346374511718750e+02
5.177169799804687500e+02
5.364569091796875000e+02
6.041452636718750000e+02
5.593884277343750000e+02
8.957343750000000000e+02
4.401228027343750000e+02
2.038979187011718750e+02
6.951434936523437500e+02
1.616791076660156250e+02
3.283491821289062500e+02
5.816130371093750000e+02
6.021898193359375000e+02
6.716779174804687500e+02
4.310871887207031250e+02
2.497624511718750000e+02
3.961878356933593750e+02
4.911692504882812500e+02
3.387593688964843750e+02
3.752633056640625000e+02
3.690976257324218750e+02
8.985685424804687500e+02
4.226512756347656250e+02
5.759122924804687500e+02
3.113303833007812500e+02
1.911094665527343750e+02
7.212808837890625000e+02
3.043597717285156250e+02
6.885446166992187500e+02
3.619592590332031250e+02
6.758607177734375000e+02
4.837558288574218750e+02
9.789482116699218750e+01
2.405818023681640625e+02
3.077835998535156250e+02
1.996418609619140625e+02
2.782644042968750000e+02
8.927987060546875000e+02
2.915090332031250000e+02
3.533075561523437500e+02
3.087914733886718750e+02
4.175243530273437500e+02
5.802389526367187500e+02
4.441716003417968750e+02
1.639609527587890625e+02
4.558949279785156250e+02
5.582996215820312500e+02
3.239021911621093750e+02
1.244728698730468750e+02
6.438948974609375000e+02
3.378598632812500000e+02
2.528740386962890625e+02
9.622537841796875000e+02
1.915316619873046875e+02
4.321054687500000000e+02
6.718646240234375000e+02
1.780213623046875000e+02
7.381932983398437500e+02
3.360798950195312500e+02
4.023093566894531250e+02
2.982289733886718750e+02
6.313688964843750000e+02
3.473023071289062500e+02
2.988745422363281250e+02
5.684830932617187500e+02
5.734079589843750000e+02
4.423263244628906250e+02
7.399645385742187500e+02
4.917027587890625000e+02
6.962199096679687500e+02
4.401852722167968750e+02
6.285257568359375000e+02
5.877569580078125000e+02
5.594267578125000000e+02
7.386018066406250000e+02
1.444216918945312500e+02
3.944384460449218750e+02
3.178619995117187500e+02
3.715267639160156250e+02
3.882155151367187500e+02
4.550916442871093750e+02
3.641621704101562500e+02
3.712760009765625000e+02
4.332864685058593750e+02
4.499779968261718750e+02
4.688207702636718750e+02
3.337329711914062500e+02
4.056438903808593750e+02
4.714809875488281250e+02
5.043677978515625000e+02
1.847331848144531250e+02
5.057243347167968750e+02
3.952463684082031250e+02
6.807487487792968750e+01
6.161223144531250000e+02
2.415801239013671875e+02
3.123398742675781250e+02
3.047778625488281250e+02
5.565578613281250000e+02
5.598297729492187500e+02
5.765875854492187500e+02
2.258644104003906250e+02
2.242879028320312500e+02
4.970262756347656250e+02
1.806815032958984375e+02
6.386643066406250000e+02
1.639296722412109375e+02
1.861391143798828125e+02
6.142691040039062500e+02
8.017659301757812500e+02
5.321433715820312500e+02
3.241864624023437500e+02
1.138332977294921875e+02
2.966200866699218750e+02
4.446260070800781250e+02
4.758012084960937500e+02
5.940183105468750000e+02
1.498075561523437500e+02
5.057960815429687500e+02
9.485919799804687500e+02
3.733373413085937500e+02
2.680036315917968750e+02
2.870067138671875000e+02
7.366603393554687500e+02
2.585642089843750000e+02
6.013095092773437500e+02
6.777377319335937500e+02
5.599135131835937500e+02
6.562398681640625000e+02
5.975119018554687500e+02
4.464641113281250000e+02
4.708842468261718750e+02
5.132369384765625000e+02
7.200328369140625000e+02
5.563316650390625000e+02
3.755512695312500000e+02
5.625481567382812500e+02
3.604052124023437500e+02
2.574500122070312500e+02
3.157015075683593750e+02
4.320304260253906250e+02
6.119593505859375000e+02
5.973854370117187500e+02
9.539044799804687500e+02
2.411318511962890625e+02
4.627295837402343750e+02
5.269145507812500000e+02
4.516621704101562500e+02
3.011019592285156250e+02
3.446492309570312500e+02
1.301706695556640625e+02
3.615495910644531250e+02
4.516387329101562500e+02
8.229032592773437500e+02
8.543681335449218750e+01
2.337993469238281250e+02
1.979412536621093750e+02
6.520540161132812500e+02
3.253073120117187500e+02
4.530814514160156250e+02
1.800791778564453125e+02
3.210827331542968750e+02
2.824364013671875000e+02
2.359416503906250000e+02
4.280377197265625000e+02
7.697764892578125000e+02
1.534672393798828125e+02
5.445891723632812500e+02
6.756116333007812500e+02
5.335866088867187500e+02
4.081901245117187500e+02
4.325328979492187500e+02
3.884191894531250000e+02
1.780408477783203125e+02
9.413275146484375000e+02
3.136020812988281250e+02
5.866242065429687500e+02
3.452940979003906250e+02
7.254852905273437500e+02
4.013460388183593750e+02
6.514786987304687500e+02
3.818469543457031250e+02
7.595636596679687500e+02
5.653278808593750000e+02
4.478656616210937500e+02
3.283605041503906250e+02
9.181402587890625000e+02
4.303154602050781250e+02
2.575784606933593750e+02
5.635341186523437500e+02
4.888872070312500000e+02
5.245525512695312500e+02
2.399819183349609375e+02
3.595243530273437500e+02
1.768565216064453125e+02
2.746727600097656250e+02
4.547817077636718750e+02
1.951273345947265625e+02
1.384326477050781250e+02
8.015753784179687500e+02
5.750471191406250000e+02
4.490689697265625000e+02
5.201346435546875000e+02
6.655689086914062500e+02
1.131727905273437500e+02
4.532655029296875000e+02
5.138762817382812500e+02
4.720487365722656250e+02
3.681654663085937500e+02
3.023929443359375000e+02
4.162622070312500000e+02
4.317684631347656250e+02
1.445047302246093750e+02
4.892471008300781250e+02
6.035546875000000000e+02
5.984570922851562500e+02
3.631810302734375000e+02
4.136901245117187500e+02
4.294562072753906250e+02
1.600942230224609375e+02
5.945941162109375000e+02
5.322400512695312500e+02
6.089738159179687500e+02
7.164087524414062500e+02
4.959301757812500000e+02
4.607481079101562500e+02
4.744062194824218750e+02
8.611027221679687500e+02
6.541843872070312500e+02
7.774572143554687500e+02
2.059756927490234375e+02
2.432447052001953125e+02
2.668822937011718750e+02
3.995424194335937500e+02
6.947662963867187500e+02
5.487919921875000000e+02
1.030168701171875000e+03
3.131953430175781250e+02
5.774536132812500000e+02
4.942648315429687500e+02
4.394946289062500000e+02
4.976259765625000000e+02
4.919287414550781250e+02
2.016057434082031250e+02
2.953700256347656250e+02
3.987435607910156250e+02
8.312745361328125000e+02
6.801015014648437500e+02
6.284416503906250000e+02
6.341331787109375000e+02
4.665007934570312500e+02
4.119096984863281250e+02
3.910469970703125000e+02
5.255085449218750000e+02
6.202778930664062500e+02
5.212366943359375000e+02
1.301769866943359375e+02
8.199567260742187500e+02
8.532167968750000000e+02
1.040613037109375000e+03
5.795777587890625000e+02
5.891188964843750000e+02
3.632103881835937500e+02
2.056969909667968750e+02
7.988069458007812500e+02
4.232162780761718750e+02
4.609189758300781250e+02
7.394227294921875000e+02
3.733301696777343750e+02
3.247376098632812500e+02
8.717016601562500000e+02
3.386418151855468750e+02
5.987451782226562500e+02
6.774426269531250000e+02
8.421005859375000000e+02
4.131406860351562500e+02
3.712362365722656250e+02
5.025711364746093750e+02
6.648842773437500000e+02
2.657099609375000000e+02
4.340238647460937500e+02
9.166105957031250000e+02
1.835733032226562500e+02
2.470894927978515625e+02
2.367822265625000000e+02
9.165604248046875000e+02
7.114035644531250000e+02
4.129159851074218750e+02
7.971146240234375000e+02
3.639326477050781250e+02
8.016872558593750000e+02
5.609440307617187500e+02
3.268450622558593750e+02
6.265710449218750000e+02
4.953123168945312500e+02
3.798981933593750000e+02
3.455487060546875000e+02
5.924746704101562500e+02
1.850188446044921875e+02
2.520308532714843750e+02
5.938582763671875000e+02
4.950259094238281250e+02
6.495820922851562500e+02
6.659119262695312500e+02
4.343156127929687500e+02
5.777879638671875000e+02
2.688068542480468750e+02
5.601837158203125000e+02
2.401901550292968750e+02
6.129061889648437500e+01
4.077472839355468750e+02
5.633074340820312500e+02
1.470657501220703125e+02
7.353172607421875000e+02
7.809892578125000000e+02
3.549917907714843750e+02
7.410011596679687500e+02
7.859697875976562500e+02
6.707712402343750000e+02
5.960531005859375000e+02
2.450471954345703125e+02
6.381551513671875000e+02
4.215716552734375000e+02
4.227544250488281250e+02
8.889716186523437500e+02
5.501734008789062500e+02
7.850133056640625000e+02
1.145401229858398438e+02
5.242164306640625000e+02
5.228345336914062500e+02
8.021766357421875000e+02
5.754835205078125000e+02
4.056081542968750000e+02
8.798186645507812500e+02
5.631975097656250000e+02
1.392136535644531250e+02
4.037054138183593750e+02
7.148005981445312500e+02
6.745231933593750000e+02
6.388992309570312500e+02
3.410515136718750000e+02
7.949715576171875000e+02
3.797523498535156250e+02
2.725958862304687500e+02
2.699598693847656250e+02
7.505372924804687500e+02
6.081877441406250000e+02
1.878414764404296875e+02
7.220537719726562500e+02
6.516908569335937500e+02
2.125933227539062500e+02
6.408616333007812500e+02
5.693033447265625000e+02
5.073285827636718750e+02
2.304612884521484375e+02
2.197839813232421875e+02
5.846300659179687500e+02
3.232371215820312500e+02
3.754847412109375000e+02
1.788697967529296875e+02
5.199003906250000000e+02
1.746646118164062500e+02
4.295328674316406250e+02
5.879306640625000000e+02
3.087558288574218750e+02
4.511872253417968750e+02
5.242395629882812500e+02
5.384829101562500000e+02
3.483188781738281250e+02
2.722706909179687500e+02
5.889256591796875000e+02
5.145982055664062500e+02
4.024530944824218750e+02
2.883828430175781250e+02
3.519573364257812500e+02
7.494094238281250000e+02
2.397240295410156250e+02
6.465976562500000000e+02
6.600463256835937500e+02
5.002744445800781250e+02
1.213040695190429688e+02
5.725909423828125000e+02
3.582216186523437500e+02
2.847154235839843750e+02
4.769687500000000000e+02
5.156087036132812500e+02
1.162702758789062500e+03
4.272860717773437500e+02
5.785575561523437500e+02
6.765565795898437500e+02
2.706057434082031250e+02
2.075361785888671875e+02
7.020421142578125000e+02
4.643042907714843750e+02
5.477457046508789062e+01
4.473869018554687500e+02
3.448839721679687500e+02
3.213916931152343750e+02
3.276663208007812500e+02
5.513026733398437500e+02
4.695637817382812500e+02
3.210674133300781250e+02
2.146386718750000000e+02
2.048645477294921875e+02
1.879252471923828125e+02
4.613580017089843750e+02
2.486601409912109375e+02
3.031475219726562500e+02
4.767018737792968750e+02
4.178479919433593750e+02
2.827529907226562500e+02
3.548384094238281250e+02
5.672407226562500000e+02
6.538638305664062500e+02
1.385434722900390625e+02
7.925867309570312500e+02
5.714344482421875000e+02
5.988712768554687500e+02
5.674002685546875000e+02
1.184233398437500000e+02
4.895171813964843750e+02
7.460309448242187500e+02
1.470371093750000000e+02
3.535638122558593750e+02
3.130671386718750000e+02
5.221612548828125000e+02
7.124497680664062500e+02
2.543843841552734375e+02
4.425470886230468750e+02
8.518225860595703125e+01
5.042456359863281250e+02
8.435023193359375000e+02
3.636101074218750000e+02
1.022396728515625000e+03
7.397286987304687500e+02
2.384537658691406250e+02
3.073426818847656250e+02
4.946339416503906250e+02
1.051756469726562500e+03
4.399773864746093750e+02
2.519723052978515625e+02
4.245859375000000000e+02
5.955964355468750000e+02
6.933242797851562500e+02
8.142615356445312500e+02
5.296500244140625000e+02
1.631844329833984375e+02
2.000973663330078125e+02
1.088649063110351562e+02
1.744135894775390625e+02
1.556983184814453125e+02
2.507777862548828125e+02
2.134312438964843750e+02
1.436690063476562500e+02
3.140050964355468750e+02
5.130089721679687500e+02
3.460201416015625000e+02
4.422976989746093750e+02
6.092926635742187500e+02
2.023304595947265625e+02
1.118990478515625000e+02
3.230004882812500000e+02
4.640490417480468750e+02
4.227210083007812500e+02
2.144795074462890625e+02
2.701397705078125000e+02
4.672701110839843750e+02
5.279168090820312500e+02
4.216174621582031250e+02
6.119888305664062500e+02
8.333156127929687500e+02
9.683107910156250000e+02
3.025820617675781250e+02
3.438270568847656250e+02
4.255213317871093750e+02
6.490560302734375000e+02
5.730063476562500000e+02
2.354804534912109375e+02
5.901187133789062500e+02
4.064407958984375000e+02
5.072111816406250000e+02
3.627916259765625000e+02
3.494610595703125000e+02
3.828664245605468750e+02
3.828678588867187500e+02
8.789682617187500000e+02
3.606367492675781250e+02
2.071302947998046875e+02
5.458994750976562500e+02
4.350180358886718750e+02
3.720433959960937500e+02
1.162790283203125000e+03
3.210505371093750000e+02
2.806184082031250000e+02
3.921259155273437500e+02
2.520377197265625000e+02
6.076316528320312500e+02
4.634463806152343750e+02
2.808602905273437500e+02
1.048778686523437500e+02
5.548404541015625000e+02
4.794920349121093750e+02
2.946518249511718750e+02
6.104870605468750000e+02
2.926040954589843750e+02
3.226343994140625000e+02
4.841090087890625000e+02
4.547124328613281250e+02
3.649093627929687500e+02
1.838506469726562500e+02
1.662679901123046875e+02
2.819597167968750000e+02
3.951965942382812500e+02
6.224399414062500000e+02
1.848047790527343750e+02
2.526655731201171875e+02
3.354077148437500000e+02
4.842033386230468750e+02
4.693417663574218750e+02
1.969904785156250000e+02
4.166974792480468750e+02
2.981640930175781250e+02
2.107277221679687500e+02
2.426743164062500000e+02
4.723236083984375000e+02
3.084555664062500000e+02
4.685086059570312500e+02
6.813812255859375000e+02
4.084908142089843750e+02
1.192470855712890625e+02
4.651774597167968750e+02
8.562601318359375000e+02
5.164536132812500000e+02
7.321044311523437500e+02
9.832662353515625000e+02
7.113530883789062500e+02
3.843066406250000000e+02
2.562594909667968750e+02
3.755381469726562500e+02
7.320712280273437500e+02
5.793867797851562500e+02
4.936661071777343750e+02
5.704439086914062500e+02
1.150881881713867188e+02
1.184704666137695312e+02
3.843226928710937500e+02
7.021651611328125000e+02
4.884951782226562500e+02
2.613730468750000000e+02
5.619099121093750000e+02
3.206056823730468750e+02
3.648002014160156250e+02
7.641790771484375000e+02
4.849856262207031250e+02
4.077516784667968750e+02
5.016034545898437500e+02
1.092618652343750000e+03
3.203014831542968750e+02
1.904762878417968750e+02
5.773694458007812500e+02
2.644617004394531250e+02
3.861784973144531250e+02
3.238762207031250000e+02
5.325355224609375000e+02
3.822330932617187500e+02
7.538716888427734375e+01
1.581356658935546875e+02
4.700285644531250000e+02
3.107048645019531250e+02
3.608430786132812500e+02
4.176214904785156250e+02
6.498848876953125000e+02
5.492786254882812500e+02
2.346047058105468750e+02
6.978953247070312500e+02
7.884033813476562500e+02
3.760673217773437500e+02
6.352493286132812500e+02
5.358076171875000000e+02
3.665818481445312500e+02
3.032087097167968750e+02
3.364064941406250000e+02
6.805150146484375000e+02
3.885386962890625000e+02
5.731094970703125000e+02
4.976046142578125000e+02
3.248351745605468750e+02
5.421203002929687500e+02
5.857867431640625000e+02
5.493577880859375000e+02
1.432312011718750000e+03
6.179475097656250000e+02
6.171245727539062500e+02
4.201030273437500000e+02
3.386097717285156250e+02
2.639222717285156250e+02
8.032810058593750000e+02
4.208222351074218750e+02
7.201671752929687500e+02
4.712478332519531250e+02
2.414163208007812500e+02
1.665501098632812500e+02
1.731058807373046875e+02
8.360392456054687500e+02
1.474976501464843750e+02
3.002281799316406250e+02
3.135464477539062500e+02
4.695016784667968750e+02
2.056098785400390625e+02
7.486375122070312500e+02
2.412738800048828125e+02
2.102156524658203125e+02
3.387472534179687500e+02
4.273319702148437500e+02
6.127200317382812500e+02
2.956981811523437500e+02
2.853464050292968750e+02
6.098477172851562500e+02
3.618434143066406250e+02
2.567141723632812500e+02
7.384535522460937500e+02
4.367944030761718750e+02
1.310050170898437500e+03
3.293450012207031250e+02
3.251572875976562500e+02
5.723557128906250000e+02
2.657445983886718750e+02
2.225444335937500000e+02
4.698560180664062500e+02
1.972736206054687500e+02
3.882743530273437500e+02
7.989948120117187500e+02
2.937585449218750000e+02
2.125471343994140625e+02
2.986985473632812500e+02
3.447962341308593750e+02
2.086892547607421875e+02
4.318683166503906250e+02
2.641486816406250000e+02
4.168576354980468750e+02
6.468345336914062500e+02
5.577619628906250000e+02
4.085604248046875000e+02
6.190517578125000000e+02
7.556627807617187500e+02
2.058632202148437500e+02
2.916375732421875000e+02
8.075418090820312500e+02
3.001534423828125000e+02
6.773452148437500000e+02
2.355089569091796875e+02
4.918635559082031250e+02
2.829370727539062500e+02
3.783905334472656250e+02
6.428538818359375000e+02
5.002988281250000000e+02
3.987036437988281250e+02
4.239854736328125000e+02
6.090829467773437500e+02
2.710830993652343750e+02
6.239617309570312500e+02
5.449453735351562500e+02
7.728526611328125000e+02
4.823265991210937500e+02
9.939978637695312500e+02
1.152608764648437500e+03
5.486927490234375000e+02
4.472296752929687500e+02
3.492093200683593750e+02
5.061370849609375000e+02
3.154791564941406250e+02
4.418206787109375000e+02
7.000789794921875000e+02
4.513965148925781250e+02
4.236790771484375000e+02
5.350878295898437500e+02
6.262521972656250000e+02
3.762675170898437500e+02
3.769979553222656250e+02
3.567881469726562500e+02
2.517144775390625000e+02
4.162313537597656250e+02
2.957448730468750000e+02
3.583371276855468750e+02
8.968630981445312500e+02
2.966275634765625000e+02
5.788844604492187500e+02
4.515680847167968750e+02
3.501924743652343750e+02
6.457985229492187500e+02
5.139420166015625000e+02
4.279268188476562500e+02
6.237631225585937500e+02
4.682200622558593750e+02
4.390684814453125000e+02
6.814595947265625000e+02
2.390793457031250000e+02
2.052729644775390625e+02
8.918200683593750000e+02
2.404088592529296875e+02
6.399592895507812500e+02
2.210666351318359375e+02
7.828905029296875000e+02
4.089434204101562500e+02
2.787503967285156250e+02
2.011312866210937500e+02
5.294169921875000000e+02
7.901920166015625000e+02
4.759080200195312500e+02
4.058990478515625000e+02
1.612315826416015625e+02
5.490119628906250000e+02
4.914377441406250000e+02
7.015143432617187500e+02
5.605995483398437500e+02
7.643471679687500000e+02
5.228721923828125000e+02
2.165134124755859375e+02
7.682800292968750000e+02
2.583448486328125000e+02
5.188485717773437500e+02
6.099450683593750000e+02
3.881506347656250000e+02
6.050149536132812500e+02
1.005295715332031250e+02
3.318845520019531250e+02
5.640422973632812500e+02
2.816758728027343750e+02
2.285775146484375000e+02
2.930758972167968750e+02
2.954487915039062500e+02
1.677899169921875000e+02
2.314679412841796875e+02
4.141933898925781250e+02
3.583496704101562500e+02
2.376018371582031250e+02
5.491154785156250000e+02
5.258744506835937500e+02
8.024937133789062500e+02
6.462311401367187500e+02
3.971981811523437500e+02
1.883019256591796875e+02
4.551962890625000000e+02
7.078120727539062500e+02
6.792496337890625000e+02
7.944611816406250000e+02
3.901414794921875000e+02
5.781387939453125000e+02
3.920329895019531250e+02
2.838731384277343750e+02
4.313674621582031250e+02
3.853733520507812500e+02
5.193848876953125000e+02
3.410975646972656250e+02
7.472369384765625000e+02
6.706136474609375000e+02
2.260308532714843750e+02
5.134505004882812500e+02
6.686425781250000000e+02
6.966055908203125000e+02
4.150344543457031250e+02
5.867039184570312500e+02
9.116467285156250000e+01
5.167995605468750000e+02
6.007006225585937500e+02
1.473196258544921875e+02
7.415132446289062500e+02
1.795697479248046875e+02
5.270003662109375000e+02
6.165414428710937500e+02
6.244342041015625000e+02
3.057679138183593750e+02
2.333577728271484375e+02
3.912142639160156250e+02
5.120944213867187500e+02
3.647276611328125000e+02
8.192056274414062500e+02
3.606910400390625000e+02
5.565975952148437500e+02
2.101214904785156250e+02
7.747124633789062500e+02
5.226199951171875000e+02
5.598238525390625000e+02
8.354804077148437500e+02
4.752189636230468750e+02
2.773998718261718750e+02
5.053626708984375000e+02
5.569357299804687500e+02
3.483626708984375000e+02
1.149928588867187500e+03
5.513546142578125000e+02
5.172434692382812500e+02
5.817604980468750000e+02
5.950600585937500000e+02
1.808734130859375000e+02
3.300323791503906250e+02
6.442738647460937500e+02
2.912466430664062500e+02
5.156996459960937500e+02
2.675611267089843750e+02
6.094466552734375000e+02
4.217952880859375000e+02
5.913494873046875000e+02
4.057891540527343750e+02
1.837832794189453125e+02
1.019529037475585938e+02
5.542446899414062500e+02
4.160069580078125000e+02
3.141914672851562500e+02
8.739475250244140625e+01
3.431847229003906250e+02
4.400697937011718750e+02
2.112632598876953125e+02
6.202615966796875000e+02
3.869826049804687500e+02
3.106340026855468750e+02
4.392485656738281250e+02
5.326838989257812500e+02
2.632197570800781250e+02
3.454282226562500000e+02
5.695728759765625000e+02
3.963247375488281250e+02
7.695473632812500000e+02
3.500945434570312500e+02
2.939347839355468750e+02
5.289468994140625000e+02
4.195914611816406250e+02
2.806679382324218750e+02
3.125393371582031250e+02
3.941073303222656250e+02
2.917178039550781250e+02
4.984492492675781250e+02
4.855355529785156250e+02
2.750075683593750000e+02
4.711538085937500000e+02
3.783547363281250000e+02
7.928072509765625000e+02
1.579171905517578125e+02
4.767657775878906250e+02
3.326248779296875000e+02
5.344992675781250000e+02
1.555080261230468750e+02
7.542324218750000000e+02
3.865677490234375000e+02
6.390516357421875000e+02
3.471767272949218750e+02
8.864020385742187500e+02
6.171599731445312500e+02
2.089774322509765625e+02
4.550344848632812500e+02
4.426204528808593750e+02
3.342020263671875000e+02
4.200419311523437500e+02
5.313295288085937500e+02
3.220066223144531250e+02
8.826457519531250000e+02
4.348346557617187500e+02
4.043514099121093750e+02
4.390593872070312500e+02
8.435529785156250000e+02
5.151747436523437500e+02
4.186639709472656250e+02
3.166877136230468750e+02
6.072891845703125000e+02
4.808930664062500000e+02
3.827226562500000000e+02
1.848095245361328125e+02
4.317492065429687500e+02
5.532914428710937500e+02
5.602372436523437500e+02
7.470233154296875000e+02
4.104283447265625000e+02
7.478551635742187500e+02
3.030798339843750000e+02
2.879731750488281250e+02
2.257366485595703125e+02
6.662795410156250000e+02
5.032211914062500000e+02
5.230728759765625000e+02
7.057583007812500000e+02
6.049083862304687500e+02
2.465927276611328125e+02
7.001807861328125000e+02
3.856072387695312500e+02
8.640913085937500000e+02
8.612102661132812500e+02
3.321769409179687500e+02
3.408795471191406250e+02
4.589235229492187500e+02
4.140089721679687500e+02
5.573069458007812500e+02
2.108376007080078125e+02
5.376472167968750000e+02
2.797973632812500000e+02
5.145439453125000000e+02
6.674262084960937500e+02
4.613491210937500000e+02
5.220219726562500000e+02
7.182219848632812500e+02
4.841902465820312500e+02
5.008487548828125000e+02
3.491149902343750000e+02
6.699788818359375000e+02
5.414888305664062500e+02
3.651520080566406250e+02
3.838486938476562500e+02
1.841911010742187500e+02
5.461963500976562500e+02
6.444397583007812500e+02
4.631987915039062500e+02
3.610691833496093750e+02
8.823088989257812500e+02
1.823626556396484375e+02
6.555795898437500000e+02
9.589041137695312500e+01
1.007860031127929688e+02
1.649396362304687500e+02
4.310791015625000000e+02
4.498450012207031250e+02
4.162534790039062500e+02
2.643687744140625000e+02
7.110242919921875000e+02
1.193474487304687500e+03
5.227549438476562500e+02
4.815184631347656250e+02
3.202544555664062500e+02
1.663496093750000000e+02
5.871706542968750000e+02
4.830877685546875000e+02
3.936426391601562500e+02
4.782159729003906250e+02
5.407260742187500000e+02
6.248952102661132812e+01
9.280717163085937500e+02
4.875110168457031250e+02
4.608157653808593750e+02
8.643044433593750000e+02
9.603735351562500000e+02
6.727606811523437500e+02
3.610586242675781250e+02
2.648549804687500000e+02
5.910209350585937500e+02
6.505174560546875000e+02
6.850010375976562500e+02
5.153182373046875000e+02
6.782813110351562500e+02
4.945592956542968750e+02
1.474790802001953125e+02
4.569995422363281250e+02
1.280374298095703125e+02
7.784728393554687500e+02
3.996430969238281250e+02
2.718657531738281250e+02
3.622326660156250000e+02
4.445487670898437500e+02
2.100745697021484375e+02
8.120093383789062500e+02
5.139986572265625000e+02
5.981646728515625000e+02
5.655237426757812500e+02
7.043526000976562500e+02
3.027098693847656250e+02
9.515222167968750000e+02
5.112098693847656250e+02
4.141215209960937500e+02
3.895638732910156250e+02
2.773823852539062500e+02
5.952103881835937500e+02
5.887057495117187500e+02
4.104335632324218750e+02
4.204200744628906250e+02
1.988753509521484375e+02
2.970830078125000000e+02
3.610532226562500000e+02
1.083956420898437500e+03
1.123583984375000000e+03
1.754239807128906250e+02
6.618955688476562500e+02
4.591377563476562500e+02
4.511156616210937500e+02
5.418135375976562500e+02
7.631450195312500000e+02
3.877013854980468750e+02
3.401951293945312500e+02
5.356250000000000000e+02
3.129925231933593750e+02
4.721145935058593750e+02
6.822793579101562500e+02
5.011731872558593750e+02
3.725911865234375000e+02
4.152797851562500000e+02
6.180172119140625000e+02
1.045053710937500000e+03
5.986539916992187500e+02
4.899715576171875000e+02
6.298079833984375000e+02
4.951752624511718750e+02
3.842792663574218750e+02
3.379505615234375000e+02
1.067672271728515625e+02
4.058141479492187500e+02
2.399049224853515625e+02
1.360937042236328125e+02
5.959279785156250000e+02
3.451511230468750000e+02
4.858505249023437500e+02
3.898123168945312500e+02
3.669110107421875000e+02
4.214317626953125000e+02
1.134682861328125000e+03
4.873467102050781250e+02
4.920171508789062500e+02
3.232811889648437500e+02
6.364910888671875000e+02
8.727858886718750000e+02
3.090175476074218750e+02
3.596468200683593750e+02
5.890939941406250000e+02
4.595881652832031250e+02
2.591914062500000000e+02
1.062671875000000000e+03
4.908752746582031250e+02
3.298038940429687500e+02
2.341529998779296875e+02
3.876812744140625000e+02
5.041595764160156250e+02
4.570036621093750000e+02
4.478650207519531250e+02
4.311140136718750000e+02
8.765466308593750000e+01
5.223803100585937500e+02
5.000764770507812500e+02
7.460362548828125000e+02
4.943242797851562500e+02
2.457596130371093750e+02
4.424629516601562500e+02
3.207020263671875000e+02
3.427104187011718750e+02
5.575815429687500000e+02
4.701056213378906250e+02
7.922438354492187500e+02
1.910179901123046875e+02
4.372090148925781250e+02
3.329544067382812500e+02
3.811118774414062500e+02
2.018928375244140625e+02
3.376879272460937500e+02
4.432578735351562500e+02
4.674075317382812500e+02
3.561296386718750000e+02
9.429912719726562500e+02
5.722498168945312500e+02
4.133311767578125000e+02
4.473833618164062500e+02
5.573087158203125000e+02
1.072373535156250000e+03
3.641099243164062500e+02
1.906742401123046875e+02
4.345256347656250000e+02
3.792748413085937500e+02
6.120936279296875000e+02
6.661249389648437500e+02
2.585558471679687500e+02
3.905092468261718750e+02
3.618202819824218750e+02
2.488155670166015625e+02
6.912749633789062500e+02
3.951731262207031250e+02
3.179731750488281250e+02
1.631226501464843750e+02
8.167159271240234375e+01
7.550887451171875000e+02
2.521570434570312500e+02
5.745407104492187500e+02
7.189028320312500000e+02
6.031259765625000000e+02
3.882079467773437500e+02
2.060915374755859375e+02
5.413182983398437500e+02
3.110974731445312500e+02
7.333315429687500000e+02
1.640066833496093750e+02
3.173404846191406250e+02
4.487068481445312500e+02
5.689710693359375000e+02
3.115831909179687500e+02
4.704831237792968750e+02
2.743146057128906250e+02
4.669086608886718750e+02
3.337174377441406250e+02
3.462856445312500000e+02
2.132521667480468750e+02
5.036542663574218750e+02
1.855806579589843750e+02
4.815400695800781250e+02
2.990764465332031250e+02
4.042069702148437500e+02
2.802177429199218750e+02
8.185510253906250000e+01
2.189475402832031250e+02
2.449912414550781250e+02
1.203436279296875000e+03
4.676156311035156250e+02
4.969139709472656250e+02
4.810321655273437500e+02
2.813336791992187500e+02
6.533779296875000000e+02
1.035831665039062500e+03
3.279731445312500000e+02
4.119240722656250000e+02
4.508128356933593750e+02
1.120926895141601562e+02
1.982835083007812500e+02
6.062516479492187500e+02
4.441678466796875000e+02
1.228786010742187500e+03
3.358677978515625000e+02
3.935417175292968750e+02
4.498107299804687500e+02
3.557126770019531250e+02
2.588956604003906250e+02
7.123200073242187500e+02
5.952418212890625000e+02
2.695251770019531250e+02
3.590280151367187500e+02
4.307091674804687500e+02
3.055933532714843750e+02
2.750811462402343750e+02
2.518930358886718750e+02
5.013333435058593750e+02
3.060606689453125000e+02
3.649353637695312500e+02
2.776697998046875000e+02
6.118070068359375000e+02
8.608130493164062500e+02
3.426612243652343750e+02
2.812899169921875000e+02
3.508856201171875000e+02
6.370519409179687500e+02
1.119716796875000000e+03
2.383443145751953125e+02
7.700134887695312500e+02
9.298925781250000000e+01
4.490071105957031250e+02
3.303686523437500000e+02
5.488276977539062500e+02
6.168140869140625000e+02
3.172169189453125000e+02
3.791869506835937500e+02
4.799119567871093750e+02
1.527425842285156250e+02
6.371690063476562500e+02
2.261129302978515625e+02
8.977971649169921875e+01
3.291491699218750000e+02
3.646194458007812500e+02
4.618272094726562500e+02
3.907169189453125000e+02
5.692651977539062500e+02
4.133643188476562500e+02
5.494895629882812500e+02
5.012552490234375000e+02
2.256107482910156250e+02
4.734031982421875000e+02
3.750031738281250000e+02
4.727581787109375000e+02
6.686225585937500000e+02
6.015056152343750000e+02
9.491828613281250000e+02
3.462280883789062500e+02
2.138302764892578125e+02
2.699754638671875000e+02
5.015481872558593750e+02
6.687601928710937500e+02
3.869899902343750000e+02
3.395187377929687500e+02
3.885945129394531250e+02
6.439185791015625000e+02
5.967171630859375000e+02
4.044886169433593750e+02
5.216648559570312500e+02
5.223284912109375000e+02
9.875984497070312500e+02
6.275251007080078125e+01
4.189241943359375000e+02
2.295287017822265625e+02
7.092440795898437500e+02
7.581860351562500000e+02
6.406302490234375000e+02
4.427027893066406250e+02
8.645772094726562500e+02
4.573291625976562500e+02
5.536931762695312500e+02
4.725532836914062500e+02
1.166752014160156250e+02
6.417862701416015625e+01
3.290073852539062500e+02
2.603307800292968750e+02
5.605319213867187500e+02
6.639340209960937500e+02
4.133963012695312500e+02
3.539335021972656250e+02
2.796204528808593750e+02
4.832387390136718750e+02
6.521322631835937500e+02
3.752777099609375000e+02
5.171357421875000000e+02
2.925357971191406250e+02
1.585735473632812500e+02
2.461436920166015625e+02
2.615481872558593750e+02
4.641884765625000000e+02
4.035106811523437500e+02
5.621772460937500000e+02
2.517191009521484375e+02
3.219008178710937500e+02
7.635396728515625000e+02
4.804102172851562500e+02
5.838704833984375000e+02
7.035562744140625000e+02
6.683309936523437500e+02
2.122681121826171875e+02
7.168475341796875000e+02
4.867614746093750000e+02
8.154060058593750000e+02
3.638853149414062500e+02
2.469572143554687500e+02
2.255207672119140625e+02
2.092104034423828125e+02
5.004293823242187500e+02
3.165641479492187500e+02
2.860476684570312500e+02
5.453967895507812500e+02
2.569273071289062500e+02
3.132731933593750000e+02
4.568805847167968750e+02
3.598593139648437500e+02
1.832968139648437500e+02
5.543334960937500000e+02
3.430159606933593750e+02
2.637407531738281250e+02
3.520823669433593750e+02
1.312127838134765625e+02
5.702694091796875000e+02
1.613631744384765625e+02
6.397001342773437500e+02
3.631997680664062500e+02
1.817204589843750000e+02
2.149800262451171875e+02
3.342978210449218750e+02
2.993164062500000000e+02
4.068028869628906250e+02
3.499435729980468750e+02
1.323826904296875000e+03
3.705886840820312500e+02
2.267771759033203125e+02
8.374920654296875000e+01
2.283958892822265625e+02
7.920376586914062500e+02
3.967349548339843750e+02
4.232501525878906250e+02
3.380244445800781250e+02
3.840155334472656250e+02
1.474940338134765625e+02
3.199971313476562500e+02
1.200432357788085938e+02
5.796254882812500000e+02
3.382667846679687500e+02
3.854682922363281250e+02
8.827091674804687500e+02
4.627459106445312500e+02
5.138709716796875000e+02
5.796112060546875000e+02
3.963930664062500000e+02
7.121257019042968750e+01
1.971482696533203125e+02
3.920258789062500000e+02
4.198563537597656250e+02
4.474769592285156250e+02
4.296377563476562500e+02
7.129596557617187500e+02
2.791145019531250000e+02
9.797088623046875000e+02
4.115630187988281250e+02
7.164801025390625000e+02
3.894580383300781250e+02
3.471890258789062500e+02
4.309614868164062500e+02
6.079120483398437500e+02
3.108817749023437500e+02
2.648167419433593750e+02
4.416648559570312500e+02
3.950682678222656250e+02
1.014559204101562500e+03
2.536589355468750000e+02
3.148279418945312500e+02
6.960373687744140625e+01
5.754158935546875000e+02
3.054413452148437500e+02
5.190469970703125000e+02
3.594721069335937500e+02
3.518733520507812500e+02
2.972516479492187500e+02
5.085942687988281250e+02
4.714180908203125000e+02
6.537199096679687500e+02
5.487745361328125000e+02
1.211356658935546875e+02
5.466078491210937500e+02
3.186214904785156250e+02
3.691152038574218750e+02
5.552432250976562500e+02
2.754353637695312500e+02
4.586621398925781250e+02
3.346079711914062500e+02
6.174613037109375000e+02
4.379124755859375000e+02
7.279575805664062500e+02
4.677720031738281250e+02
3.643569641113281250e+02
6.480735473632812500e+02
3.165689392089843750e+02
3.732437744140625000e+02
5.682901000976562500e+02
2.703577880859375000e+02
5.345054321289062500e+02
4.992229309082031250e+02
1.384843902587890625e+02
4.053210449218750000e+02
6.773255004882812500e+02
3.988345642089843750e+02
2.947261657714843750e+02
4.796839904785156250e+02
2.175110931396484375e+02
7.870847167968750000e+02
4.550828552246093750e+02
4.916538391113281250e+02
5.229564819335937500e+02
5.958602294921875000e+02
6.802465820312500000e+02
7.929479980468750000e+02
6.305133056640625000e+02
5.559812011718750000e+02
4.278736267089843750e+02
1.634934692382812500e+02
4.657423706054687500e+02
8.654239501953125000e+02
3.634692077636718750e+02
3.416851806640625000e+02
3.519669494628906250e+02
3.568851928710937500e+02
5.300701904296875000e+02
4.149635314941406250e+02
3.070135192871093750e+02
3.937824707031250000e+02
3.906223449707031250e+02
2.087482757568359375e+02
2.375713653564453125e+02
4.920341186523437500e+02
5.704890747070312500e+02
2.995706176757812500e+02
3.743146667480468750e+02
4.959741210937500000e+02
7.109767456054687500e+02
2.589097290039062500e+02
6.464241943359375000e+02
3.438605651855468750e+02
3.290322570800781250e+02
5.360071411132812500e+02
3.357695007324218750e+02
3.675180358886718750e+02
6.536318359375000000e+02
4.484830627441406250e+02
7.068691406250000000e+02
4.000245971679687500e+02
7.256884155273437500e+02
2.909376525878906250e+02
4.428321533203125000e+02
4.649952087402343750e+02
1.729015045166015625e+02
3.963023986816406250e+02
3.328464965820312500e+02
1.377483978271484375e+02
2.521270294189453125e+02
6.320469360351562500e+02
7.084771118164062500e+02
6.400899047851562500e+02
4.350118713378906250e+02
1.520759735107421875e+02
5.771635131835937500e+02
5.924696044921875000e+02
5.857874755859375000e+02
5.097620239257812500e+02
1.838075256347656250e+02
5.418085327148437500e+02
6.631310424804687500e+02
1.254831054687500000e+03
4.606732788085937500e+02
2.764647216796875000e+02
7.333943481445312500e+02
3.608266601562500000e+02
2.124135437011718750e+02
3.965271911621093750e+02
7.604171752929687500e+02
2.773551635742187500e+02
3.695679626464843750e+02
6.752020874023437500e+02
5.343789672851562500e+02
8.886857299804687500e+02
4.356516418457031250e+02
1.005884643554687500e+03
5.909625854492187500e+02
4.580985412597656250e+02
3.953777770996093750e+02
4.859377746582031250e+02
6.664716796875000000e+02
2.152026672363281250e+02
3.601471252441406250e+02
2.634913024902343750e+02
5.524533081054687500e+02
9.230847167968750000e+02
1.449100952148437500e+02
1.118585510253906250e+02
4.937010192871093750e+02
6.290047607421875000e+02
1.177126464843750000e+03
4.416500244140625000e+02
5.519820556640625000e+02
2.983295593261718750e+02
7.260492553710937500e+02
3.851711730957031250e+02
5.461177978515625000e+02
5.205331420898437500e+02
3.419434814453125000e+02
4.802593383789062500e+02
5.261450195312500000e+02
3.181785278320312500e+02
4.358841857910156250e+02
4.801176452636718750e+02
3.403442077636718750e+02
2.810144348144531250e+02
2.478946228027343750e+02
3.589849853515625000e+02
3.726299438476562500e+02
6.582932739257812500e+02
4.683727416992187500e+02
1.747351379394531250e+02
6.262504272460937500e+02
2.943942260742187500e+02
3.288885803222656250e+02
5.692073974609375000e+02
3.880997619628906250e+02
5.096423034667968750e+02
5.360402832031250000e+02
3.434116821289062500e+02
4.777211914062500000e+02
3.149535217285156250e+02
1.517395782470703125e+02
1.578135223388671875e+02
6.011147460937500000e+02
2.650149536132812500e+02
3.153169250488281250e+02
1.873104095458984375e+02
6.180283813476562500e+02
6.239227294921875000e+02
8.161118164062500000e+02
6.841663208007812500e+02
4.244075927734375000e+02
4.252512817382812500e+02
3.332502441406250000e+02
5.685538940429687500e+02
4.142997131347656250e+02
4.898662719726562500e+02
5.090848083496093750e+02
3.173652343750000000e+02
4.149196777343750000e+02
4.413439941406250000e+02
8.703911743164062500e+02
2.405183715820312500e+02
6.028604736328125000e+02
4.319627685546875000e+02
4.912959899902343750e+02
4.036267395019531250e+02
2.600361328125000000e+02
5.717777709960937500e+02
3.088724365234375000e+02
3.079821777343750000e+02
4.027687988281250000e+02
3.414526062011718750e+02
4.077743225097656250e+02
4.383407592773437500e+02
8.804132690429687500e+02
9.964237976074218750e+01
1.185845031738281250e+02
4.847355957031250000e+02
8.441426086425781250e+01
4.804086608886718750e+02
5.663627319335937500e+02
1.826498260498046875e+02
5.556656494140625000e+02
4.330394287109375000e+02
3.997892761230468750e+02
2.583411560058593750e+02
3.995778198242187500e+02
3.945154418945312500e+02
5.841311035156250000e+02
1.465249023437500000e+02
3.392837524414062500e+02
3.849786987304687500e+02
2.862110290527343750e+02
2.685509643554687500e+02
7.078995361328125000e+02
1.778379821777343750e+02
5.986746826171875000e+02
5.722664794921875000e+02
4.568159484863281250e+02
4.864103393554687500e+02
6.559291992187500000e+02
3.220835571289062500e+02
3.848487243652343750e+02
6.661344604492187500e+02
6.451432495117187500e+02
5.465776367187500000e+02
6.658388061523437500e+02
5.741383666992187500e+02
3.830062866210937500e+02
2.032768707275390625e+02
4.951413269042968750e+02
3.571485595703125000e+02
5.477838134765625000e+02
1.755196838378906250e+02
2.910644531250000000e+02
1.854208984375000000e+02
4.865739746093750000e+02
2.116730346679687500e+02
1.119130981445312500e+03
1.386034088134765625e+02
3.421328735351562500e+02
4.582549133300781250e+02
4.278455200195312500e+02
3.420791015625000000e+02
6.197293701171875000e+02
6.490588378906250000e+02
6.564681396484375000e+02
3.365375976562500000e+02
2.192415618896484375e+02
7.652895507812500000e+02
1.877024078369140625e+02
2.586112060546875000e+02
4.184052429199218750e+02
2.935726623535156250e+02
5.991022949218750000e+02
5.210895385742187500e+02
6.063598022460937500e+02
8.448941650390625000e+02
5.501373291015625000e+02
5.337411499023437500e+02
4.678919067382812500e+02
8.122963867187500000e+02
3.488823547363281250e+02
4.585640563964843750e+02
1.149732299804687500e+03
4.103783264160156250e+02
7.218034057617187500e+02
2.055109405517578125e+02
1.903483276367187500e+02
2.819461059570312500e+02
3.047544860839843750e+02
2.085119476318359375e+02
4.062208862304687500e+02
5.245167236328125000e+02
1.698181457519531250e+02
3.715992126464843750e+02
4.748314208984375000e+02
4.090439453125000000e+02
1.926981048583984375e+02
3.872190856933593750e+02
2.524148864746093750e+02
2.726106262207031250e+02
1.634853363037109375e+02
9.425165557861328125e+01
6.690145263671875000e+02
5.584555664062500000e+02
2.205625457763671875e+02
6.743492431640625000e+02
1.749704589843750000e+02
2.235063476562500000e+02
8.274442749023437500e+02
2.313284912109375000e+02
5.690203857421875000e+02
2.163179473876953125e+02
2.466800689697265625e+02
3.882661437988281250e+02
5.337498168945312500e+02
4.410646667480468750e+02
4.516729431152343750e+02
3.759883728027343750e+02
1.082810668945312500e+03
7.061743774414062500e+02
3.190011901855468750e+02
8.006957397460937500e+02
5.936135253906250000e+02
5.046953125000000000e+02
2.428684387207031250e+02
4.520482482910156250e+02
3.785733032226562500e+02
3.422324218750000000e+02
8.163092041015625000e+02
5.971466064453125000e+02
4.389144897460937500e+02
3.061430053710937500e+02
3.854873046875000000e+02
4.137639770507812500e+02
4.842242431640625000e+02
6.202103881835937500e+02
3.917280578613281250e+02
5.192861938476562500e+02
4.220022277832031250e+02
2.553464660644531250e+02
4.176237792968750000e+02
5.395663452148437500e+02
2.072815856933593750e+02
6.217847900390625000e+02
8.240355682373046875e+01
1.054899368286132812e+02
3.723734130859375000e+02
5.887005615234375000e+02
5.516967163085937500e+02
2.529826660156250000e+02
1.117871826171875000e+03
2.356220855712890625e+02
1.081608886718750000e+03
5.409420166015625000e+02
3.313708190917968750e+02
4.568071899414062500e+02
2.990859375000000000e+02
2.651015319824218750e+02
5.233822021484375000e+02
2.814502563476562500e+02
2.145796203613281250e+02
4.919954528808593750e+02
7.663317871093750000e+02
2.266952056884765625e+02
6.533270874023437500e+02
6.642882080078125000e+02
2.792694702148437500e+02
9.097222290039062500e+02
4.112159118652343750e+02
6.385349121093750000e+02
1.473284912109375000e+02
1.552629394531250000e+02
1.247726211547851562e+02
2.644440612792968750e+02
4.074472045898437500e+02
7.546246337890625000e+02
2.628923950195312500e+02
3.846272277832031250e+02
5.438792114257812500e+02
8.807025146484375000e+02
2.359461364746093750e+02
2.539714355468750000e+02
2.822068786621093750e+02
2.844703674316406250e+02
1.090355834960937500e+02
1.093105468750000000e+03
2.537866058349609375e+02
2.138303375244140625e+02
4.567185058593750000e+02
2.879898986816406250e+02
2.738182983398437500e+02
2.572296142578125000e+02
7.375692749023437500e+02
9.904573974609375000e+02
4.267660522460937500e+02
1.816071014404296875e+02
4.056288146972656250e+02
5.205527954101562500e+02
7.230702514648437500e+02
2.544122924804687500e+02
3.321393737792968750e+02
3.162050781250000000e+02
4.514751892089843750e+02
2.255641937255859375e+02
4.315426635742187500e+02
2.380278320312500000e+02
7.275042724609375000e+02
2.705506286621093750e+02
4.811130981445312500e+02
5.222765502929687500e+02
5.598925170898437500e+02
2.552693634033203125e+02
4.688693542480468750e+02
5.027118225097656250e+02
8.044771728515625000e+02
3.005679931640625000e+02
4.972477111816406250e+02
7.322463989257812500e+02
5.469690551757812500e+02
4.334415893554687500e+02
2.621610107421875000e+02
4.065203857421875000e+02
6.252893676757812500e+02
2.386584472656250000e+02
6.860796508789062500e+02
4.137391357421875000e+02
4.693296813964843750e+02
2.232218780517578125e+02
6.500863647460937500e+02
3.496168212890625000e+02
2.130724334716796875e+02
4.495352172851562500e+02
3.452519836425781250e+02
3.226871032714843750e+02
4.233459472656250000e+02
2.806528625488281250e+02
5.406840209960937500e+02
3.922887573242187500e+02
4.479532165527343750e+02
4.327256164550781250e+02
5.999597549438476562e+01
4.753655395507812500e+02
4.802118225097656250e+02
4.172608337402343750e+02
4.440098571777343750e+02
3.346600341796875000e+02
4.112727050781250000e+02
3.613972167968750000e+02
7.648167114257812500e+02
2.456923980712890625e+02
7.156812133789062500e+02
4.071004028320312500e+02
2.535505371093750000e+02
4.889816284179687500e+02
1.830245971679687500e+02
3.739278869628906250e+02
5.387128906250000000e+02
2.857497253417968750e+02
5.489739379882812500e+02
1.956339721679687500e+02
2.639615173339843750e+02
8.034881591796875000e+02
4.476449584960937500e+02
2.050213470458984375e+02
4.229580383300781250e+02
1.294563446044921875e+02
1.978525848388671875e+02
6.165625610351562500e+02
4.736871032714843750e+02
2.458010253906250000e+02
4.025674743652343750e+02
2.339824981689453125e+02
3.933059692382812500e+02
2.840084533691406250e+02
6.403035278320312500e+02
4.542070007324218750e+02
1.059355224609375000e+03
1.683587493896484375e+02
2.115621795654296875e+02
5.051711120605468750e+02
4.084146118164062500e+02
1.329084777832031250e+02
1.531091766357421875e+02
4.062871704101562500e+02
7.276259765625000000e+02
6.381424560546875000e+02
5.471213378906250000e+02
3.598623962402343750e+02
4.190937500000000000e+02
2.017486877441406250e+02
4.242137145996093750e+02
5.301383056640625000e+02
3.039582824707031250e+02
3.771997070312500000e+02
7.558459472656250000e+02
2.718658447265625000e+02
3.817355041503906250e+02
3.802808532714843750e+02
3.154933776855468750e+02
4.235694274902343750e+02
5.185636596679687500e+02
4.890173034667968750e+02
3.765790405273437500e+02
1.845069732666015625e+02
4.062977294921875000e+02
4.946881103515625000e+02
7.735996093750000000e+02
3.567415161132812500e+02
6.189312744140625000e+02
4.722175598144531250e+02
5.651821289062500000e+02
3.553254699707031250e+02
5.013155517578125000e+02
6.042463989257812500e+02
5.136428222656250000e+02
3.435076599121093750e+02
3.941826477050781250e+02
7.603113403320312500e+02
9.241804199218750000e+02
6.108528442382812500e+02
1.802130126953125000e+02
4.656316833496093750e+02
4.029916687011718750e+02
7.974868774414062500e+02
4.766504516601562500e+02
6.758545532226562500e+02
2.423528289794921875e+02
3.653100585937500000e+02
2.099997406005859375e+02
2.670611267089843750e+02
2.031708374023437500e+02
5.889839477539062500e+02
6.524403076171875000e+02
4.763916320800781250e+02
3.105234985351562500e+02
7.843428344726562500e+02
2.051320037841796875e+02
2.074670104980468750e+02
5.493565673828125000e+02
2.014027709960937500e+02
9.230028686523437500e+02
3.802169494628906250e+02
8.545396423339843750e+01
5.288079223632812500e+02
1.788292999267578125e+02
1.815949707031250000e+02
6.039822998046875000e+02
5.452805175781250000e+02
7.411318359375000000e+02
2.481623687744140625e+02
4.473301391601562500e+02
2.970549926757812500e+02
3.424765319824218750e+02
2.294239959716796875e+02
2.804677734375000000e+02
1.039964752197265625e+02
5.542088012695312500e+02
5.364910278320312500e+02
4.785552062988281250e+02
5.628947753906250000e+02
3.841704406738281250e+02
2.713658142089843750e+02
3.534504699707031250e+02
8.455424804687500000e+02
4.568706359863281250e+02
3.775749511718750000e+02
2.397498321533203125e+02
1.620058898925781250e+02
7.888427734375000000e+02
2.587598266601562500e+02
8.844500122070312500e+02
3.145888671875000000e+02
4.782178955078125000e+02
3.545423583984375000e+02
9.618433227539062500e+02
3.885137939453125000e+02
3.956323852539062500e+02
7.263858032226562500e+02
2.156967773437500000e+02
3.048762207031250000e+02
2.994679260253906250e+02
5.671166992187500000e+02
3.634142456054687500e+02
4.403167724609375000e+02
5.762166137695312500e+02
5.057959594726562500e+02
9.127283325195312500e+02
2.701465454101562500e+02
2.070941009521484375e+02
2.651004943847656250e+02
3.700556945800781250e+02
3.180526428222656250e+02
2.085619659423828125e+02
3.330271301269531250e+02
5.193914184570312500e+02
6.136779785156250000e+02
2.259238433837890625e+02
3.635026550292968750e+02
3.581055908203125000e+02
4.449718017578125000e+02
2.536431274414062500e+02
4.693144226074218750e+02
9.279147949218750000e+02
2.873803710937500000e+02
4.306477355957031250e+02
1.507229156494140625e+02
8.792103881835937500e+02
5.409097900390625000e+02
3.538523254394531250e+02
2.393897552490234375e+02
5.306364135742187500e+02
4.264486389160156250e+02
2.656340637207031250e+02
4.543162841796875000e+02
4.154307861328125000e+02
2.123342895507812500e+02
2.564564514160156250e+02
7.120424804687500000e+02
4.983182067871093750e+02
6.067288818359375000e+02
6.201415405273437500e+02
7.590872192382812500e+02
5.260701293945312500e+02
1.797851562500000000e+02
4.809181823730468750e+02
8.557250976562500000e+02
3.760320739746093750e+02
4.220749206542968750e+02
8.439035034179687500e+02
4.108592224121093750e+02
5.150094604492187500e+02
4.747723083496093750e+02
7.807272949218750000e+02
7.349191894531250000e+02
6.784694824218750000e+02
4.585146179199218750e+02
1.679374542236328125e+02
1.550522766113281250e+02
5.987888793945312500e+02
9.506627807617187500e+02
7.294578247070312500e+02
2.845490112304687500e+02
2.314995117187500000e+02
3.154129028320312500e+02
3.292916259765625000e+02
6.922760620117187500e+02
2.719318237304687500e+02
2.396222686767578125e+02
4.199396972656250000e+02
3.601445007324218750e+02
5.402190551757812500e+02
1.618581237792968750e+02
4.818590393066406250e+02
5.952985229492187500e+02
3.139545288085937500e+02
2.518987731933593750e+02
2.074691925048828125e+02
2.388981475830078125e+02
5.968710937500000000e+02
4.749300231933593750e+02
1.079925155639648438e+02
8.266166381835937500e+02
7.362439575195312500e+02
6.108900756835937500e+02
7.417945556640625000e+02
3.449581604003906250e+02
5.097174072265625000e+02
3.930212402343750000e+02
4.777083435058593750e+02
3.564806518554687500e+02
2.433587036132812500e+02
2.285446777343750000e+02
6.075868530273437500e+02
6.058786010742187500e+02
2.795141296386718750e+02
4.317498779296875000e+02
6.589889526367187500e+02
7.526448364257812500e+02
3.358252563476562500e+02
5.272147827148437500e+02
1.522016448974609375e+02
3.450278015136718750e+02
3.876717529296875000e+02
4.214267578125000000e+02
3.940333557128906250e+02
9.598971557617187500e+02
4.335322875976562500e+02
2.255242462158203125e+02
3.075164794921875000e+02
2.579902038574218750e+02
4.822434997558593750e+02
3.852655029296875000e+02
1.371527557373046875e+02
2.791332092285156250e+02
3.113090209960937500e+02
5.105536804199218750e+02
2.852842712402343750e+02
5.739967041015625000e+02
3.535456237792968750e+02
1.380131958007812500e+03
1.559622344970703125e+02
6.237576904296875000e+02
9.159361572265625000e+02
8.592885742187500000e+02
7.604929809570312500e+02
5.275800781250000000e+02
4.588107604980468750e+02
2.838809204101562500e+02
2.038631744384765625e+02
2.724266967773437500e+02
9.224392089843750000e+02
6.038148193359375000e+02
3.637835083007812500e+02
3.371637573242187500e+02
1.021342712402343750e+03
2.146948547363281250e+02
4.848365783691406250e+02
3.564028930664062500e+02
1.939737548828125000e+02
1.071271728515625000e+03
5.990261840820312500e+02
3.414764099121093750e+02
2.371204071044921875e+02
4.531446533203125000e+02
3.345851898193359375e+01
3.963076171875000000e+02
6.557971801757812500e+02
3.859739379882812500e+02
7.027521972656250000e+02
4.674972839355468750e+02
6.062697753906250000e+02
4.406509704589843750e+02
6.351582641601562500e+02
3.206203002929687500e+02
4.067135314941406250e+02
1.005447265625000000e+03
4.561497192382812500e+02
9.326676177978515625e+01
4.177637329101562500e+02
2.749472656250000000e+02
1.062243774414062500e+03
2.498325500488281250e+02
3.872573852539062500e+02
1.646900787353515625e+02
3.809309387207031250e+02
2.335940246582031250e+02
2.828843078613281250e+02
1.843464202880859375e+02
5.093779602050781250e+02
5.333911132812500000e+02
6.114886474609375000e+02
7.248244628906250000e+02
4.834844055175781250e+02
3.408981628417968750e+02
5.014191284179687500e+02
4.369630126953125000e+02
5.340880737304687500e+02
3.807147827148437500e+02
2.013419189453125000e+02
1.942259826660156250e+02
1.522844238281250000e+02
5.390012207031250000e+02
1.120783203125000000e+03
3.945572204589843750e+02
5.802374877929687500e+02
5.457465820312500000e+02
3.182875976562500000e+02
2.439727630615234375e+02
4.481168518066406250e+02
6.959934692382812500e+02
4.068814392089843750e+02
7.257890014648437500e+02
3.746062011718750000e+02
5.823280639648437500e+02
2.359290924072265625e+02
5.331334838867187500e+02
4.522340698242187500e+02
2.667022094726562500e+02
4.718091735839843750e+02
6.107449340820312500e+02
4.723147583007812500e+02
4.417785644531250000e+02
3.682471923828125000e+02
5.249135742187500000e+02
7.095445251464843750e+01
5.222384643554687500e+02
4.850108032226562500e+02
5.033102111816406250e+02
7.124531860351562500e+02
4.945946960449218750e+02
3.463926391601562500e+02
8.574269409179687500e+02
4.448434143066406250e+02
5.372890014648437500e+02
7.511573486328125000e+02
6.470759277343750000e+02
9.872960662841796875e+01
3.895515441894531250e+02
2.172528076171875000e+02
1.358303375244140625e+02
4.278126831054687500e+02
4.015216674804687500e+02
2.973280944824218750e+02
3.870444946289062500e+02
1.966908721923828125e+02
8.360502929687500000e+02
5.953090209960937500e+02
8.111812133789062500e+02
2.829167785644531250e+02
1.885888366699218750e+02
6.452166748046875000e+02
1.152573471069335938e+02
2.832734680175781250e+02
5.043580932617187500e+02
4.133937988281250000e+02
4.391146850585937500e+02
6.287328491210937500e+02
3.605230407714843750e+02
6.391074218750000000e+02
6.848722534179687500e+02
8.219581909179687500e+02
3.078043212890625000e+02
2.623403625488281250e+02
1.473464813232421875e+02
2.584422302246093750e+02
8.588222045898437500e+02
4.751346435546875000e+02
7.856632690429687500e+02
1.390090789794921875e+02
4.653233947753906250e+02
2.254925689697265625e+02
3.039189147949218750e+02
1.669368286132812500e+02
2.196581573486328125e+02
5.402987060546875000e+02
3.918801574707031250e+02
5.761905517578125000e+02
2.776300659179687500e+02
2.542408599853515625e+02
1.741047363281250000e+02
5.455534057617187500e+02
5.644269409179687500e+02
6.636126098632812500e+02
6.362387695312500000e+02
6.227950439453125000e+02
2.898872070312500000e+02
4.784481811523437500e+02
2.104037170410156250e+02
4.737911682128906250e+02
3.087983093261718750e+02
3.456060791015625000e+02
4.443339843750000000e+02
1.454706268310546875e+02
2.937598571777343750e+02
1.069822753906250000e+03
3.305903320312500000e+02
2.051727752685546875e+02
1.919885101318359375e+02
1.797983398437500000e+02
7.321676025390625000e+02
4.514509887695312500e+02
4.564181213378906250e+02
3.456595153808593750e+02
1.798554382324218750e+02
6.856503295898437500e+02
3.310925292968750000e+02
3.342021789550781250e+02
5.468616333007812500e+02
5.310047607421875000e+02
3.219020385742187500e+02
4.687655944824218750e+02
4.665483398437500000e+02
1.983170623779296875e+02
3.426744079589843750e+02
2.688098144531250000e+02
3.995626525878906250e+02
5.724842529296875000e+02
5.118648986816406250e+02
5.935016479492187500e+02
1.006028213500976562e+02
5.948575439453125000e+02
6.656292724609375000e+02
6.293737792968750000e+02
4.365173034667968750e+02
2.482945709228515625e+02
3.337002258300781250e+02
3.211725463867187500e+02
1.497411499023437500e+02
3.677031250000000000e+02
6.879216918945312500e+02
5.723029174804687500e+02
6.730647583007812500e+02
1.644618988037109375e+02
5.997462768554687500e+02
5.651048583984375000e+02
8.288366699218750000e+02
1.961562347412109375e+02
3.655942993164062500e+02
3.130171508789062500e+02
2.243151397705078125e+02
2.543419952392578125e+02
2.943361206054687500e+02
5.784283447265625000e+02
4.171432189941406250e+02
4.618280639648437500e+02
7.319597167968750000e+02
4.551819763183593750e+02
2.896765136718750000e+02
8.008897094726562500e+02
6.825802001953125000e+02
4.491282958984375000e+02
5.448149414062500000e+02
5.275775756835937500e+02
3.882312316894531250e+02
2.420671997070312500e+02
4.139092102050781250e+02
2.286327972412109375e+02
5.128939208984375000e+02
2.261678009033203125e+02
6.021715698242187500e+02
8.967321014404296875e+01
7.657346191406250000e+02
5.868034057617187500e+02
5.797964477539062500e+02
2.921853637695312500e+02
6.134058837890625000e+02
5.286607055664062500e+02
5.640253906250000000e+02
9.734385986328125000e+02
8.583876342773437500e+02
5.421313476562500000e+02
1.139612182617187500e+03
3.206426391601562500e+02
3.575205078125000000e+02
3.721972351074218750e+02
8.570090942382812500e+02
2.608132019042968750e+02
1.450419769287109375e+02
3.099340515136718750e+02
4.397051696777343750e+02
3.815471496582031250e+02
9.773561401367187500e+02
9.233212280273437500e+02
3.344032592773437500e+02
5.037756042480468750e+02
3.977905883789062500e+02
3.610078125000000000e+02
5.854225463867187500e+02
5.820087280273437500e+02
2.996321716308593750e+02
2.409265899658203125e+02
4.388225402832031250e+02
8.242168579101562500e+02
4.738767395019531250e+02
4.977746276855468750e+02
7.233922729492187500e+02
2.807954101562500000e+02
5.411387329101562500e+02
5.676046142578125000e+02
3.918604125976562500e+02
4.623652954101562500e+02
6.958566894531250000e+02
6.076400756835937500e+02
1.291297760009765625e+02
7.817013549804687500e+02
5.637870483398437500e+02
5.396396484375000000e+02
1.922528076171875000e+02
2.504736785888671875e+02
6.749083251953125000e+02
2.581808776855468750e+02
1.539019927978515625e+02
2.812051086425781250e+02
3.519655151367187500e+02
3.214798278808593750e+02
3.520537109375000000e+02
3.573246459960937500e+02
8.881665039062500000e+02
7.467442016601562500e+02
2.054880523681640625e+02
2.926579284667968750e+02
2.276017608642578125e+02
7.031380004882812500e+02
3.279179077148437500e+02
5.089392395019531250e+02
3.381100769042968750e+02
8.204618530273437500e+02
2.659754028320312500e+02
1.749404449462890625e+02
3.141203002929687500e+02
2.080121154785156250e+02
1.153635009765625000e+03
2.602611694335937500e+02
4.420976562500000000e+02
7.685374755859375000e+02
1.601710205078125000e+02
2.021468505859375000e+02
2.819013671875000000e+02
1.895145568847656250e+02
2.541602783203125000e+02
4.842279357910156250e+02
1.046616333007812500e+03
4.678839111328125000e+02
3.813785095214843750e+02
2.966070861816406250e+02
8.624871826171875000e+02
5.717302246093750000e+02
4.328131713867187500e+02
7.635028076171875000e+02
4.447955627441406250e+02
4.621879577636718750e+02
4.621650085449218750e+02
3.821193542480468750e+02
2.535456085205078125e+02
1.104680664062500000e+03
5.055289611816406250e+02
8.474322509765625000e+02
4.805741882324218750e+02
5.645026855468750000e+02
3.182407531738281250e+02
5.406436767578125000e+02
3.770787963867187500e+02
5.360582885742187500e+02
3.067761840820312500e+02
5.107228088378906250e+02
7.262619018554687500e+02
3.142974853515625000e+02
5.021480712890625000e+02
2.065774536132812500e+02
4.273573913574218750e+02
6.228751831054687500e+02
3.555296630859375000e+02
8.274799194335937500e+02
3.348129272460937500e+02
3.242040710449218750e+02
4.276755065917968750e+02
3.538711547851562500e+02
5.610454101562500000e+02
5.206355590820312500e+02
4.323088989257812500e+02
7.859356079101562500e+02
2.841957702636718750e+02
6.868533325195312500e+02
6.251454544067382812e+01
4.134693908691406250e+02
5.621952514648437500e+02
5.345693969726562500e+02
4.402930908203125000e+02
3.114226074218750000e+02
6.877028198242187500e+02
4.235448913574218750e+02
7.378869018554687500e+02
4.711166992187500000e+02
2.153602752685546875e+02
2.338201141357421875e+02
4.030852661132812500e+02
3.254110412597656250e+02
3.971838378906250000e+02
6.462945556640625000e+02
3.451905822753906250e+02
4.450549316406250000e+02
7.534807128906250000e+02
4.813637084960937500e+02
1.814761047363281250e+02
3.599632873535156250e+02
5.357173461914062500e+02
2.540257415771484375e+02
5.097169494628906250e+02
2.417166290283203125e+02
2.738852844238281250e+02
2.072259826660156250e+02
2.868740234375000000e+02
3.238149414062500000e+02
6.738541259765625000e+02
1.578823852539062500e+02
4.149201660156250000e+02
7.091741943359375000e+02
3.283554687500000000e+02
3.944633178710937500e+02
2.505772094726562500e+02
3.824898376464843750e+02
2.934249877929687500e+02
5.047467956542968750e+02
6.933673706054687500e+02
2.407412414550781250e+02
3.645227966308593750e+02
5.351981811523437500e+02
4.224073791503906250e+02
1.987463378906250000e+02
6.221087646484375000e+02
3.176399536132812500e+02
1.677246246337890625e+02
4.123850097656250000e+02
6.809208374023437500e+02
3.037395935058593750e+02
2.799703369140625000e+02
3.007478332519531250e+02
1.308039062500000000e+03
5.539941406250000000e+02
2.229923553466796875e+02
5.328927612304687500e+02
4.880659484863281250e+02
1.076705932617187500e+02
8.656996154785156250e+01
7.214422607421875000e+02
4.849430847167968750e+02
4.327728271484375000e+02
3.909054870605468750e+02
2.783842468261718750e+02
6.730239868164062500e+02
2.292345886230468750e+02
5.377480468750000000e+02
4.583557128906250000e+02
4.515319213867187500e+02
3.260950012207031250e+02
3.598847961425781250e+02
4.584935913085937500e+02
2.968860473632812500e+02
9.744926147460937500e+02
4.382769165039062500e+02
3.910348815917968750e+02
2.882465820312500000e+02
5.011209411621093750e+02
3.882525634765625000e+02
3.444203491210937500e+02
4.394506225585937500e+02
3.890871582031250000e+02
1.180416107177734375e+02
5.527721557617187500e+02
9.059701538085937500e+02
7.915110473632812500e+02
3.276722412109375000e+02
3.973980102539062500e+02
6.373168945312500000e+02
1.086267333984375000e+03
4.256135864257812500e+02
4.417848205566406250e+02
1.278649368286132812e+02
5.475792846679687500e+02
4.917086791992187500e+02
2.417442169189453125e+02
2.133654022216796875e+02
6.557913818359375000e+02
2.575889587402343750e+02
5.208952026367187500e+02
1.967652893066406250e+02
4.915219116210937500e+02
9.213143920898437500e+02
6.491694946289062500e+02
4.315387268066406250e+02
3.818891296386718750e+02
1.296364593505859375e+02
2.965798950195312500e+02
5.816928710937500000e+02
4.755441894531250000e+02
5.482994995117187500e+02
5.935249023437500000e+02
5.746670532226562500e+02
2.705793762207031250e+02
4.359491577148437500e+02
2.588504028320312500e+02
5.289248046875000000e+02
2.174222106933593750e+02
1.331138305664062500e+02
4.931604309082031250e+02
3.974020996093750000e+02
5.165204467773437500e+02
6.258382568359375000e+02
7.179571533203125000e+02
3.365122375488281250e+02
5.563967285156250000e+02
6.360009765625000000e+02
3.368803100585937500e+02
3.551979064941406250e+02
3.980001831054687500e+02
4.032356872558593750e+02
3.657576904296875000e+02
5.702954711914062500e+02
2.600140686035156250e+02
3.819593505859375000e+02
9.094024047851562500e+02
6.389783935546875000e+02
4.289752197265625000e+02
2.084621734619140625e+02
2.989114990234375000e+02
3.852363281250000000e+02
9.641775512695312500e+02
4.125126953125000000e+02
4.295133056640625000e+02
3.756359252929687500e+02
