5.097309570312500000e+02
3.629473876953125000e+02
3.037156066894531250e+02
5.783826293945312500e+02
3.086958618164062500e+02
2.776223449707031250e+02
1.208888320922851562e+02
5.131124267578125000e+02
6.607955932617187500e+02
5.333706665039062500e+02
1.171065902709960938e+02
1.978545989990234375e+02
2.351407928466796875e+02
4.548139038085937500e+02
3.062274780273437500e+02
4.565972290039062500e+02
5.120877685546875000e+02
4.100173034667968750e+02
5.316412963867187500e+02
4.772349548339843750e+02
4.442633056640625000e+02
6.516748046875000000e+02
5.001235046386718750e+02
4.083749084472656250e+02
1.809849548339843750e+02
4.995498657226562500e+02
5.721353149414062500e+02
3.415718383789062500e+02
2.241524200439453125e+02
9.032084655761718750e+01
2.103728790283203125e+02
5.125797729492187500e+02
2.025229949951171875e+02
7.617071533203125000e+02
5.144438476562500000e+02
5.305212402343750000e+02
1.093663940429687500e+03
8.412543334960937500e+02
2.324957275390625000e+02
4.452832641601562500e+02
2.902856750488281250e+02
5.276088256835937500e+02
4.350588073730468750e+02
2.436518096923828125e+02
8.776284179687500000e+02
5.320664062500000000e+02
4.652753601074218750e+02
8.171559448242187500e+02
5.256439819335937500e+02
4.104293823242187500e+02
2.890847473144531250e+02
5.628921508789062500e+02
3.699128723144531250e+02
3.281412048339843750e+02
5.074248657226562500e+02
5.862075195312500000e+02
5.212323608398437500e+02
5.444092407226562500e+02
2.020342712402343750e+02
4.191014099121093750e+02
5.707349243164062500e+02
4.721683349609375000e+02
4.623678894042968750e+02
4.055570678710937500e+02
3.125031433105468750e+02
4.480936584472656250e+02
4.203578186035156250e+02
4.688546142578125000e+02
6.493886718750000000e+02
3.781938476562500000e+02
1.373837585449218750e+02
3.195053100585937500e+02
4.237463073730468750e+02
6.425424804687500000e+02
5.105024414062500000e+02
3.613817138671875000e+02
2.201576843261718750e+02
8.901032714843750000e+02
5.877030029296875000e+02
3.153359069824218750e+02
3.213634338378906250e+02
7.728700561523437500e+02
2.132984161376953125e+02
3.384595642089843750e+02
4.443088073730468750e+02
3.433093566894531250e+02
3.551986694335937500e+02
1.534087371826171875e+02
2.848832397460937500e+02
4.562434997558593750e+02
4.566286315917968750e+02
4.395095825195312500e+02
3.698548583984375000e+02
1.880642700195312500e+02
9.440624389648437500e+02
4.966920166015625000e+02
2.648773498535156250e+02
3.880212707519531250e+02
9.289323425292968750e+01
2.283607330322265625e+02
5.964829711914062500e+02
3.232258911132812500e+02
3.541430969238281250e+02
3.610068359375000000e+02
6.253067016601562500e+02
9.157727813720703125e+01
2.078445434570312500e+02
3.694924011230468750e+02
6.580785522460937500e+02
4.019727172851562500e+02
2.131172332763671875e+02
1.010803161621093750e+03
7.800895385742187500e+02
4.215507202148437500e+02
5.164188232421875000e+02
1.401276550292968750e+02
7.389237060546875000e+02
4.997399597167968750e+02
6.578235473632812500e+02
8.950553588867187500e+02
5.781773071289062500e+02
9.081469116210937500e+02
3.913379211425781250e+02
2.057557525634765625e+02
2.170303344726562500e+02
5.562332153320312500e+02
1.844532165527343750e+02
3.262669067382812500e+02
7.286573486328125000e+02
3.230846557617187500e+02
3.927799987792968750e+02
1.943170166015625000e+02
4.936463012695312500e+02
7.689382934570312500e+02
4.086343994140625000e+02
3.887164916992187500e+02
3.787843017578125000e+02
3.975089721679687500e+02
5.621913452148437500e+02
4.461946411132812500e+02
2.336504516601562500e+02
3.170405578613281250e+02
3.252939453125000000e+02
4.057684936523437500e+02
7.529466552734375000e+02
5.392994995117187500e+02
4.840148925781250000e+02
5.127829589843750000e+02
3.564481506347656250e+02
3.859132080078125000e+02
6.349300537109375000e+02
4.606479797363281250e+02
4.253871154785156250e+02
6.046994018554687500e+02
1.638066406250000000e+02
2.973247070312500000e+02
8.886323852539062500e+02
2.568370971679687500e+02
4.794566650390625000e+02
2.996105651855468750e+02
6.240198364257812500e+02
2.446407928466796875e+02
3.710994873046875000e+02
3.673120422363281250e+02
5.209219970703125000e+02
2.921832275390625000e+02
6.928713989257812500e+02
2.103555297851562500e+02
6.220973587036132812e+01
2.035477905273437500e+02
1.457068023681640625e+02
4.801745300292968750e+02
7.380640869140625000e+02
6.265694580078125000e+02
4.449039001464843750e+02
2.460633544921875000e+02
3.479382324218750000e+02
1.713701782226562500e+02
1.752352294921875000e+02
6.272109375000000000e+02
4.767178955078125000e+02
5.606591186523437500e+02
4.911899719238281250e+02
7.520745849609375000e+02
3.601915283203125000e+02
2.674512329101562500e+02
3.354788208007812500e+02
4.906927795410156250e+02
3.866203918457031250e+02
6.410964965820312500e+02
3.719908142089843750e+02
5.028116760253906250e+02
3.117864379882812500e+02
6.212525024414062500e+02
2.460553588867187500e+02
4.353875122070312500e+02
5.137486572265625000e+02
4.169070739746093750e+02
4.759472656250000000e+02
6.837602539062500000e+02
3.848311767578125000e+02
5.700708007812500000e+02
6.270374145507812500e+02
5.565913085937500000e+02
4.237796630859375000e+02
4.092791748046875000e+02
2.607983398437500000e+02
4.071345825195312500e+02
5.581104125976562500e+02
3.286491088867187500e+02
1.450710601806640625e+02
3.271673889160156250e+02
7.216903076171875000e+02
3.943157958984375000e+02
5.906494140625000000e+02
3.537974853515625000e+02
1.825516662597656250e+02
1.689982604980468750e+02
3.422226257324218750e+02
6.279025268554687500e+02
2.405948028564453125e+02
4.778532104492187500e+02
2.318002471923828125e+02
5.035904846191406250e+02
3.272196960449218750e+02
6.324031982421875000e+02
4.747944030761718750e+02
5.100894165039062500e+02
4.502791442871093750e+02
3.610073242187500000e+02
3.535845642089843750e+02
4.660412597656250000e+02
2.735759887695312500e+02
3.119108581542968750e+02
3.058325195312500000e+02
3.701714477539062500e+02
3.104241333007812500e+02
2.300109405517578125e+02
4.134688110351562500e+02
6.003319091796875000e+02
8.065879058837890625e+01
4.073017883300781250e+02
5.431896362304687500e+02
5.039763183593750000e+02
3.573481140136718750e+02
7.033645019531250000e+02
7.405510864257812500e+02
2.244608001708984375e+02
6.498489990234375000e+02
5.517186889648437500e+02
5.726274414062500000e+02
3.935153198242187500e+02
5.282027587890625000e+02
5.396477050781250000e+02
3.857709350585937500e+02
3.389773254394531250e+02
2.442333068847656250e+02
4.305338134765625000e+02
4.032901306152343750e+02
1.064662475585937500e+03
3.196654357910156250e+02
2.330909271240234375e+02
4.490084838867187500e+02
5.183627929687500000e+02
4.221983947753906250e+02
2.988246154785156250e+02
3.170196838378906250e+02
3.200883483886718750e+02
2.541264190673828125e+02
4.982494506835937500e+02
3.019378967285156250e+02
2.246286315917968750e+02
1.683478698730468750e+02
6.173829345703125000e+02
4.202619628906250000e+02
3.551195983886718750e+02
6.059337768554687500e+02
3.682757873535156250e+02
6.700202636718750000e+02
9.094797973632812500e+02
3.633361511230468750e+02
5.842780151367187500e+02
5.440455932617187500e+02
3.136085205078125000e+02
3.422037353515625000e+02
5.173569946289062500e+02
4.159503784179687500e+02
3.597990112304687500e+02
5.186702270507812500e+02
4.643622131347656250e+02
1.775233306884765625e+02
7.228024291992187500e+02
2.678212890625000000e+02
3.205826416015625000e+02
4.169657897949218750e+02
3.603334655761718750e+02
1.992640228271484375e+02
4.018158874511718750e+02
3.307465209960937500e+02
2.700117492675781250e+02
3.249503784179687500e+02
4.011628112792968750e+02
6.349617309570312500e+02
5.920974731445312500e+02
9.234500122070312500e+02
2.855275268554687500e+02
3.981905212402343750e+02
3.271310424804687500e+02
6.271259155273437500e+02
5.668452148437500000e+02
1.289901123046875000e+02
1.987925415039062500e+02
2.499760589599609375e+02
4.106130981445312500e+02
9.040520629882812500e+02
1.731646423339843750e+02
3.842524108886718750e+02
3.443063354492187500e+02
3.515424194335937500e+02
1.775383300781250000e+02
2.528520050048828125e+02
9.698264312744140625e+01
3.332278137207031250e+02
4.759947814941406250e+02
3.743130493164062500e+02
8.958202514648437500e+02
6.550507202148437500e+02
3.898982849121093750e+02
2.382048339843750000e+02
3.036652832031250000e+02
7.383192138671875000e+02
6.760069580078125000e+02
6.658093261718750000e+02
3.507581176757812500e+02
5.677177734375000000e+02
4.816874694824218750e+02
2.316670074462890625e+02
3.824544067382812500e+02
3.665743103027343750e+02
7.547963867187500000e+02
4.809860839843750000e+02
4.957583312988281250e+02
2.918667297363281250e+02
4.499060974121093750e+02
3.972313232421875000e+02
5.806808471679687500e+02
4.710805358886718750e+02
3.579288024902343750e+02
4.545749511718750000e+02
5.748948364257812500e+02
3.565223388671875000e+02
8.476090698242187500e+02
3.343484191894531250e+02
2.140882415771484375e+02
3.205392761230468750e+02
2.105373687744140625e+02
7.752850952148437500e+02
3.806245727539062500e+02
9.595296020507812500e+02
7.133889770507812500e+01
5.677291870117187500e+02
5.905610351562500000e+02
4.915950317382812500e+02
4.628011474609375000e+02
2.643124084472656250e+02
6.077893676757812500e+02
3.849692077636718750e+02
5.253167724609375000e+02
4.493369445800781250e+02
7.356887207031250000e+02
2.529934692382812500e+02
4.779569091796875000e+02
1.175758209228515625e+02
3.280793151855468750e+02
4.414145812988281250e+02
4.509473571777343750e+02
4.701094360351562500e+02
1.791466827392578125e+02
2.419050750732421875e+02
4.536395568847656250e+02
2.260886230468750000e+02
2.908215026855468750e+02
4.407705993652343750e+02
8.848381805419921875e+01
2.736770324707031250e+02
1.821061096191406250e+02
3.344609069824218750e+02
4.388737792968750000e+02
3.721276245117187500e+02
2.867057495117187500e+02
2.857893066406250000e+02
7.151572265625000000e+02
6.210082397460937500e+02
2.751257019042968750e+02
1.860903015136718750e+02
2.851242675781250000e+02
3.465507507324218750e+02
3.489849243164062500e+02
6.730321044921875000e+02
4.772443237304687500e+02
2.989061584472656250e+02
1.589474182128906250e+02
6.087379150390625000e+02
5.057487182617187500e+02
8.316239013671875000e+02
3.402076416015625000e+02
6.842087402343750000e+02
3.467943725585937500e+02
3.424937438964843750e+02
5.151077270507812500e+02
1.949032592773437500e+02
3.800446166992187500e+02
5.490972900390625000e+02
3.776236572265625000e+02
7.187921752929687500e+02
5.603022460937500000e+02
5.447002563476562500e+02
1.119371948242187500e+02
5.470767211914062500e+02
4.571478576660156250e+02
1.727489318847656250e+02
3.162230224609375000e+02
3.688439331054687500e+02
2.193719940185546875e+02
7.499765625000000000e+02
4.839173278808593750e+02
4.254218444824218750e+02
7.843080444335937500e+02
3.542937927246093750e+02
3.851453552246093750e+02
4.525739135742187500e+02
3.304204711914062500e+02
2.296675720214843750e+02
6.066624755859375000e+02
1.772949676513671875e+02
7.239352416992187500e+02
4.596203918457031250e+02
5.827227783203125000e+02
5.828165893554687500e+02
5.885046997070312500e+02
6.739332885742187500e+02
4.000795898437500000e+02
2.530994567871093750e+02
2.574415893554687500e+02
3.925072631835937500e+02
6.054606933593750000e+02
2.691082458496093750e+02
8.592716217041015625e+01
4.244140930175781250e+02
1.156849975585937500e+02
2.766295776367187500e+02
4.236771545410156250e+02
5.548951416015625000e+02
8.462052917480468750e+01
2.678419494628906250e+02
2.688249816894531250e+02
4.431700744628906250e+02
1.790134277343750000e+02
2.351159515380859375e+02
1.012721496582031250e+03
4.926292114257812500e+02
3.336691589355468750e+02
7.044177246093750000e+02
3.117243347167968750e+02
2.943955688476562500e+02
4.125143127441406250e+02
2.094806365966796875e+02
2.558227081298828125e+02
2.185921783447265625e+02
4.251594238281250000e+02
7.031552734375000000e+02
4.806783142089843750e+02
5.316975708007812500e+02
6.528681640625000000e+02
4.223472290039062500e+02
3.808065795898437500e+02
4.888029174804687500e+02
5.430296630859375000e+02
4.492965393066406250e+02
3.219921264648437500e+02
9.088721466064453125e+01
4.463759765625000000e+02
8.167618408203125000e+02
6.204120483398437500e+02
4.581503906250000000e+02
2.943688964843750000e+02
2.890897216796875000e+02
1.343010253906250000e+02
2.263341369628906250e+02
2.441728057861328125e+02
2.651052856445312500e+02
4.851753540039062500e+02
5.276058349609375000e+02
3.318839111328125000e+02
5.346215209960937500e+02
3.895437316894531250e+02
1.889569091796875000e+02
1.850262603759765625e+02
3.443163757324218750e+02
4.260287780761718750e+02
3.401232910156250000e+02
1.580274200439453125e+02
6.646505126953125000e+02
1.930644989013671875e+02
1.398522644042968750e+02
2.825229492187500000e+02
4.728768310546875000e+02
6.631362915039062500e+01
5.893782348632812500e+02
4.422616577148437500e+02
4.270437011718750000e+02
3.731817016601562500e+02
4.986070251464843750e+02
5.730661621093750000e+02
1.258575073242187500e+03
5.711640625000000000e+02
3.325918884277343750e+02
3.328569946289062500e+02
4.739760742187500000e+02
1.107364807128906250e+02
1.568479309082031250e+02
1.586287841796875000e+02
5.310200195312500000e+02
4.546127014160156250e+02
5.481124267578125000e+02
2.792869262695312500e+02
5.940375976562500000e+02
5.368403930664062500e+02
3.067063598632812500e+02
3.967123413085937500e+02
4.231616821289062500e+02
4.158350524902343750e+02
6.432001342773437500e+02
3.958567810058593750e+02
3.395976867675781250e+02
5.201102294921875000e+02
5.398240356445312500e+02
5.149613647460937500e+02
7.843539428710937500e+01
4.752341918945312500e+02
1.760554962158203125e+02
2.465488281250000000e+02
6.064974975585937500e+02
2.199176788330078125e+02
4.893323669433593750e+02
5.099920043945312500e+02
6.466360473632812500e+02
4.255623779296875000e+02
3.411649780273437500e+02
3.311546325683593750e+02
3.250509033203125000e+02
8.558168334960937500e+02
4.493741455078125000e+02
3.877940063476562500e+02
3.479227905273437500e+02
3.902947692871093750e+02
1.789104003906250000e+02
3.512430114746093750e+02
7.978647460937500000e+02
5.091241455078125000e+02
3.968676452636718750e+02
3.796322631835937500e+02
4.920137939453125000e+02
2.219557495117187500e+02
5.429439086914062500e+02
5.839762573242187500e+02
4.000610961914062500e+02
6.334888305664062500e+02
5.075765075683593750e+02
4.858003234863281250e+02
6.270807495117187500e+02
9.659832763671875000e+01
4.876661376953125000e+02
4.487070007324218750e+02
3.006826477050781250e+02
5.320019531250000000e+02
4.043837280273437500e+02
2.553923492431640625e+02
6.626081542968750000e+02
4.588008117675781250e+02
4.679674377441406250e+02
7.602404785156250000e+02
5.659099731445312500e+02
4.497222290039062500e+02
5.197393798828125000e+02
4.674959716796875000e+02
2.610586242675781250e+02
4.124953002929687500e+02
5.868516235351562500e+02
2.313488159179687500e+02
4.022323303222656250e+02
2.239921722412109375e+02
4.203585205078125000e+02
5.707973022460937500e+02
6.138751220703125000e+02
2.800531921386718750e+02
3.634145812988281250e+02
7.113522949218750000e+02
2.123815612792968750e+02
3.070244445800781250e+02
4.527198486328125000e+02
5.471250000000000000e+02
3.433064880371093750e+02
1.654103088378906250e+02
4.524646301269531250e+02
3.782702331542968750e+02
5.429125366210937500e+02
1.400064544677734375e+02
6.539046630859375000e+02
7.618687133789062500e+02
2.025194854736328125e+02
3.067369689941406250e+02
5.615349121093750000e+02
2.264878387451171875e+02
7.454988403320312500e+02
1.665679016113281250e+02
1.659373016357421875e+02
7.428278198242187500e+02
2.400643615722656250e+02
2.471053466796875000e+02
7.176390991210937500e+02
4.187045288085937500e+02
2.449719543457031250e+02
5.935988769531250000e+02
5.628302612304687500e+02
6.026561279296875000e+02
6.736825561523437500e+02
7.573958129882812500e+02
3.133349914550781250e+02
1.093706588745117188e+02
5.364693603515625000e+02
6.719586791992187500e+02
5.966870117187500000e+02
1.679723968505859375e+02
2.163399963378906250e+02
6.493472900390625000e+02
4.993599243164062500e+02
6.992656860351562500e+02
6.414951782226562500e+02
5.295296630859375000e+02
8.203068237304687500e+02
5.937221069335937500e+02
3.799394531250000000e+02
3.434461975097656250e+02
3.620782165527343750e+02
6.197634277343750000e+02
3.885797729492187500e+02
7.494500732421875000e+02
5.768461303710937500e+02
4.706574096679687500e+02
7.279190673828125000e+02
5.560722656250000000e+02
1.995354614257812500e+02
2.136320037841796875e+02
6.437457275390625000e+02
7.401856079101562500e+02
2.819239501953125000e+02
6.007619018554687500e+02
1.209232910156250000e+03
5.131343383789062500e+02
2.990193786621093750e+02
5.383707275390625000e+02
7.668251342773437500e+02
4.631122436523437500e+02
3.228774414062500000e+02
2.711922302246093750e+02
2.833635864257812500e+02
5.695737915039062500e+02
3.209822082519531250e+02
1.900609741210937500e+02
3.573912658691406250e+02
4.375028686523437500e+02
5.031682434082031250e+02
1.948431396484375000e+02
4.620149536132812500e+02
1.686799316406250000e+02
4.694874572753906250e+02
3.709475097656250000e+02
6.794599151611328125e+01
2.657616577148437500e+02
3.033370666503906250e+02
2.960792541503906250e+02
3.967483215332031250e+02
2.704891662597656250e+02
7.812285766601562500e+02
1.661127166748046875e+02
3.799253540039062500e+02
5.629970092773437500e+02
5.389609985351562500e+02
6.886305236816406250e+01
7.362949218750000000e+02
9.012331390380859375e+01
5.212479858398437500e+02
4.346965026855468750e+02
3.613446655273437500e+02
2.864664916992187500e+02
3.250906372070312500e+02
5.766809082031250000e+02
7.857583007812500000e+02
3.745418701171875000e+02
3.268205566406250000e+02
4.629468078613281250e+02
6.491014404296875000e+02
2.104741363525390625e+02
3.511030578613281250e+02
1.896124572753906250e+02
3.381857604980468750e+02
4.905683288574218750e+02
6.978659667968750000e+02
9.091513061523437500e+01
4.199800109863281250e+02
2.545190582275390625e+02
4.389546813964843750e+02
7.561439819335937500e+02
4.998690185546875000e+02
9.779581298828125000e+02
3.084631347656250000e+02
6.052296142578125000e+02
2.635872802734375000e+02
2.689463806152343750e+02
6.972289428710937500e+02
1.082795532226562500e+03
6.416239013671875000e+02
3.161947631835937500e+02
8.333843383789062500e+02
2.085705718994140625e+02
3.557055358886718750e+02
7.403641357421875000e+02
5.821889038085937500e+02
2.919326477050781250e+02
5.250507812500000000e+02
3.782437744140625000e+02
7.118375244140625000e+02
5.967070922851562500e+02
5.855697021484375000e+02
7.791151733398437500e+02
3.287042846679687500e+02
2.765147399902343750e+02
7.028328247070312500e+02
6.649036865234375000e+02
3.720677490234375000e+02
2.135175018310546875e+02
3.428344421386718750e+02
6.710817260742187500e+02
3.002551574707031250e+02
2.767442932128906250e+02
6.357322387695312500e+02
2.750753173828125000e+02
4.916133117675781250e+02
1.041596313476562500e+03
5.681040039062500000e+02
3.405814514160156250e+02
4.389938659667968750e+02
2.380447387695312500e+02
2.865751647949218750e+02
2.321890869140625000e+02
2.621229248046875000e+02
2.314628906250000000e+02
5.975228271484375000e+02
6.324745483398437500e+02
4.459264831542968750e+02
7.239982299804687500e+02
3.526305847167968750e+02
5.102006225585937500e+02
4.006826477050781250e+02
8.717433166503906250e+01
4.830780944824218750e+02
4.522552795410156250e+02
4.266388244628906250e+02
3.478277587890625000e+02
2.611672973632812500e+02
3.289605102539062500e+02
2.837067871093750000e+02
4.145644226074218750e+02
4.905712280273437500e+02
4.919639587402343750e+02
1.739685363769531250e+02
4.287775573730468750e+02
4.270940551757812500e+02
1.185663070678710938e+02
4.816952209472656250e+02
5.637993164062500000e+02
3.372629089355468750e+02
4.389890136718750000e+02
3.441004943847656250e+02
2.085836639404296875e+02
3.803814086914062500e+02
7.475321044921875000e+02
2.706375732421875000e+02
5.130861206054687500e+02
1.845604248046875000e+02
1.732317810058593750e+02
4.314077758789062500e+02
5.836795654296875000e+02
5.005812683105468750e+02
2.943841857910156250e+02
5.663439331054687500e+02
3.521823730468750000e+02
4.219294433593750000e+02
6.628352661132812500e+02
4.274949035644531250e+02
5.038104248046875000e+02
4.832394714355468750e+02
2.318275299072265625e+02
4.686747131347656250e+02
3.237834777832031250e+02
8.163103637695312500e+02
7.979184570312500000e+02
3.524485473632812500e+02
3.211076049804687500e+02
8.910925292968750000e+02
7.569765625000000000e+02
8.664741210937500000e+02
6.380310058593750000e+02
6.464196166992187500e+02
3.734380187988281250e+02
2.524261016845703125e+02
1.623313751220703125e+02
2.298874511718750000e+02
9.589537353515625000e+02
2.874869384765625000e+02
2.141346740722656250e+02
4.287408752441406250e+02
1.416780090332031250e+02
3.225785522460937500e+02
2.796241455078125000e+02
1.766197509765625000e+02
4.474890136718750000e+02
4.902812500000000000e+02
4.046228027343750000e+02
3.618398742675781250e+02
7.725045166015625000e+02
5.140339355468750000e+02
1.065526977539062500e+03
4.151092529296875000e+02
4.143694763183593750e+02
4.159271240234375000e+02
1.256625976562500000e+02
3.879114379882812500e+02
6.100251464843750000e+02
6.027734375000000000e+02
4.093522949218750000e+02
9.849620971679687500e+02
4.873182067871093750e+02
3.621450195312500000e+02
3.227454528808593750e+02
3.102118835449218750e+02
3.524791870117187500e+02
1.972347259521484375e+02
3.663778686523437500e+02
2.445510101318359375e+02
4.869905395507812500e+02
6.893624877929687500e+02
4.574757385253906250e+02
2.657137451171875000e+02
2.551072845458984375e+02
3.553088684082031250e+02
4.511409606933593750e+02
1.885985717773437500e+02
3.414566955566406250e+02
4.977942199707031250e+02
6.942200317382812500e+02
5.451112060546875000e+02
5.165479736328125000e+02
2.050849609375000000e+02
5.782677612304687500e+02
4.825131835937500000e+02
3.062014770507812500e+02
5.477432250976562500e+02
3.620653076171875000e+02
9.454871215820312500e+02
6.235205688476562500e+02
4.019601135253906250e+02
5.346199340820312500e+02
6.872236328125000000e+02
2.655495605468750000e+02
5.265115356445312500e+02
8.068791503906250000e+02
5.760986328125000000e+02
2.075688629150390625e+02
4.771606140136718750e+02
3.898255310058593750e+02
3.776886596679687500e+02
7.412520141601562500e+02
1.166241455078125000e+02
6.583075561523437500e+02
1.669475250244140625e+02
8.817066650390625000e+02
3.193640136718750000e+02
3.982665710449218750e+02
3.834557189941406250e+02
5.441581420898437500e+02
8.939034271240234375e+01
5.766560668945312500e+02
5.249007568359375000e+02
3.815295410156250000e+02
3.261411132812500000e+02
5.084422912597656250e+02
5.378690185546875000e+02
5.116531982421875000e+02
4.047311096191406250e+02
4.019457397460937500e+02
7.335441894531250000e+02
6.496707153320312500e+02
3.261674804687500000e+02
4.344974365234375000e+02
5.677525024414062500e+02
5.404220581054687500e+02
3.979093933105468750e+02
5.279265747070312500e+02
1.422100830078125000e+02
2.884905700683593750e+02
6.877771606445312500e+02
3.432434082031250000e+02
6.244838256835937500e+02
4.501314392089843750e+02
5.962582397460937500e+02
5.470775756835937500e+02
8.308629760742187500e+02
1.836224365234375000e+02
4.612716674804687500e+02
5.696383666992187500e+02
3.218418273925781250e+02
2.915915832519531250e+02
2.916687316894531250e+02
6.472706298828125000e+02
6.814468994140625000e+02
2.646314392089843750e+02
4.288459777832031250e+02
2.340757141113281250e+02
4.532931213378906250e+02
6.235625610351562500e+02
4.722569274902343750e+02
3.061515808105468750e+02
5.843972778320312500e+02
3.861868591308593750e+02
3.990867309570312500e+02
5.256930541992187500e+02
6.741338500976562500e+02
4.892889099121093750e+02
4.543447570800781250e+02
2.614738159179687500e+02
4.906810302734375000e+02
6.240641479492187500e+02
3.816074829101562500e+02
2.208543853759765625e+02
1.079782943725585938e+02
3.020466003417968750e+02
5.388916625976562500e+02
4.868735961914062500e+02
3.007152709960937500e+02
6.501063842773437500e+02
2.438616027832031250e+02
4.836056518554687500e+02
6.025481567382812500e+02
1.710470886230468750e+02
4.172458496093750000e+02
3.206694946289062500e+02
3.372068786621093750e+02
3.573087768554687500e+02
2.381317596435546875e+02
8.932684936523437500e+02
2.693431701660156250e+02
4.160452880859375000e+02
2.220849609375000000e+02
8.835354003906250000e+02
1.612417144775390625e+02
7.083311157226562500e+02
4.306386718750000000e+02
4.584368896484375000e+02
1.990594024658203125e+02
1.646688842773437500e+02
4.669379882812500000e+02
4.647566528320312500e+02
1.840714416503906250e+02
6.088428955078125000e+02
4.931889953613281250e+02
3.620283508300781250e+02
9.011661529541015625e+01
2.177765502929687500e+02
5.696144409179687500e+02
2.765021057128906250e+02
2.765760498046875000e+02
4.379401855468750000e+02
2.779279479980468750e+02
3.179489135742187500e+02
3.862389831542968750e+02
6.945825805664062500e+02
1.953425750732421875e+02
1.573328857421875000e+02
4.194062805175781250e+02
5.884182128906250000e+02
6.753364868164062500e+02
6.751463012695312500e+02
5.185922851562500000e+02
4.595094299316406250e+02
2.183402099609375000e+02
1.456169891357421875e+02
3.851589355468750000e+02
7.220157470703125000e+02
2.786174011230468750e+02
3.062297973632812500e+02
7.755191650390625000e+02
2.734700622558593750e+02
2.180556793212890625e+02
5.049572753906250000e+02
4.635677185058593750e+02
5.247651367187500000e+02
4.484843139648437500e+02
2.506104888916015625e+02
2.847256774902343750e+02
3.875446777343750000e+02
1.864706573486328125e+02
5.340396118164062500e+02
3.996617736816406250e+02
1.462722625732421875e+02
6.478292846679687500e+02
7.545737304687500000e+02
4.933074035644531250e+02
5.096913757324218750e+02
3.504724121093750000e+02
2.652290649414062500e+02
1.909811248779296875e+02
1.873364868164062500e+02
3.231108703613281250e+02
4.983986816406250000e+02
5.298241577148437500e+02
6.486474609375000000e+02
2.868755187988281250e+02
5.019297790527343750e+02
6.355178222656250000e+02
4.622366027832031250e+02
4.075433349609375000e+02
2.934894409179687500e+02
3.929789123535156250e+02
4.745260925292968750e+02
3.656348571777343750e+02
3.552766723632812500e+02
4.294291381835937500e+02
5.421408081054687500e+02
4.267165222167968750e+02
7.008576660156250000e+02
2.364039154052734375e+02
2.221237640380859375e+02
2.842943420410156250e+02
5.251975097656250000e+02
2.577327880859375000e+02
1.787675628662109375e+02
2.866368103027343750e+02
5.072085571289062500e+02
4.867308349609375000e+02
1.917059173583984375e+02
6.667761840820312500e+02
5.371699829101562500e+02
7.896692504882812500e+02
1.739544525146484375e+02
5.014165039062500000e+02
5.108410034179687500e+02
2.635771484375000000e+02
5.798369140625000000e+02
2.538947296142578125e+02
4.195604553222656250e+02
6.931802368164062500e+01
5.503344116210937500e+02
4.811384582519531250e+02
6.694888305664062500e+02
2.885667724609375000e+02
6.580488281250000000e+02
7.344362640380859375e+01
4.340865478515625000e+02
4.393766479492187500e+02
4.965491638183593750e+02
7.671804809570312500e+02
3.253624572753906250e+02
7.383847045898437500e+02
2.899066162109375000e+02
6.673142700195312500e+02
3.422646484375000000e+02
1.976808624267578125e+02
8.645563964843750000e+02
3.450693054199218750e+02
4.983223876953125000e+02
5.328576049804687500e+02
3.191792602539062500e+02
3.320585632324218750e+02
3.915181274414062500e+02
4.491223449707031250e+02
7.707912597656250000e+02
3.338383483886718750e+02
2.853573913574218750e+02
4.958770141601562500e+02
2.733844909667968750e+02
3.723168029785156250e+02
5.550112304687500000e+02
3.406359863281250000e+02
2.294851684570312500e+02
5.188687744140625000e+02
3.041977844238281250e+02
3.912554016113281250e+02
4.958019714355468750e+02
4.451484985351562500e+02
2.912611389160156250e+02
4.026937255859375000e+02
5.014910583496093750e+02
6.810838623046875000e+02
9.497966918945312500e+02
1.256722640991210938e+02
5.232258911132812500e+02
4.574754028320312500e+02
2.121816253662109375e+02
2.937872619628906250e+02
7.983098754882812500e+02
8.381229248046875000e+02
4.860223388671875000e+02
5.550290527343750000e+02
4.616463623046875000e+02
3.052344970703125000e+02
2.650217895507812500e+02
3.050934143066406250e+02
4.707859497070312500e+02
7.783970947265625000e+02
2.994155883789062500e+02
1.795087127685546875e+02
4.884572143554687500e+02
1.278950881958007812e+02
3.481711120605468750e+02
5.188087158203125000e+02
3.030262756347656250e+02
2.379880065917968750e+02
3.941960449218750000e+02
3.179650268554687500e+02
3.098057250976562500e+02
2.359428100585937500e+02
3.772830810546875000e+02
5.432994384765625000e+02
4.254138488769531250e+02
2.820752258300781250e+02
5.203292846679687500e+02
2.857039794921875000e+02
9.890606689453125000e+02
7.467020874023437500e+02
4.423171997070312500e+02
5.414859008789062500e+02
4.210733947753906250e+02
4.815731201171875000e+02
6.680040893554687500e+02
4.365638122558593750e+02
7.578919677734375000e+02
2.994132690429687500e+02
6.353245849609375000e+02
2.978706970214843750e+02
1.346170501708984375e+02
2.413584899902343750e+02
4.000975952148437500e+02
3.832588500976562500e+02
1.152518463134765625e+02
4.692223815917968750e+02
3.925934448242187500e+02
2.916127319335937500e+02
3.262908020019531250e+02
3.740630493164062500e+02
4.416255187988281250e+02
7.027808837890625000e+02
5.380808715820312500e+02
5.537416381835937500e+02
2.472269134521484375e+02
1.518737030029296875e+02
6.936695556640625000e+02
6.644174804687500000e+02
5.069975891113281250e+02
1.613351440429687500e+02
8.055263061523437500e+02
3.004294433593750000e+02
4.576654663085937500e+02
2.930716857910156250e+02
6.453161621093750000e+02
3.705631103515625000e+02
2.284837951660156250e+02
2.311096191406250000e+02
3.826661682128906250e+02
6.960335083007812500e+02
6.948960571289062500e+02
2.265196228027343750e+02
3.202218322753906250e+02
3.322515563964843750e+02
1.242914505004882812e+02
3.761994628906250000e+02
7.940049438476562500e+02
2.414735107421875000e+02
4.821167297363281250e+02
7.405620117187500000e+02
4.999428710937500000e+02
8.846646728515625000e+02
7.703705444335937500e+02
5.927962036132812500e+02
2.841502075195312500e+02
5.525396118164062500e+02
5.442312622070312500e+02
2.657437744140625000e+02
1.551242828369140625e+02
5.245673828125000000e+02
7.223551025390625000e+02
2.925990295410156250e+02
8.905874023437500000e+02
3.227777404785156250e+02
5.140277709960937500e+02
4.366528015136718750e+02
3.919938354492187500e+02
5.451387939453125000e+02
3.721513061523437500e+02
3.041858825683593750e+02
2.579551696777343750e+02
1.025256652832031250e+02
1.453055114746093750e+02
1.459478912353515625e+02
5.333407592773437500e+02
6.768147583007812500e+02
2.718833312988281250e+02
4.685053405761718750e+02
4.054804077148437500e+02
4.714270019531250000e+02
3.087634582519531250e+02
6.320095214843750000e+02
2.081455993652343750e+02
1.283035766601562500e+03
1.455174713134765625e+02
2.437220458984375000e+02
3.130408935546875000e+02
3.722518615722656250e+02
3.351497802734375000e+02
6.368960571289062500e+02
2.190681915283203125e+02
4.991993103027343750e+02
6.795561523437500000e+02
3.659698486328125000e+02
3.641454162597656250e+02
5.611436767578125000e+02
4.148054504394531250e+02
2.762884216308593750e+02
3.081347351074218750e+02
5.395905761718750000e+02
4.189197692871093750e+02
2.213125305175781250e+02
2.970593261718750000e+02
4.566412353515625000e+02
1.030003295898437500e+03
6.297522583007812500e+02
7.883160400390625000e+02
4.190384216308593750e+02
4.969731750488281250e+02
1.747301177978515625e+02
4.938056030273437500e+02
6.814004516601562500e+02
2.376272888183593750e+02
4.625691528320312500e+02
4.344453125000000000e+02
8.698745727539062500e+02
2.800752868652343750e+02
5.983745727539062500e+02
6.319066162109375000e+02
9.419258880615234375e+01
1.924296264648437500e+02
3.704356079101562500e+02
3.510041503906250000e+02
1.471392974853515625e+02
3.574170837402343750e+02
4.629177246093750000e+02
4.187713317871093750e+02
3.298247985839843750e+02
8.547670288085937500e+02
4.293810729980468750e+02
5.138822631835937500e+02
4.885272216796875000e+02
1.042991821289062500e+03
6.425479736328125000e+02
1.350404663085937500e+02
5.996574707031250000e+02
5.453796386718750000e+02
4.505988159179687500e+02
4.271255493164062500e+02
7.172606811523437500e+02
2.905431823730468750e+02
4.623897705078125000e+02
6.434915771484375000e+02
6.395261230468750000e+02
1.083613815307617188e+02
4.898916320800781250e+02
6.849973144531250000e+02
2.227622680664062500e+02
2.292978820800781250e+02
3.543975830078125000e+02
1.831495971679687500e+02
2.598933105468750000e+02
3.780056152343750000e+02
5.836516723632812500e+02
3.874445800781250000e+02
6.200808715820312500e+02
2.191090850830078125e+02
4.665197143554687500e+02
4.305877990722656250e+02
2.802510070800781250e+02
9.629750366210937500e+02
4.121109619140625000e+02
6.711884765625000000e+02
3.226214904785156250e+02
1.663672943115234375e+02
6.107432861328125000e+02
3.689697570800781250e+02
3.178838195800781250e+02
6.016468505859375000e+02
5.596603393554687500e+02
4.863185424804687500e+02
2.714854125976562500e+02
4.415701293945312500e+02
4.373381042480468750e+02
6.904894409179687500e+02
2.691350708007812500e+02
5.077124328613281250e+02
2.818280334472656250e+02
2.721203613281250000e+02
8.479125366210937500e+02
2.926552124023437500e+02
6.503552856445312500e+02
2.278674163818359375e+02
2.102149047851562500e+02
1.330542755126953125e+02
3.935973815917968750e+02
3.572633666992187500e+02
4.146860351562500000e+02
2.432537841796875000e+02
5.301873168945312500e+02
3.758300781250000000e+02
4.205647888183593750e+02
6.695874633789062500e+02
4.616073303222656250e+02
3.938918762207031250e+02
4.137853698730468750e+02
4.293746337890625000e+02
2.543738555908203125e+02
5.671792602539062500e+02
4.487212524414062500e+02
5.896259155273437500e+02
7.300496215820312500e+02
2.687970581054687500e+02
2.718575744628906250e+02
8.847307128906250000e+02
6.687203369140625000e+02
3.454120178222656250e+02
5.779054565429687500e+02
2.231000823974609375e+02
2.744000854492187500e+02
8.441453247070312500e+02
6.442557373046875000e+02
4.095580444335937500e+02
6.320631103515625000e+02
5.156903686523437500e+02
3.069881286621093750e+02
1.429400482177734375e+02
4.300558166503906250e+02
5.674381103515625000e+02
6.202788085937500000e+02
4.018208618164062500e+02
3.839559936523437500e+02
9.587455444335937500e+02
2.211505889892578125e+02
4.268912658691406250e+02
7.334713134765625000e+02
3.708243713378906250e+02
3.723193054199218750e+02
1.758666381835937500e+02
4.439658203125000000e+02
4.410708618164062500e+02
5.338664550781250000e+02
2.816872253417968750e+02
5.185515136718750000e+02
3.398529357910156250e+02
4.373927612304687500e+02
6.240308227539062500e+02
6.420385742187500000e+02
3.145019531250000000e+02
5.956039428710937500e+02
5.210574340820312500e+02
1.038494186401367188e+02
4.396137695312500000e+02
2.512035369873046875e+02
4.537849426269531250e+02
1.630668487548828125e+02
4.375695190429687500e+02
5.189143676757812500e+02
2.886428222656250000e+02
5.485962524414062500e+02
2.892626342773437500e+02
2.922651672363281250e+02
1.605177307128906250e+02
3.343951416015625000e+02
4.171195983886718750e+02
2.253061218261718750e+02
2.593684997558593750e+02
7.484971313476562500e+02
5.391071777343750000e+02
2.894885559082031250e+02
2.085993804931640625e+02
5.209721679687500000e+02
3.551445922851562500e+02
3.192803344726562500e+02
8.377398681640625000e+02
6.324996948242187500e+02
2.126530609130859375e+02
4.263695678710937500e+02
3.698583679199218750e+02
3.081912841796875000e+02
3.227368469238281250e+02
5.597998046875000000e+02
3.075130310058593750e+02
8.907113037109375000e+02
3.635729370117187500e+02
6.631680908203125000e+02
1.882242431640625000e+02
7.135429687500000000e+02
3.117994689941406250e+02
5.506516647338867188e+01
1.861208496093750000e+02
8.325740356445312500e+02
2.009713745117187500e+02
1.360305023193359375e+02
1.571520843505859375e+02
3.168466491699218750e+02
5.475881347656250000e+02
5.644568481445312500e+02
3.237443237304687500e+02
1.292123413085937500e+02
7.502922973632812500e+02
1.019983215332031250e+03
4.220636901855468750e+02
1.375988281250000000e+03
1.714688110351562500e+02
7.016679077148437500e+02
2.314682617187500000e+02
3.506245422363281250e+02
2.025040893554687500e+02
8.865975952148437500e+02
8.463496398925781250e+01
5.256516723632812500e+02
4.701506652832031250e+02
6.980595703125000000e+02
2.400415191650390625e+02
4.398134155273437500e+02
4.918954162597656250e+02
4.648526306152343750e+02
4.024754943847656250e+02
2.622138366699218750e+02
2.684991455078125000e+02
7.354371337890625000e+02
2.721385803222656250e+02
7.754776611328125000e+02
3.035998840332031250e+02
4.959997558593750000e+02
4.150276794433593750e+02
2.679654846191406250e+02
3.061095886230468750e+02
3.659428100585937500e+02
6.923863525390625000e+02
4.124992980957031250e+02
3.194821166992187500e+02
3.439783935546875000e+02
4.720569458007812500e+02
5.087432861328125000e+02
4.904059753417968750e+02
3.385363159179687500e+02
5.749244995117187500e+02
1.006798217773437500e+03
6.677210083007812500e+02
5.951104736328125000e+02
7.774699096679687500e+02
5.124594116210937500e+02
4.870975036621093750e+02
7.598327026367187500e+02
5.437157592773437500e+02
4.179473266601562500e+02
2.333108520507812500e+02
5.947170639038085938e+01
5.956329345703125000e+02
2.679240112304687500e+02
8.583143615722656250e+01
3.101595764160156250e+02
6.055734252929687500e+02
1.834706726074218750e+02
5.500332031250000000e+02
7.064230957031250000e+02
8.062517700195312500e+02
5.093748168945312500e+02
3.539443359375000000e+02
5.337117309570312500e+02
8.885220336914062500e+02
3.081716613769531250e+02
2.638379516601562500e+02
3.570765991210937500e+02
8.432217407226562500e+02
4.798770141601562500e+02
4.131214599609375000e+02
4.822285461425781250e+02
3.251859130859375000e+02
9.388398742675781250e+01
3.627156372070312500e+02
1.629710998535156250e+02
3.361175537109375000e+02
1.643918151855468750e+02
3.028670349121093750e+02
2.346417999267578125e+02
1.714913787841796875e+02
4.540888977050781250e+02
3.533654174804687500e+02
3.373569030761718750e+02
9.596287231445312500e+02
3.535101318359375000e+02
5.967558593750000000e+02
5.803475952148437500e+02
1.921680603027343750e+02
3.118842468261718750e+02
9.272235107421875000e+01
3.958310241699218750e+02
5.561447143554687500e+02
2.380991516113281250e+02
4.478497924804687500e+02
4.628572998046875000e+02
5.242357788085937500e+02
7.373317260742187500e+02
1.800240478515625000e+02
3.663028869628906250e+02
5.984119873046875000e+02
3.917675399780273438e+01
7.589936523437500000e+02
7.489583740234375000e+02
4.853302001953125000e+02
8.284233398437500000e+02
7.505265502929687500e+02
1.537495727539062500e+02
3.760260925292968750e+02
1.700944213867187500e+02
5.460540771484375000e+02
5.460416870117187500e+02
4.341241455078125000e+02
4.313746337890625000e+02
7.838931884765625000e+02
3.995487670898437500e+02
3.258166503906250000e+02
3.712359619140625000e+02
4.972570800781250000e+02
2.431069030761718750e+02
2.218190612792968750e+02
3.734470825195312500e+02
2.020733947753906250e+02
2.704728698730468750e+02
3.245449829101562500e+02
1.645007171630859375e+02
3.824015808105468750e+02
3.243660278320312500e+02
2.408081054687500000e+02
4.883341979980468750e+02
4.452622985839843750e+02
2.703646850585937500e+02
8.524678802490234375e+01
3.805797119140625000e+02
2.864013671875000000e+02
5.242158813476562500e+02
8.386412353515625000e+02
7.564643859863281250e+01
2.155668334960937500e+02
4.894358825683593750e+02
4.165242614746093750e+02
2.637603759765625000e+02
5.885714111328125000e+02
5.769465332031250000e+02
6.298765258789062500e+02
3.275265502929687500e+02
8.329352416992187500e+02
2.553533935546875000e+02
6.729074707031250000e+02
4.220171203613281250e+02
4.846439208984375000e+02
5.196846923828125000e+02
5.692109375000000000e+02
4.438333129882812500e+02
9.300967407226562500e+01
8.007896728515625000e+02
6.368159790039062500e+02
2.045275115966796875e+02
4.474462890625000000e+02
2.524694824218750000e+02
1.877952117919921875e+02
3.316733093261718750e+02
3.413853454589843750e+02
6.238106079101562500e+02
5.722995605468750000e+02
1.920429229736328125e+02
7.231879882812500000e+02
6.490112304687500000e+02
1.663991394042968750e+02
2.872944030761718750e+02
5.011793212890625000e+02
4.938955993652343750e+02
4.147117309570312500e+02
5.213608398437500000e+02
3.984845275878906250e+02
3.891917419433593750e+02
5.731002044677734375e+01
5.020737304687500000e+02
2.269821166992187500e+02
5.292042846679687500e+02
5.010131225585937500e+02
1.320052795410156250e+02
1.760743560791015625e+02
9.478793334960937500e+02
2.878926086425781250e+02
2.792078857421875000e+02
7.262130737304687500e+02
3.587704467773437500e+02
4.048479919433593750e+02
5.304860229492187500e+02
1.923038635253906250e+02
2.364826965332031250e+02
5.829204101562500000e+02
7.676583251953125000e+02
1.540241699218750000e+02
1.469448242187500000e+02
3.430470275878906250e+02
6.393752441406250000e+02
3.229029846191406250e+02
3.457194824218750000e+02
6.005014648437500000e+02
5.038217163085937500e+02
5.899538574218750000e+02
4.264221496582031250e+02
4.956788940429687500e+02
3.380977478027343750e+02
6.529763793945312500e+02
7.214497070312500000e+02
3.922857360839843750e+02
7.195119018554687500e+02
2.528493194580078125e+02
4.431272888183593750e+02
6.078530273437500000e+02
6.228993530273437500e+02
2.378427886962890625e+02
4.669100036621093750e+02
2.274596405029296875e+02
9.420952758789062500e+02
5.593046264648437500e+02
4.498897094726562500e+02
6.934141845703125000e+02
3.500075683593750000e+02
5.177017822265625000e+02
6.581637573242187500e+02
4.181369018554687500e+02
4.778578491210937500e+02
2.588614501953125000e+02
8.440715332031250000e+02
2.144663085937500000e+02
5.142103881835937500e+02
3.419980468750000000e+02
6.687741699218750000e+02
2.167578582763671875e+02
6.514560699462890625e+01
4.454762268066406250e+02
3.579892883300781250e+02
6.100928344726562500e+02
3.125990905761718750e+02
1.440415954589843750e+02
1.979124755859375000e+02
3.927900085449218750e+02
7.987617797851562500e+02
8.172290649414062500e+02
4.214169311523437500e+02
3.280678710937500000e+02
5.307943725585937500e+02
4.906219787597656250e+02
1.933289031982421875e+02
3.230137023925781250e+02
4.297365417480468750e+02
4.455361938476562500e+02
4.799623107910156250e+02
4.481358337402343750e+02
6.690316772460937500e+02
4.815281372070312500e+02
5.912606201171875000e+02
3.969256591796875000e+02
3.593803405761718750e+02
5.952018432617187500e+02
5.812178955078125000e+02
5.558985595703125000e+02
6.613067626953125000e+02
4.482699584960937500e+02
3.113378295898437500e+02
6.942787475585937500e+02
1.008760498046875000e+03
7.199573364257812500e+02
5.792627563476562500e+02
5.411419067382812500e+02
3.448294982910156250e+02
9.479952392578125000e+02
4.658527526855468750e+02
5.152783203125000000e+02
2.027708892822265625e+02
3.974444885253906250e+02
1.606587219238281250e+02
2.855758972167968750e+02
6.665350952148437500e+02
2.554929656982421875e+02
3.969978332519531250e+02
2.071159515380859375e+02
7.074177856445312500e+02
7.016305541992187500e+02
3.067468566894531250e+02
4.707320861816406250e+02
4.477017822265625000e+02
3.021765136718750000e+02
7.540779418945312500e+02
4.784857788085937500e+02
2.168328704833984375e+02
6.770431518554687500e+02
3.691868896484375000e+02
1.445668182373046875e+02
1.045340270996093750e+02
5.241999511718750000e+02
4.978859558105468750e+02
8.344118041992187500e+02
3.547604064941406250e+02
4.825126037597656250e+02
1.795687103271484375e+02
5.440223999023437500e+02
3.663766174316406250e+02
7.982107543945312500e+02
4.418518066406250000e+02
2.963744201660156250e+02
5.697118530273437500e+02
4.861894226074218750e+02
3.159477539062500000e+02
4.162953491210937500e+02
3.509995117187500000e+02
2.780770874023437500e+02
3.508822021484375000e+02
3.466990661621093750e+02
8.425026245117187500e+02
3.335479125976562500e+02
2.600764770507812500e+02
4.031032104492187500e+02
5.704718627929687500e+02
2.319502410888671875e+02
4.951024780273437500e+02
5.524764404296875000e+02
2.300950317382812500e+02
5.715817871093750000e+02
5.211524658203125000e+02
2.573569946289062500e+02
8.128517456054687500e+02
3.263647155761718750e+02
3.606962890625000000e+02
1.333091278076171875e+02
4.998400573730468750e+02
1.679162750244140625e+02
1.552259521484375000e+02
4.056597595214843750e+02
4.567820129394531250e+02
4.767306823730468750e+02
2.685970764160156250e+02
8.361506347656250000e+02
5.035171813964843750e+02
4.741283569335937500e+02
2.971799926757812500e+02
5.799394531250000000e+02
4.720217590332031250e+02
3.626113891601562500e+02
5.307711181640625000e+02
1.939415588378906250e+02
2.980944824218750000e+02
1.831517944335937500e+02
1.515609283447265625e+02
2.523749389648437500e+02
3.405415649414062500e+02
3.272368164062500000e+02
2.984322814941406250e+02
3.430833129882812500e+02
9.583814086914062500e+02
3.380835571289062500e+02
4.455032653808593750e+02
4.102068176269531250e+02
2.328051452636718750e+02
3.860903015136718750e+02
5.636605834960937500e+02
6.308534545898437500e+02
4.859748535156250000e+02
3.590113220214843750e+02
4.276378479003906250e+02
2.868055419921875000e+02
5.844125366210937500e+02
5.632283325195312500e+02
3.975436401367187500e+02
2.903413085937500000e+02
4.468790588378906250e+02
2.113071136474609375e+02
3.364212341308593750e+02
4.983634033203125000e+02
5.132987670898437500e+02
2.276939392089843750e+02
5.930429077148437500e+02
2.699087219238281250e+02
6.667155151367187500e+02
5.894061279296875000e+02
3.591889343261718750e+02
1.134094238281250000e+02
1.422368316650390625e+02
3.904563293457031250e+02
4.890104675292968750e+02
2.015200195312500000e+02
7.180920410156250000e+02
4.573352966308593750e+02
4.981376342773437500e+02
2.902222595214843750e+02
3.643068237304687500e+02
3.421010131835937500e+02
5.952819824218750000e+02
3.413819580078125000e+02
4.564313964843750000e+02
3.751632385253906250e+02
4.432293701171875000e+02
3.986258239746093750e+02
4.180682983398437500e+02
1.001622924804687500e+03
6.937746582031250000e+02
2.918435668945312500e+02
4.498379516601562500e+02
7.139423828125000000e+02
4.066329345703125000e+02
4.798998718261718750e+02
1.688967895507812500e+02
7.400090942382812500e+02
3.510343322753906250e+02
5.261006927490234375e+01
9.257151489257812500e+02
4.845906066894531250e+02
7.114025878906250000e+02
2.836399841308593750e+02
4.737434387207031250e+02
6.390413818359375000e+02
4.114373168945312500e+02
8.090567016601562500e+02
3.567811584472656250e+02
4.645307312011718750e+02
6.983880004882812500e+02
2.766955261230468750e+02
4.654261169433593750e+02
4.291575012207031250e+02
3.592462768554687500e+02
6.549677734375000000e+02
5.199132690429687500e+02
1.472843627929687500e+02
4.644865722656250000e+02
4.290705566406250000e+02
2.008349304199218750e+02
7.282868041992187500e+02
3.919359436035156250e+02
2.240129241943359375e+02
1.153331451416015625e+02
5.930040283203125000e+02
4.973479080200195312e+01
2.439250030517578125e+02
4.980184020996093750e+02
4.046866760253906250e+02
3.811682434082031250e+02
4.652603454589843750e+02
3.274205627441406250e+02
5.497435302734375000e+02
5.794123535156250000e+02
2.068125610351562500e+02
2.829672241210937500e+02
7.295471954345703125e+01
2.098425140380859375e+02
2.800571594238281250e+02
4.700289001464843750e+02
4.933828735351562500e+02
6.060979003906250000e+02
3.107294311523437500e+02
7.982371826171875000e+02
6.181818847656250000e+02
5.998090820312500000e+02
5.184608764648437500e+02
1.586794128417968750e+02
2.643902282714843750e+02
5.391817016601562500e+02
2.327705383300781250e+02
3.359972229003906250e+02
5.433184204101562500e+02
9.312192382812500000e+02
1.795981750488281250e+02
2.172962646484375000e+02
3.670675354003906250e+02
2.831084289550781250e+02
3.625863342285156250e+02
1.751243438720703125e+02
2.627038269042968750e+02
3.230609436035156250e+02
1.725119476318359375e+02
3.880284729003906250e+02
4.275005187988281250e+02
3.102231445312500000e+02
3.937800598144531250e+02
5.636947021484375000e+02
4.279398803710937500e+02
1.341985626220703125e+02
4.009232177734375000e+02
3.363258361816406250e+02
3.322363281250000000e+02
5.163964233398437500e+02
8.002056884765625000e+02
6.584149780273437500e+02
2.679093322753906250e+02
4.572023925781250000e+02
6.703416748046875000e+02
6.480882568359375000e+02
8.563630981445312500e+02
3.649902648925781250e+02
5.985610351562500000e+02
5.686071777343750000e+02
1.461482849121093750e+02
5.037144165039062500e+02
6.150208129882812500e+02
1.964294586181640625e+02
7.188532104492187500e+02
3.231263427734375000e+02
4.653058166503906250e+02
3.445187072753906250e+02
3.575977478027343750e+02
3.688778076171875000e+02
2.560289001464843750e+02
3.889657592773437500e+02
3.747315063476562500e+02
4.819166259765625000e+02
3.269151611328125000e+02
3.855824584960937500e+02
4.398212280273437500e+02
6.545316162109375000e+02
5.503454589843750000e+02
4.513565368652343750e+02
4.395783386230468750e+02
4.586808471679687500e+02
3.489192504882812500e+02
3.914639587402343750e+02
8.259276123046875000e+02
5.032404479980468750e+02
7.311179199218750000e+02
4.044017333984375000e+02
2.916756286621093750e+02
4.058483886718750000e+02
1.788453826904296875e+02
5.186469116210937500e+02
5.257038574218750000e+02
2.804802551269531250e+02
1.867936248779296875e+02
2.820457458496093750e+02
3.690493164062500000e+02
3.830639648437500000e+02
4.308613891601562500e+02
3.567976379394531250e+02
5.498969116210937500e+02
4.660126953125000000e+02
1.031864501953125000e+03
3.757547912597656250e+02
3.977939453125000000e+02
3.211137695312500000e+02
7.915109252929687500e+02
5.598011474609375000e+02
5.439993896484375000e+02
6.144091796875000000e+02
2.965238952636718750e+02
4.236843261718750000e+02
3.386206970214843750e+02
2.968615417480468750e+02
4.495893249511718750e+02
3.382463073730468750e+02
5.293886718750000000e+02
1.693510284423828125e+02
1.115788574218750000e+02
7.393344116210937500e+02
7.582485351562500000e+02
3.108898925781250000e+02
1.999828948974609375e+02
9.563615112304687500e+02
5.046446838378906250e+02
7.204559936523437500e+02
7.526461181640625000e+02
6.018241577148437500e+02
2.833613281250000000e+02
6.881791992187500000e+02
6.609739990234375000e+02
3.889015502929687500e+02
4.745142211914062500e+02
5.214298706054687500e+02
1.211693969726562500e+03
7.575710296630859375e+01
5.415490722656250000e+02
5.342913818359375000e+02
4.251123046875000000e+02
3.221267089843750000e+02
4.217626647949218750e+02
4.808330993652343750e+02
5.579005737304687500e+02
4.158231811523437500e+02
4.469913330078125000e+02
7.299290771484375000e+02
8.050469970703125000e+02
3.308855590820312500e+02
5.153824462890625000e+02
4.554930419921875000e+02
2.663024597167968750e+02
6.167762451171875000e+02
2.487359466552734375e+02
9.609638671875000000e+02
5.450942382812500000e+02
3.463647460937500000e+02
3.170591430664062500e+02
2.817085876464843750e+02
3.068200683593750000e+02
6.046346435546875000e+02
3.476037292480468750e+02
1.667377624511718750e+02
1.926838684082031250e+02
4.695353698730468750e+02
7.163713378906250000e+02
5.081644287109375000e+02
3.744069824218750000e+02
4.311227416992187500e+02
3.947183227539062500e+02
6.807410278320312500e+02
5.752714233398437500e+02
2.382690734863281250e+02
2.562446289062500000e+02
4.016474914550781250e+02
2.699653320312500000e+02
4.098448486328125000e+02
6.031039428710937500e+02
6.201459960937500000e+02
3.847801208496093750e+02
3.709407348632812500e+02
3.305003051757812500e+02
2.660262451171875000e+02
1.586909942626953125e+02
8.072402954101562500e+02
6.130081176757812500e+02
6.794605712890625000e+02
3.676118774414062500e+02
4.343076477050781250e+02
4.765740661621093750e+02
6.131307373046875000e+02
2.202755889892578125e+02
5.403537597656250000e+02
5.979445800781250000e+02
7.088563232421875000e+02
5.766824340820312500e+02
4.474322509765625000e+02
4.203000488281250000e+02
3.543532714843750000e+02
5.098488159179687500e+02
5.380256958007812500e+02
4.277609863281250000e+02
1.025213378906250000e+03
1.606003875732421875e+02
2.572453613281250000e+02
5.934041748046875000e+02
2.494461212158203125e+02
6.547117919921875000e+02
3.201184082031250000e+02
2.326586303710937500e+02
6.005559692382812500e+02
5.896401367187500000e+02
6.978267822265625000e+02
1.030555786132812500e+03
6.020189208984375000e+02
2.478078155517578125e+02
3.260336303710937500e+02
5.375224609375000000e+02
2.572365722656250000e+02
6.255488891601562500e+02
3.004989013671875000e+02
1.857075805664062500e+02
5.808463134765625000e+02
6.252731323242187500e+02
1.012613586425781250e+03
4.361931457519531250e+02
4.512243347167968750e+02
3.043570556640625000e+02
8.014855346679687500e+02
2.986894531250000000e+02
6.529513549804687500e+02
1.540302124023437500e+02
3.073425292968750000e+02
9.273237304687500000e+02
4.462113647460937500e+02
1.780287017822265625e+02
3.155982666015625000e+02
2.982258605957031250e+02
2.529205169677734375e+02
4.670897216796875000e+02
1.753651733398437500e+02
4.664149475097656250e+02
7.594682312011718750e+01
8.470490112304687500e+02
4.270219116210937500e+02
7.236115722656250000e+02
4.508298339843750000e+02
1.138800125122070312e+02
7.951057128906250000e+02
7.370282592773437500e+02
4.474037170410156250e+02
5.051442871093750000e+02
2.064036407470703125e+02
5.106404113769531250e+02
9.612744140625000000e+02
4.443282470703125000e+02
3.870360412597656250e+02
4.341311645507812500e+02
5.297592163085937500e+02
2.195995330810546875e+02
2.420701446533203125e+02
2.734575195312500000e+02
9.937782592773437500e+02
6.633256835937500000e+02
4.023830871582031250e+02
3.819143981933593750e+02
1.863216857910156250e+02
6.987433471679687500e+02
2.859861145019531250e+02
1.142047195434570312e+02
1.556790008544921875e+02
3.954400939941406250e+02
2.309117126464843750e+02
4.611123962402343750e+02
6.170975952148437500e+02
3.182687377929687500e+02
3.804516296386718750e+02
5.719744873046875000e+02
2.308584594726562500e+02
1.851887817382812500e+02
5.354158325195312500e+02
1.594684906005859375e+02
2.446368865966796875e+02
5.113844299316406250e+02
5.328693847656250000e+02
3.933149719238281250e+02
8.660885620117187500e+02
2.500540618896484375e+02
3.067853393554687500e+02
7.269550170898437500e+02
1.603826904296875000e+02
4.012779846191406250e+02
2.407376708984375000e+02
5.630687866210937500e+02
2.077134552001953125e+02
3.707903442382812500e+02
2.592192077636718750e+02
6.082700195312500000e+02
5.370857543945312500e+02
4.495802612304687500e+02
4.591025085449218750e+02
5.668855590820312500e+02
4.095057373046875000e+02
3.774854125976562500e+02
8.618528747558593750e+01
4.655384216308593750e+02
5.788379516601562500e+02
8.594191284179687500e+02
5.023729858398437500e+02
5.116246643066406250e+02
7.018499145507812500e+02
4.537145080566406250e+02
2.692574157714843750e+02
5.065509643554687500e+02
5.705296020507812500e+02
1.609224548339843750e+02
4.915841979980468750e+02
2.582393188476562500e+02
4.182294616699218750e+02
2.928412170410156250e+02
3.684191894531250000e+02
4.965880737304687500e+02
4.191582641601562500e+02
2.001487274169921875e+02
4.498292236328125000e+02
1.011891250610351562e+02
4.792059936523437500e+02
1.561707916259765625e+02
4.637230529785156250e+02
3.311916198730468750e+02
5.682146606445312500e+02
9.215706787109375000e+02
6.209726562500000000e+02
5.483443603515625000e+02
3.894436645507812500e+02
3.225249328613281250e+02
2.919537353515625000e+02
3.865431213378906250e+02
4.086127014160156250e+02
3.210661010742187500e+02
4.752708740234375000e+02
6.037064208984375000e+02
1.085811889648437500e+03
7.098613281250000000e+02
3.916915588378906250e+02
9.453607177734375000e+02
9.784687042236328125e+01
3.419944458007812500e+02
4.415610351562500000e+02
6.134874877929687500e+02
6.134973754882812500e+02
4.244441223144531250e+02
4.252312927246093750e+02
4.755885925292968750e+02
4.748875427246093750e+02
5.381018066406250000e+02
6.438792114257812500e+02
1.018235290527343750e+03
3.480267333984375000e+02
3.482149658203125000e+02
6.117270660400390625e+01
6.380836791992187500e+02
5.883457031250000000e+02
4.247401123046875000e+02
1.405335693359375000e+02
6.410145874023437500e+02
6.104370117187500000e+02
7.781845703125000000e+02
4.649738464355468750e+02
6.942239990234375000e+02
5.152845458984375000e+02
6.053828735351562500e+02
5.749807739257812500e+02
4.582140808105468750e+02
4.419684600830078125e+01
6.039347534179687500e+02
3.637754821777343750e+02
3.938713073730468750e+02
6.263597412109375000e+02
4.758516235351562500e+02
4.948416748046875000e+02
2.201775665283203125e+02
2.694129333496093750e+02
1.204457855224609375e+02
1.375628051757812500e+02
8.982624511718750000e+02
2.750386352539062500e+02
1.913585357666015625e+02
4.063318786621093750e+02
4.430972900390625000e+02
3.408023986816406250e+02
2.032737884521484375e+02
2.095194854736328125e+02
4.540783691406250000e+02
5.022353210449218750e+02
7.073588256835937500e+02
1.604810333251953125e+02
2.692354125976562500e+02
7.735503540039062500e+02
3.816891174316406250e+02
2.757527770996093750e+02
3.151726684570312500e+02
7.869219360351562500e+02
5.508662109375000000e+02
9.048815307617187500e+02
9.927076416015625000e+02
4.191427307128906250e+02
4.136111450195312500e+02
6.351140136718750000e+02
4.644169311523437500e+02
4.983058166503906250e+02
5.167516479492187500e+02
2.898572082519531250e+02
1.481101837158203125e+02
5.452463989257812500e+02
2.052457733154296875e+02
4.454114379882812500e+02
2.589234008789062500e+02
1.692490081787109375e+02
2.067272949218750000e+02
5.999840087890625000e+02
4.306419982910156250e+02
6.294552001953125000e+02
6.162631225585937500e+02
3.177084350585937500e+02
8.111309204101562500e+02
9.232394409179687500e+02
2.839239196777343750e+02
2.781632385253906250e+02
1.425220794677734375e+02
4.130977172851562500e+02
1.464193115234375000e+02
3.566138000488281250e+02
4.907674255371093750e+02
1.470029144287109375e+02
3.708456726074218750e+02
2.148668212890625000e+02
4.107916564941406250e+02
4.648043823242187500e+02
5.476667480468750000e+02
5.387739257812500000e+02
3.215267944335937500e+02
1.997519989013671875e+02
2.976683349609375000e+02
5.021951599121093750e+02
6.210742187500000000e+02
6.591953735351562500e+02
5.737631835937500000e+02
3.837336120605468750e+02
3.565877990722656250e+02
4.784092712402343750e+02
3.490820312500000000e+02
3.283941040039062500e+02
3.696352844238281250e+02
3.065832214355468750e+02
5.292013549804687500e+02
5.559693603515625000e+02
2.525216979980468750e+02
5.885534667968750000e+02
6.569331665039062500e+02
3.811325988769531250e+02
6.035657348632812500e+02
3.958273620605468750e+02
6.240014648437500000e+02
1.895043182373046875e+02
2.362703857421875000e+02
1.450088958740234375e+02
4.032350158691406250e+02
6.797492065429687500e+02
6.825627441406250000e+02
6.409115600585937500e+02
6.999881591796875000e+02
8.393443603515625000e+02
4.086226501464843750e+02
2.069306945800781250e+02
6.385743408203125000e+02
1.146370315551757812e+02
2.306103515625000000e+02
3.416283569335937500e+02
5.483386230468750000e+02
6.306702270507812500e+02
4.899216308593750000e+02
5.110877990722656250e+02
4.298143005371093750e+02
7.895137939453125000e+02
5.407219238281250000e+02
4.711204833984375000e+02
4.271307373046875000e+02
2.029134979248046875e+02
2.782993774414062500e+02
3.300424194335937500e+02
6.925521850585937500e+02
4.326306762695312500e+02
3.593281250000000000e+02
4.020270996093750000e+02
3.064028930664062500e+02
7.875510406494140625e+01
7.097014770507812500e+02
3.542886657714843750e+02
3.831264953613281250e+02
5.258760375976562500e+02
4.706745910644531250e+02
3.471836242675781250e+02
3.581725158691406250e+02
4.081266784667968750e+02
3.449924926757812500e+02
2.161720733642578125e+02
7.387250366210937500e+02
5.099729003906250000e+02
6.910993194580078125e+01
4.563584899902343750e+02
7.496001586914062500e+02
2.798971252441406250e+02
6.012956542968750000e+02
3.046415405273437500e+02
5.122621459960937500e+02
3.471469726562500000e+02
6.201738891601562500e+02
1.096029052734375000e+02
5.356981201171875000e+02
2.737700195312500000e+02
4.860195617675781250e+02
3.534884643554687500e+02
4.404958801269531250e+02
6.027178955078125000e+02
3.138489379882812500e+02
7.877937011718750000e+02
3.830297546386718750e+02
2.844085998535156250e+02
6.196732788085937500e+02
3.735902404785156250e+02
1.604631958007812500e+02
4.431237182617187500e+02
3.859582519531250000e+02
2.315812988281250000e+02
4.054399719238281250e+02
4.907157592773437500e+02
4.166285400390625000e+02
4.807902221679687500e+02
6.350399780273437500e+02
3.661195373535156250e+02
6.984201660156250000e+02
2.560805053710937500e+02
2.846895751953125000e+02
5.182947387695312500e+02
3.264125671386718750e+02
4.831146850585937500e+02
3.221224060058593750e+02
2.927294616699218750e+02
6.741177368164062500e+02
9.980820312500000000e+02
7.317879028320312500e+02
3.604962158203125000e+02
1.294500488281250000e+03
7.234620971679687500e+02
4.561238708496093750e+02
4.102822265625000000e+02
2.501499786376953125e+02
2.303845825195312500e+02
5.450117187500000000e+02
4.984064636230468750e+02
1.518923645019531250e+02
2.461706237792968750e+02
3.346506652832031250e+02
1.586233367919921875e+02
3.485209045410156250e+02
5.227367553710937500e+02
6.739201660156250000e+02
2.471589660644531250e+02
3.991253662109375000e+02
5.481279907226562500e+02
4.416835937500000000e+02
3.391078186035156250e+02
2.572947082519531250e+02
2.883351440429687500e+02
7.658937988281250000e+02
2.222256774902343750e+02
3.263279724121093750e+01
2.602722778320312500e+02
6.725507202148437500e+02
4.274147949218750000e+02
6.576997680664062500e+02
3.014807434082031250e+02
2.955848388671875000e+02
2.900309753417968750e+02
6.630340576171875000e+02
5.046257324218750000e+02
2.394235687255859375e+02
3.924280090332031250e+02
5.840008544921875000e+02
7.979776611328125000e+02
5.932319335937500000e+02
3.166650085449218750e+02
2.865263671875000000e+02
1.791790313720703125e+02
6.212053222656250000e+02
5.292135009765625000e+02
7.448941040039062500e+02
6.987825317382812500e+02
4.197821350097656250e+02
6.937678222656250000e+02
2.536958618164062500e+02
2.932970581054687500e+02
2.695744323730468750e+02
5.308360595703125000e+02
3.055877380371093750e+02
5.956661376953125000e+02
3.691302185058593750e+02
1.610580139160156250e+02
8.594671020507812500e+02
6.072907714843750000e+02
2.921101379394531250e+02
2.585384216308593750e+02
3.027082519531250000e+02
2.780894775390625000e+02
8.752685546875000000e+02
3.126875915527343750e+02
2.673612365722656250e+02
5.365594482421875000e+02
6.956527709960937500e+02
5.999995727539062500e+02
2.072374114990234375e+02
1.159583618164062500e+03
1.096312713623046875e+02
1.294735412597656250e+02
2.927177734375000000e+02
8.935217285156250000e+02
1.567910766601562500e+02
4.375155029296875000e+02
1.080233840942382812e+02
1.304903411865234375e+02
7.187221679687500000e+02
1.443289642333984375e+02
5.025212402343750000e+02
4.356700134277343750e+02
1.161380157470703125e+02
3.094859313964843750e+02
2.995079040527343750e+02
2.470044097900390625e+02
3.827960510253906250e+02
4.045740966796875000e+02
3.447688903808593750e+02
2.979583740234375000e+02
1.434039611816406250e+02
3.940591735839843750e+02
9.853051147460937500e+02
4.005695495605468750e+02
5.014327087402343750e+02
3.436085510253906250e+02
8.697363281250000000e+02
4.344867553710937500e+02
7.432493286132812500e+02
3.215280761718750000e+02
3.915782470703125000e+02
9.916660766601562500e+02
2.940594177246093750e+02
6.769652099609375000e+02
1.395087738037109375e+02
5.335250854492187500e+02
4.212925415039062500e+02
3.332899475097656250e+02
3.575095214843750000e+02
4.882742309570312500e+02
3.970801391601562500e+02
5.575167236328125000e+02
7.342288208007812500e+02
9.993807220458984375e+01
2.608656616210937500e+02
4.883982238769531250e+02
3.102987365722656250e+02
2.652642211914062500e+02
2.804917297363281250e+02
6.831787719726562500e+02
4.101060180664062500e+02
5.971142578125000000e+02
3.575293273925781250e+02
5.908611450195312500e+02
5.858348388671875000e+02
3.880329284667968750e+02
4.880549621582031250e+02
2.253980255126953125e+02
5.365903320312500000e+02
2.411217498779296875e+02
2.639114990234375000e+02
1.080201171875000000e+03
3.952566528320312500e+02
4.633632812500000000e+02
5.001665039062500000e+02
6.304310913085937500e+02
4.267670898437500000e+02
4.417247314453125000e+02
4.690269775390625000e+02
5.106465759277343750e+02
5.868755493164062500e+02
4.566506042480468750e+02
7.252589416503906250e+01
3.469463195800781250e+02
5.220993041992187500e+02
3.743770446777343750e+02
7.107148437500000000e+02
1.956882476806640625e+02
3.364149169921875000e+02
5.889641113281250000e+02
3.388932495117187500e+02
2.674867553710937500e+02
1.013250549316406250e+03
2.906568908691406250e+02
3.479868164062500000e+02
3.372282714843750000e+02
7.774234008789062500e+02
4.988814697265625000e+02
9.655744018554687500e+02
2.430144195556640625e+02
3.994208068847656250e+02
5.645206909179687500e+02
3.086298217773437500e+02
2.311770629882812500e+02
7.264442749023437500e+02
3.771088256835937500e+02
6.421819458007812500e+02
2.084297943115234375e+02
3.314773254394531250e+02
4.758769531250000000e+02
2.379971466064453125e+02
4.113187561035156250e+02
5.066189575195312500e+02
2.774488525390625000e+02
3.422410583496093750e+02
2.108340454101562500e+02
4.285310363769531250e+02
3.354924316406250000e+02
3.538720397949218750e+02
8.097321166992187500e+02
1.496357879638671875e+02
5.541818847656250000e+02
6.724165649414062500e+02
2.536637878417968750e+02
4.626615905761718750e+02
4.096781311035156250e+02
3.807015686035156250e+02
4.924078979492187500e+02
4.251540222167968750e+02
2.129827575683593750e+02
4.398937988281250000e+02
1.008598693847656250e+03
1.665286254882812500e+02
1.946809234619140625e+02
5.162352905273437500e+02
9.096668090820312500e+02
4.244369201660156250e+02
8.174291992187500000e+02
7.062754516601562500e+02
3.376349487304687500e+02
7.158187255859375000e+02
3.607112731933593750e+02
6.156621093750000000e+02
2.370181579589843750e+02
1.136493377685546875e+02
1.046224212646484375e+02
6.034067382812500000e+02
4.184709167480468750e+02
3.649896545410156250e+02
5.003922119140625000e+02
4.725017089843750000e+02
4.962730712890625000e+02
6.858460083007812500e+02
4.435165710449218750e+02
1.426715850830078125e+02
2.719309997558593750e+02
9.673165283203125000e+02
2.631330261230468750e+02
3.368035583496093750e+02
7.401426391601562500e+02
3.759559631347656250e+02
1.306106872558593750e+02
3.515907897949218750e+02
1.702028656005859375e+02
2.846503601074218750e+02
6.829458007812500000e+02
6.161110229492187500e+02
5.241705932617187500e+02
3.734970397949218750e+02
4.329877929687500000e+02
4.104526672363281250e+02
5.843296508789062500e+02
5.456815185546875000e+02
3.850172729492187500e+02
3.085543518066406250e+02
7.738570556640625000e+02
3.192640075683593750e+02
3.744158935546875000e+02
4.947855834960937500e+02
2.364961547851562500e+02
3.903451232910156250e+02
1.307646118164062500e+03
2.843147888183593750e+02
1.988451385498046875e+02
6.652030639648437500e+02
5.889068603515625000e+02
6.855614013671875000e+02
5.492380371093750000e+02
2.407085876464843750e+02
4.481138305664062500e+02
2.876987915039062500e+02
8.017141113281250000e+02
2.470166625976562500e+02
4.052457275390625000e+02
2.312631530761718750e+02
3.014105224609375000e+02
4.226721801757812500e+02
2.858221740722656250e+02
2.428085479736328125e+02
2.863175964355468750e+02
2.264115295410156250e+02
5.101857299804687500e+02
4.628607788085937500e+02
3.241796875000000000e+02
3.223711853027343750e+02
5.200298461914062500e+02
6.477412719726562500e+02
4.063016662597656250e+02
3.409406127929687500e+02
5.321854858398437500e+02
4.941936340332031250e+02
2.587565307617187500e+02
4.542556457519531250e+02
7.610571899414062500e+02
7.584714965820312500e+02
8.679958496093750000e+02
3.224561767578125000e+02
6.202511596679687500e+02
5.720502319335937500e+02
7.581403808593750000e+02
3.020357971191406250e+02
3.455390319824218750e+02
7.848245239257812500e+02
3.933312377929687500e+02
1.614375457763671875e+02
4.160621032714843750e+02
1.898331756591796875e+02
4.813673095703125000e+02
3.448945922851562500e+02
5.820949707031250000e+02
2.439412078857421875e+02
3.888322143554687500e+02
3.029325561523437500e+02
5.427562255859375000e+02
5.937612915039062500e+02
3.053791503906250000e+02
5.325957031250000000e+02
3.874639587402343750e+02
4.808719177246093750e+02
2.755217285156250000e+02
2.963683776855468750e+02
6.318995971679687500e+02
2.480066070556640625e+02
2.159050598144531250e+02
2.857301635742187500e+02
6.141624145507812500e+02
1.851193695068359375e+02
6.938829345703125000e+02
5.401813354492187500e+02
1.867503204345703125e+02
2.463739929199218750e+02
4.368623657226562500e+02
4.634708862304687500e+02
2.892500610351562500e+02
5.543436279296875000e+02
6.284258422851562500e+02
4.060995788574218750e+02
5.063769531250000000e+02
2.303363494873046875e+02
6.999909057617187500e+02
3.271132202148437500e+02
4.614278564453125000e+02
6.497363891601562500e+02
3.739395141601562500e+02
2.944304504394531250e+02
7.952315063476562500e+02
2.516214599609375000e+02
6.334296875000000000e+02
6.372128295898437500e+02
6.417080078125000000e+02
4.101137084960937500e+02
5.605341186523437500e+02
3.046466064453125000e+02
5.209735107421875000e+02
5.367312011718750000e+02
4.493385009765625000e+02
5.365127563476562500e+02
7.385866699218750000e+02
3.583417663574218750e+02
8.042151489257812500e+02
3.822667846679687500e+02
5.070617370605468750e+02
4.535214538574218750e+02
4.584082946777343750e+02
2.736636047363281250e+02
5.533645629882812500e+02
5.060929565429687500e+02
4.018847045898437500e+02
4.027964172363281250e+02
2.810449829101562500e+02
2.958364257812500000e+02
1.855290069580078125e+02
6.969907836914062500e+02
7.662226562500000000e+02
6.357060546875000000e+02
1.655093536376953125e+02
4.250560913085937500e+02
2.479552917480468750e+02
4.538801269531250000e+02
6.584100341796875000e+02
6.559467773437500000e+02
3.452228088378906250e+02
2.567579345703125000e+02
4.044788208007812500e+02
2.852119140625000000e+02
4.275901184082031250e+02
1.175981933593750000e+03
9.193212890625000000e+02
4.664192504882812500e+02
5.695971679687500000e+02
1.070371093750000000e+03
3.760075378417968750e+02
6.764710083007812500e+02
5.251828613281250000e+02
2.879042663574218750e+02
4.953656311035156250e+02
3.347342224121093750e+02
6.216661376953125000e+02
5.476833496093750000e+02
7.586632690429687500e+02
4.878783264160156250e+02
3.302406311035156250e+02
4.583468627929687500e+02
6.506428833007812500e+02
5.827315063476562500e+02
1.012767486572265625e+02
4.973672180175781250e+02
1.121455566406250000e+03
2.407122192382812500e+02
4.495970153808593750e+02
1.913967437744140625e+02
6.721273193359375000e+02
5.222811279296875000e+02
7.339744262695312500e+02
2.405623931884765625e+02
3.734235534667968750e+02
5.112907104492187500e+02
6.075375366210937500e+02
3.726736450195312500e+02
4.790054016113281250e+02
6.423831176757812500e+02
4.882938842773437500e+02
4.238512573242187500e+02
1.035290649414062500e+03
5.293391113281250000e+02
5.091768493652343750e+02
1.919817504882812500e+02
5.367965698242187500e+02
6.646669921875000000e+02
4.233717651367187500e+02
5.055707092285156250e+02
4.644607849121093750e+02
2.516808624267578125e+02
1.937008361816406250e+02
7.864917602539062500e+02
1.144111557006835938e+02
3.679057312011718750e+02
4.978546752929687500e+02
3.644416198730468750e+02
2.780705871582031250e+02
6.570938110351562500e+02
4.608871459960937500e+02
8.458168334960937500e+02
5.603491821289062500e+02
2.985413818359375000e+02
4.816953430175781250e+02
4.781480102539062500e+02
5.260979003906250000e+02
3.686804809570312500e+02
4.037665710449218750e+02
3.895408935546875000e+02
8.944824981689453125e+01
2.192559814453125000e+02
2.582274475097656250e+02
3.681228027343750000e+02
2.935651550292968750e+02
3.259816894531250000e+02
4.741871948242187500e+02
3.372622070312500000e+02
2.815564270019531250e+02
2.389026641845703125e+02
1.612470703125000000e+02
3.903137817382812500e+02
4.412477111816406250e+02
4.108378601074218750e+02
7.010147705078125000e+02
3.059949035644531250e+02
6.710333862304687500e+02
6.204684448242187500e+02
7.096736450195312500e+02
5.555971679687500000e+02
3.289182434082031250e+02
2.424171905517578125e+02
5.252892456054687500e+02
6.228587646484375000e+02
2.883397521972656250e+02
8.002556762695312500e+02
5.461866455078125000e+02
5.422302856445312500e+02
1.478368225097656250e+02
4.305645446777343750e+02
5.957560424804687500e+02
3.079760131835937500e+02
5.690917358398437500e+02
1.929037780761718750e+02
9.634691772460937500e+02
6.468271484375000000e+02
6.086484985351562500e+02
5.349785766601562500e+02
4.089967651367187500e+02
8.077928466796875000e+02
1.351952056884765625e+02
5.945432739257812500e+02
3.895028991699218750e+02
4.873847198486328125e+01
1.690923461914062500e+02
1.397967071533203125e+02
5.892280273437500000e+02
4.730438232421875000e+02
4.448670349121093750e+02
3.921860351562500000e+02
1.196840209960937500e+03
5.103997497558593750e+02
3.388815307617187500e+02
1.848904266357421875e+02
1.575061340332031250e+02
8.082800903320312500e+02
4.980574035644531250e+02
6.566688842773437500e+02
7.083184204101562500e+02
9.030606079101562500e+02
4.757958068847656250e+02
6.154884643554687500e+02
4.448542175292968750e+02
5.252670288085937500e+02
4.856584777832031250e+02
3.210551452636718750e+02
4.706269836425781250e+02
2.919812011718750000e+02
2.151740417480468750e+02
5.781425781250000000e+02
4.871033477783203125e+01
5.458756713867187500e+02
3.196169433593750000e+02
4.843040161132812500e+02
6.545379638671875000e+02
5.278756103515625000e+02
2.012151489257812500e+02
3.082716369628906250e+02
2.582908020019531250e+02
9.381881713867187500e+02
5.864583740234375000e+02
4.473185424804687500e+02
7.725664062500000000e+02
5.566482543945312500e+02
2.625723876953125000e+02
5.240693359375000000e+02
4.202770385742187500e+02
3.005651855468750000e+02
4.599228820800781250e+02
4.339745788574218750e+02
4.498907470703125000e+02
1.165221679687500000e+03
1.797145233154296875e+02
4.346286010742187500e+02
4.178693847656250000e+02
8.587139282226562500e+02
5.941793212890625000e+02
4.397905273437500000e+02
5.235540161132812500e+02
8.058547363281250000e+02
7.040998535156250000e+02
3.145715942382812500e+02
3.533747558593750000e+02
5.712457885742187500e+02
6.382214355468750000e+02
7.701760864257812500e+02
2.233063049316406250e+02
6.275217895507812500e+02
4.363525695800781250e+02
3.963446350097656250e+02
4.994245910644531250e+02
2.157055358886718750e+02
4.762948913574218750e+02
5.090864257812500000e+02
4.351343994140625000e+02
4.696893005371093750e+02
4.711157531738281250e+02
6.247376632690429688e+01
6.201845703125000000e+02
4.732348022460937500e+02
3.120114746093750000e+02
3.342113952636718750e+02
3.221307373046875000e+02
4.694705505371093750e+02
4.178517761230468750e+02
4.201109924316406250e+02
4.468617553710937500e+02
7.512328491210937500e+02
1.570784301757812500e+02
4.964933776855468750e+02
6.258280639648437500e+02
2.884976196289062500e+02
1.867691650390625000e+02
4.552468872070312500e+02
1.536764984130859375e+02
2.624096984863281250e+02
4.490803833007812500e+02
3.521408996582031250e+02
6.288098144531250000e+01
1.894055633544921875e+02
5.435572509765625000e+02
1.672256317138671875e+02
2.683950805664062500e+02
2.350596160888671875e+02
3.583834228515625000e+02
4.782762451171875000e+02
1.220726928710937500e+02
5.218374633789062500e+02
8.247772216796875000e+02
1.299730987548828125e+02
5.381801147460937500e+02
6.641295166015625000e+02
3.260492553710937500e+02
2.869833374023437500e+02
6.082795410156250000e+02
1.546092407226562500e+03
3.111140136718750000e+02
4.761843261718750000e+02
3.980785827636718750e+02
1.026872436523437500e+03
5.973018798828125000e+02
4.372782897949218750e+02
1.173065414428710938e+02
3.759082031250000000e+02
3.309559631347656250e+02
4.063705139160156250e+02
6.159147338867187500e+02
2.892204895019531250e+02
8.303654174804687500e+02
1.203436126708984375e+02
4.532831726074218750e+02
9.927546997070312500e+02
4.824250488281250000e+02
2.459795532226562500e+02
4.931650390625000000e+02
6.428178710937500000e+02
3.719011230468750000e+02
2.699400024414062500e+02
3.855576477050781250e+02
2.435880432128906250e+02
3.809951477050781250e+02
3.301248779296875000e+02
5.252868652343750000e+02
3.198951110839843750e+02
3.162018737792968750e+02
3.732832641601562500e+02
8.781295166015625000e+02
2.630509643554687500e+02
5.397931518554687500e+02
4.768829956054687500e+02
5.092967224121093750e+02
3.613966369628906250e+02
2.159015808105468750e+02
4.416302185058593750e+02
1.031583404541015625e+02
3.598340759277343750e+02
4.390314025878906250e+02
6.250056762695312500e+02
2.274220428466796875e+02
3.603238220214843750e+02
5.779558944702148438e+01
5.235623779296875000e+02
9.528482666015625000e+02
3.669896850585937500e+02
2.547918090820312500e+02
6.267545776367187500e+02
2.918500671386718750e+02
2.040962982177734375e+02
5.367399902343750000e+02
2.846635131835937500e+02
2.674685363769531250e+02
4.786489868164062500e+02
3.460924682617187500e+02
5.415670166015625000e+02
6.140161132812500000e+02
5.878763427734375000e+02
5.352185058593750000e+02
2.587397155761718750e+02
7.273381958007812500e+02
3.733254699707031250e+02
3.198702392578125000e+02
8.084835205078125000e+02
4.776751403808593750e+02
1.814950103759765625e+02
7.709400634765625000e+02
5.131380615234375000e+02
4.259629211425781250e+02
6.332346801757812500e+02
3.354356079101562500e+02
2.376044006347656250e+02
3.889312438964843750e+02
2.307246398925781250e+02
4.185487670898437500e+02
2.638574829101562500e+02
3.372787475585937500e+02
3.331723937988281250e+02
5.405006713867187500e+02
4.904463500976562500e+02
1.303972625732421875e+02
2.226646728515625000e+02
6.301170654296875000e+02
5.048103332519531250e+02
3.785340881347656250e+02
7.184953613281250000e+02
3.169875793457031250e+02
1.708916320800781250e+02
5.108578186035156250e+02
4.060918579101562500e+02
4.348563537597656250e+02
6.803342285156250000e+02
2.861779785156250000e+02
2.389212951660156250e+02
5.062183227539062500e+02
1.827254028320312500e+02
6.369080810546875000e+02
6.264302978515625000e+02
9.923203735351562500e+02
8.945695190429687500e+02
4.870419616699218750e+02
6.476151733398437500e+02
5.075714111328125000e+02
6.848029785156250000e+02
1.153668701171875000e+03
2.848921508789062500e+02
3.680698547363281250e+02
3.214217834472656250e+02
1.938973999023437500e+02
6.598978881835937500e+02
4.905875549316406250e+02
4.634910278320312500e+02
2.513456420898437500e+02
6.181552734375000000e+02
4.877146911621093750e+02
5.823526611328125000e+02
2.580957031250000000e+02
3.525464477539062500e+02
2.993763122558593750e+02
2.803229370117187500e+02
3.859914550781250000e+02
2.627811889648437500e+02
5.777314453125000000e+02
7.320991821289062500e+02
2.595889282226562500e+02
7.421657714843750000e+02
6.375446777343750000e+02
4.430104675292968750e+02
4.653135681152343750e+02
8.627372436523437500e+02
7.208041992187500000e+02
4.501912841796875000e+02
5.306248168945312500e+02
3.126152648925781250e+02
5.929971313476562500e+02
4.136187133789062500e+02
2.933633422851562500e+02
5.806911621093750000e+02
4.841424560546875000e+02
9.287343750000000000e+02
5.153590698242187500e+02
3.097641601562500000e+02
3.545486450195312500e+02
6.458218994140625000e+02
6.028081665039062500e+02
1.009761352539062500e+02
5.471640014648437500e+02
4.490084533691406250e+02
5.024616088867187500e+02
4.878587646484375000e+02
4.772285156250000000e+02
2.958000488281250000e+02
3.806611938476562500e+02
7.123739013671875000e+02
2.387113800048828125e+02
3.351719665527343750e+02
4.670097656250000000e+02
3.546517028808593750e+02
1.428703918457031250e+02
7.976140136718750000e+02
2.238960876464843750e+02
3.325713195800781250e+02
5.326375122070312500e+02
4.789867553710937500e+02
7.529233398437500000e+02
4.405073547363281250e+02
3.137223815917968750e+02
4.289985046386718750e+02
1.815201110839843750e+02
3.860224914550781250e+02
3.617013549804687500e+02
6.121304931640625000e+02
1.437940216064453125e+02
4.009776611328125000e+02
4.894696960449218750e+02
5.400722656250000000e+02
2.352343292236328125e+02
4.981711730957031250e+02
5.748206787109375000e+02
6.723769531250000000e+02
2.692200317382812500e+02
4.130335998535156250e+02
9.877902221679687500e+01
7.471007080078125000e+02
1.898889617919921875e+02
5.821109619140625000e+02
7.337731323242187500e+02
4.787205505371093750e+02
5.232285156250000000e+02
8.481962280273437500e+02
4.447305603027343750e+02
2.505627441406250000e+02
3.816575622558593750e+02
1.483443756103515625e+02
9.971597290039062500e+02
6.717444458007812500e+02
3.130920715332031250e+02
2.797581176757812500e+02
3.164954833984375000e+02
3.637119750976562500e+02
2.041633911132812500e+02
5.129743041992187500e+02
1.413302307128906250e+02
4.387754516601562500e+02
1.220588745117187500e+03
4.861808776855468750e+02
6.048144531250000000e+02
4.659205017089843750e+02
4.182050170898437500e+02
2.645491943359375000e+02
4.431896057128906250e+02
5.703324584960937500e+02
4.159333190917968750e+02
1.386030578613281250e+02
4.481624450683593750e+02
6.296263885498046875e+01
9.625087890625000000e+02
7.555493164062500000e+02
1.532796936035156250e+02
6.094644165039062500e+02
5.246068725585937500e+02
3.916574096679687500e+02
5.403606567382812500e+02
5.552915039062500000e+02
1.941138153076171875e+02
2.509470214843750000e+02
4.303181152343750000e+02
3.453494873046875000e+02
4.275856933593750000e+02
7.675650024414062500e+02
3.837326049804687500e+02
4.378653564453125000e+02
6.009084472656250000e+02
1.593164978027343750e+02
7.184309692382812500e+02
2.370119018554687500e+02
5.470593261718750000e+02
4.103595886230468750e+02
2.272344207763671875e+02
4.838648071289062500e+02
6.132254028320312500e+02
5.269082641601562500e+02
3.337394104003906250e+02
4.781025695800781250e+02
4.525475769042968750e+02
1.549579772949218750e+02
6.447020874023437500e+02
5.578227539062500000e+02
6.091191406250000000e+02
4.922510986328125000e+02
3.004103698730468750e+02
4.294709167480468750e+02
5.487209472656250000e+02
1.473730621337890625e+02
3.865824890136718750e+02
1.842519378662109375e+02
2.752158813476562500e+02
5.974913940429687500e+02
4.657941589355468750e+02
5.908796386718750000e+02
2.417760467529296875e+02
4.377865600585937500e+02
3.239724731445312500e+02
5.285708618164062500e+02
1.916665496826171875e+02
1.081568969726562500e+03
5.440360107421875000e+02
2.337231750488281250e+02
3.013968505859375000e+02
1.273642425537109375e+02
2.696379089355468750e+02
3.502698059082031250e+02
2.808105163574218750e+02
1.549776763916015625e+02
2.601769104003906250e+02
6.850740966796875000e+02
4.450059204101562500e+02
3.934910583496093750e+02
5.277069702148437500e+02
2.777272338867187500e+02
4.234387207031250000e+02
3.818392333984375000e+02
5.908815383911132812e+01
1.488260955810546875e+02
7.643241577148437500e+02
1.772241058349609375e+02
1.786203460693359375e+02
4.523338012695312500e+02
4.632639465332031250e+02
6.108577880859375000e+02
7.804426269531250000e+02
2.493813934326171875e+02
4.501551208496093750e+02
4.168985900878906250e+02
5.474564208984375000e+02
3.565355224609375000e+02
4.613338623046875000e+02
1.532056579589843750e+02
7.708811645507812500e+02
2.902564697265625000e+02
7.753599853515625000e+02
3.727169189453125000e+02
8.350323486328125000e+02
3.712738342285156250e+02
2.091460571289062500e+02
4.904835815429687500e+02
5.212852172851562500e+02
3.802749938964843750e+02
6.712771606445312500e+02
3.165606689453125000e+02
3.890671997070312500e+02
5.920238647460937500e+02
5.733482055664062500e+02
3.875191650390625000e+02
4.915091247558593750e+02
2.110594940185546875e+02
3.015937500000000000e+02
7.403593139648437500e+02
6.925286254882812500e+02
4.844277038574218750e+02
7.818657226562500000e+02
7.456570434570312500e+02
7.019974975585937500e+02
1.550494689941406250e+02
6.970838623046875000e+02
8.829743041992187500e+02
5.548967895507812500e+02
3.548757324218750000e+02
4.904225158691406250e+02
7.158218383789062500e+02
2.522650756835937500e+02
3.292537231445312500e+02
1.713206176757812500e+02
6.939643554687500000e+02
4.337770690917968750e+02
3.071006164550781250e+02
5.889622802734375000e+02
6.215745239257812500e+02
7.548957519531250000e+02
1.916817474365234375e+02
7.355090942382812500e+02
4.246111755371093750e+02
4.196321411132812500e+02
5.033007202148437500e+02
6.132346801757812500e+02
3.990919494628906250e+02
7.213554077148437500e+02
3.324030151367187500e+02
4.550474548339843750e+02
4.808902282714843750e+02
3.143649597167968750e+02
7.921009826660156250e+01
3.170452575683593750e+02
5.737198486328125000e+02
4.838262939453125000e+02
4.384312744140625000e+02
8.219467163085937500e+02
5.456494140625000000e+02
2.470422210693359375e+02
8.227818603515625000e+02
5.444846191406250000e+02
4.189998474121093750e+02
7.317744750976562500e+02
5.632779541015625000e+02
3.295848083496093750e+02
2.955925598144531250e+02
5.719191284179687500e+02
2.015615844726562500e+02
1.220270141601562500e+03
6.867955322265625000e+02
2.356531982421875000e+02
4.266128234863281250e+02
4.039533081054687500e+02
6.647650146484375000e+02
4.400558471679687500e+02
6.640801391601562500e+02
2.790446166992187500e+02
4.692248229980468750e+02
4.800155944824218750e+02
2.675090332031250000e+02
3.446268615722656250e+02
2.489857025146484375e+02
5.027213745117187500e+02
2.781157226562500000e+02
2.790057067871093750e+02
2.342257843017578125e+02
7.101660766601562500e+02
4.529344177246093750e+02
4.684067077636718750e+02
4.048479309082031250e+02
4.837080383300781250e+02
4.608508300781250000e+02
6.716492309570312500e+02
6.442496948242187500e+02
3.032234191894531250e+02
1.104815917968750000e+03
1.080360336303710938e+02
2.645732421875000000e+02
5.345026855468750000e+02
4.349013977050781250e+02
4.325369567871093750e+02
2.599506835937500000e+02
9.367585449218750000e+02
3.558346252441406250e+02
3.114727172851562500e+02
3.352085876464843750e+02
1.658537597656250000e+02
3.332489624023437500e+02
5.790383911132812500e+02
5.866217041015625000e+02
4.228509216308593750e+02
3.267606201171875000e+02
7.807955322265625000e+02
5.429180908203125000e+02
3.278436889648437500e+02
4.472117614746093750e+02
2.729078063964843750e+02
5.958540649414062500e+02
5.108424377441406250e+02
2.116453399658203125e+02
5.539340820312500000e+02
6.886916503906250000e+02
4.922706298828125000e+02
2.699512939453125000e+02
3.957716064453125000e+02
6.641000366210937500e+02
2.029452514648437500e+02
2.817239685058593750e+02
2.926815795898437500e+02
4.032315673828125000e+02
2.646177368164062500e+02
4.181711730957031250e+02
3.187072753906250000e+02
4.186017150878906250e+02
2.170097503662109375e+02
3.512773742675781250e+02
2.131199188232421875e+02
5.418848266601562500e+02
3.807071838378906250e+02
8.520509643554687500e+02
3.898164367675781250e+02
8.111373901367187500e+01
3.526595764160156250e+02
9.896427154541015625e+01
2.272422027587890625e+02
6.252733154296875000e+02
7.337737426757812500e+02
1.799352416992187500e+02
3.516473388671875000e+02
2.430613861083984375e+02
2.465428924560546875e+02
2.242089385986328125e+02
3.449809265136718750e+02
4.428277587890625000e+02
4.935302429199218750e+02
7.768264770507812500e+02
3.077151184082031250e+02
4.591466674804687500e+02
5.419060058593750000e+02
8.576771240234375000e+02
6.791104736328125000e+02
4.570903015136718750e+02
6.086477050781250000e+02
1.393164062500000000e+02
2.902477722167968750e+02
2.444867095947265625e+02
3.012324218750000000e+02
4.156628723144531250e+02
7.712330932617187500e+02
7.918142089843750000e+02
3.988387756347656250e+02
1.995057525634765625e+02
2.831529846191406250e+02
7.294907226562500000e+02
2.651665954589843750e+02
6.483159790039062500e+02
5.255065917968750000e+02
1.119925048828125000e+03
5.740325317382812500e+02
3.622178649902343750e+02
2.842031860351562500e+02
4.961554870605468750e+02
5.821094360351562500e+02
3.811946105957031250e+02
5.590483398437500000e+02
7.933863525390625000e+02
6.128811035156250000e+02
6.309551391601562500e+02
7.865196533203125000e+02
2.441436614990234375e+02
7.512847290039062500e+02
3.332042541503906250e+02
7.466074218750000000e+02
3.520250549316406250e+02
