3.464855041503906250e+02
7.020048828125000000e+02
1.339627380371093750e+02
7.832583618164062500e+02
1.191584854125976562e+02
3.760771789550781250e+02
4.712786560058593750e+02
1.186689331054687500e+03
5.825857543945312500e+02
2.952632446289062500e+02
6.622580566406250000e+02
3.390125427246093750e+02
4.499281616210937500e+02
2.391951293945312500e+02
7.991937255859375000e+02
4.099827575683593750e+02
3.598042602539062500e+02
7.432268066406250000e+02
3.292594604492187500e+02
4.037204589843750000e+02
3.940353698730468750e+02
3.899655761718750000e+02
4.616486816406250000e+02
3.956283264160156250e+02
2.544323120117187500e+02
4.878164367675781250e+02
3.793240966796875000e+02
1.286925354003906250e+02
7.327369384765625000e+02
7.189754028320312500e+02
4.233340759277343750e+02
3.559884338378906250e+02
5.157638549804687500e+02
8.410519409179687500e+02
7.274257812500000000e+02
4.369436645507812500e+02
1.570275634765625000e+03
2.245731811523437500e+02
1.509029388427734375e+02
5.732044067382812500e+02
2.397405548095703125e+02
2.445422058105468750e+02
3.118171997070312500e+02
4.232041015625000000e+02
1.974043426513671875e+02
3.043986206054687500e+02
5.746115722656250000e+02
5.215307617187500000e+02
3.474794616699218750e+02
5.082151184082031250e+02
2.726914672851562500e+02
3.310844421386718750e+02
5.164277954101562500e+02
4.008022155761718750e+02
3.160527038574218750e+02
4.469260253906250000e+02
2.918850708007812500e+02
3.307654418945312500e+02
6.444237670898437500e+02
2.220535125732421875e+02
4.019937438964843750e+02
4.465484008789062500e+02
1.267388610839843750e+02
3.645072631835937500e+02
3.785337524414062500e+02
4.257910156250000000e+02
4.029632873535156250e+02
2.974075927734375000e+02
3.223286132812500000e+02
3.123760375976562500e+02
5.418801269531250000e+02
6.338799438476562500e+02
3.297904052734375000e+02
4.552622070312500000e+02
2.632380676269531250e+02
3.906053466796875000e+02
2.904903869628906250e+02
8.190736083984375000e+02
2.632122802734375000e+02
2.182909088134765625e+02
4.477843322753906250e+02
3.632588500976562500e+02
5.220064086914062500e+02
2.169553222656250000e+02
7.724627075195312500e+02
2.622225952148437500e+02
2.043988647460937500e+02
2.293410034179687500e+02
2.426301879882812500e+02
6.122087402343750000e+02
6.240269775390625000e+02
7.728222656250000000e+01
5.922690429687500000e+02
3.566242370605468750e+02
3.198753051757812500e+02
4.076298522949218750e+02
3.235155944824218750e+02
3.834344787597656250e+02
3.699128723144531250e+02
3.368164978027343750e+02
4.616572570800781250e+02
3.538703613281250000e+02
5.709202880859375000e+02
4.747229309082031250e+02
6.840871582031250000e+02
8.604985351562500000e+02
3.394724426269531250e+02
2.037765808105468750e+02
5.748753051757812500e+02
2.240227966308593750e+02
2.568489074707031250e+02
1.131533508300781250e+02
5.595292358398437500e+02
6.641397094726562500e+02
2.645660095214843750e+02
7.745945434570312500e+02
4.668801879882812500e+02
1.261965484619140625e+02
6.413354492187500000e+02
4.035558471679687500e+02
8.115349121093750000e+02
2.273055877685546875e+02
2.845378112792968750e+02
5.269289550781250000e+02
8.796492309570312500e+02
3.770036621093750000e+02
9.109331665039062500e+02
4.891416931152343750e+02
6.790149536132812500e+02
6.841972656250000000e+02
2.609580688476562500e+02
8.684647216796875000e+02
4.411803588867187500e+02
2.712053833007812500e+02
4.505546875000000000e+02
5.155095214843750000e+02
3.254202575683593750e+02
3.202428588867187500e+02
2.526934661865234375e+02
2.940595092773437500e+02
1.098171386718750000e+03
5.237250976562500000e+02
1.658396911621093750e+02
7.665820922851562500e+02
5.514097290039062500e+02
1.091102783203125000e+03
3.623798828125000000e+02
8.784577636718750000e+02
3.520829772949218750e+02
2.823372497558593750e+02
4.681735839843750000e+02
2.411112213134765625e+02
2.456475067138671875e+02
5.998448486328125000e+02
7.319636230468750000e+02
2.734849853515625000e+02
3.863712463378906250e+02
5.406676635742187500e+02
9.175307006835937500e+02
6.755141601562500000e+02
5.032515869140625000e+02
6.694840087890625000e+02
3.636656188964843750e+02
3.639025573730468750e+02
8.106028442382812500e+02
4.675155944824218750e+02
5.357995605468750000e+02
1.618642272949218750e+02
3.708603515625000000e+02
4.354213562011718750e+02
4.719642944335937500e+02
2.746852416992187500e+02
5.894959106445312500e+02
3.733456726074218750e+02
6.303612060546875000e+02
3.624109191894531250e+02
6.192268676757812500e+02
5.071612243652343750e+02
1.761599731445312500e+02
5.926599731445312500e+02
5.353234252929687500e+02
5.174854736328125000e+02
6.015428466796875000e+02
4.104369506835937500e+02
6.540411376953125000e+02
3.279013671875000000e+02
4.780240478515625000e+02
2.173054046630859375e+02
1.940054931640625000e+02
2.477097320556640625e+02
4.354097595214843750e+02
7.407675170898437500e+02
4.755594177246093750e+02
4.045699157714843750e+02
3.091138000488281250e+02
2.999037475585937500e+02
4.891435852050781250e+02
3.640562133789062500e+02
2.759065551757812500e+02
5.457410888671875000e+02
2.917402954101562500e+02
5.659274291992187500e+01
9.020619964599609375e+01
1.748957061767578125e+02
5.045246582031250000e+02
6.262882080078125000e+02
4.065854187011718750e+02
4.013742370605468750e+02
1.894975738525390625e+02
2.600536804199218750e+02
8.804771728515625000e+02
6.383731689453125000e+02
3.823922729492187500e+02
1.622877655029296875e+02
5.953313598632812500e+02
2.096921386718750000e+02
2.646191101074218750e+02
5.949857788085937500e+02
4.671985778808593750e+02
5.955410766601562500e+02
1.959414825439453125e+02
4.231646118164062500e+02
1.921431427001953125e+02
3.416857910156250000e+02
4.898950805664062500e+02
6.287544555664062500e+02
3.267858581542968750e+02
1.825069885253906250e+02
6.212064819335937500e+02
4.393390197753906250e+02
4.794147949218750000e+02
1.872315368652343750e+02
3.959682006835937500e+02
3.885276794433593750e+02
8.039468383789062500e+02
6.820038452148437500e+02
4.559680786132812500e+02
3.207738342285156250e+02
7.596660766601562500e+02
9.498861694335937500e+02
3.105302429199218750e+02
3.463617248535156250e+02
3.422033386230468750e+02
6.328858032226562500e+02
5.001013183593750000e+02
2.274521636962890625e+02
7.276459350585937500e+02
4.653098144531250000e+02
1.829542694091796875e+02
5.298624267578125000e+02
4.711702880859375000e+02
8.457769012451171875e+01
1.023044509887695312e+02
5.550063476562500000e+02
8.777278442382812500e+02
5.611303100585937500e+02
1.925745239257812500e+02
1.039705078125000000e+03
4.797817077636718750e+02
7.271456909179687500e+02
4.377880554199218750e+02
5.005837707519531250e+02
4.922105407714843750e+02
4.411335144042968750e+02
1.980474548339843750e+02
1.437770690917968750e+02
5.568321533203125000e+02
2.867103271484375000e+02
6.746351318359375000e+02
9.597590942382812500e+02
3.093924255371093750e+02
4.885773620605468750e+02
3.501586608886718750e+02
3.324126892089843750e+02
4.341020507812500000e+02
2.957293701171875000e+02
4.604711608886718750e+02
3.820568847656250000e+02
3.120059204101562500e+02
1.943660430908203125e+02
2.918443603515625000e+02
1.859342498779296875e+02
2.830926818847656250e+02
1.732347564697265625e+02
5.122941284179687500e+02
3.571377258300781250e+02
5.339672241210937500e+02
9.868569946289062500e+02
2.731398620605468750e+02
4.754083251953125000e+02
7.663433227539062500e+02
3.118722839355468750e+02
8.454713745117187500e+02
5.390709228515625000e+02
1.859583740234375000e+02
4.116610717773437500e+02
5.406273193359375000e+02
3.444794616699218750e+02
4.680773315429687500e+02
2.159827270507812500e+02
8.945232543945312500e+02
7.661204223632812500e+02
7.663153839111328125e+01
5.558520507812500000e+02
4.343312377929687500e+02
2.125195465087890625e+02
3.096325378417968750e+02
3.649988098144531250e+02
3.688008117675781250e+02
7.723901977539062500e+02
5.015227661132812500e+02
5.630836791992187500e+02
3.648517761230468750e+02
3.394374389648437500e+02
2.357784118652343750e+02
4.357224426269531250e+02
5.256045532226562500e+02
2.360431213378906250e+02
3.965620727539062500e+02
3.222631530761718750e+02
4.958456726074218750e+02
9.195658569335937500e+02
2.408330383300781250e+02
3.344491882324218750e+02
3.377532958984375000e+02
1.924594421386718750e+02
3.874422912597656250e+02
6.055733032226562500e+02
4.706612854003906250e+02
1.975061645507812500e+02
5.144819335937500000e+02
1.558587341308593750e+02
2.892221984863281250e+02
7.665242309570312500e+02
4.523253479003906250e+02
1.053123535156250000e+03
1.617282257080078125e+02
2.960823364257812500e+02
5.436959838867187500e+02
1.365808410644531250e+02
2.870602722167968750e+02
3.096759033203125000e+02
3.700910034179687500e+02
3.849096069335937500e+02
1.651357116699218750e+02
5.340090332031250000e+02
1.325054779052734375e+02
3.976819152832031250e+02
6.549462280273437500e+02
4.642896728515625000e+02
3.020989379882812500e+02
1.715309143066406250e+02
7.682400512695312500e+02
4.805886840820312500e+02
5.671288452148437500e+02
2.951190185546875000e+02
6.580433349609375000e+02
7.632577514648437500e+02
6.323563842773437500e+02
4.880885925292968750e+02
8.547620239257812500e+02
6.577083740234375000e+02
2.973933410644531250e+02
2.557666473388671875e+02
3.357331542968750000e+02
3.852094421386718750e+02
2.739128417968750000e+02
4.609246520996093750e+02
1.968567962646484375e+02
3.108150634765625000e+02
8.430186767578125000e+02
3.169248962402343750e+02
8.005267944335937500e+02
3.947562561035156250e+02
1.498895416259765625e+02
3.141514282226562500e+02
4.692987670898437500e+02
5.083883972167968750e+02
2.216187744140625000e+02
2.436979064941406250e+02
4.388455810546875000e+02
3.259140625000000000e+02
2.718955383300781250e+02
4.189883728027343750e+02
5.904571533203125000e+02
6.226280517578125000e+02
6.118468627929687500e+02
6.613233032226562500e+02
3.778023071289062500e+02
4.968955078125000000e+02
6.153380126953125000e+02
5.335734252929687500e+02
5.767418212890625000e+02
3.389216308593750000e+02
5.477394409179687500e+02
6.559241333007812500e+02
5.911082763671875000e+02
1.918336944580078125e+02
2.738340148925781250e+02
4.535054016113281250e+02
4.468171081542968750e+02
6.958739624023437500e+02
1.842996063232421875e+02
7.372216186523437500e+02
6.496643066406250000e+02
4.045782165527343750e+02
2.754558410644531250e+02
3.405905456542968750e+02
6.720108642578125000e+02
5.765680541992187500e+02
8.790211486816406250e+01
6.845643310546875000e+02
5.488569946289062500e+02
3.033616027832031250e+02
4.469583740234375000e+02
3.716080627441406250e+02
3.327449951171875000e+02
3.734843750000000000e+02
3.616072082519531250e+02
4.592498779296875000e+02
6.167359008789062500e+02
5.506074829101562500e+02
3.891454467773437500e+02
1.750498199462890625e+02
1.810481872558593750e+02
7.610585327148437500e+02
6.886735839843750000e+02
2.895006103515625000e+02
9.880565795898437500e+02
7.323794555664062500e+02
1.415560760498046875e+02
6.952137451171875000e+02
4.106915588378906250e+02
4.204060058593750000e+02
3.165710449218750000e+02
6.007460327148437500e+02
5.793906860351562500e+02
2.010297393798828125e+02
5.870631103515625000e+02
4.144367065429687500e+02
3.589978637695312500e+02
1.933369140625000000e+02
1.305353515625000000e+03
4.392700195312500000e+02
3.174571838378906250e+02
6.602697753906250000e+02
4.483998718261718750e+02
4.390238952636718750e+02
5.801268310546875000e+02
2.211832580566406250e+02
6.542503662109375000e+02
3.332359924316406250e+02
1.635662689208984375e+02
4.949814453125000000e+02
5.031574401855468750e+02
6.308735961914062500e+02
1.017297424316406250e+03
8.626437988281250000e+02
6.358516845703125000e+02
7.713977050781250000e+02
3.747756958007812500e+02
3.953538818359375000e+02
4.691628723144531250e+02
3.399694824218750000e+02
1.252776794433593750e+02
5.270490722656250000e+02
5.377398681640625000e+02
3.246301879882812500e+02
3.881811218261718750e+02
5.283418579101562500e+02
4.173369750976562500e+02
1.401274261474609375e+02
4.871373901367187500e+02
2.892991638183593750e+02
6.772106323242187500e+02
6.156950683593750000e+02
4.687851562500000000e+02
6.653848266601562500e+02
1.786275482177734375e+02
6.063230590820312500e+02
5.828700561523437500e+02
5.154052124023437500e+02
6.772547607421875000e+02
2.844398193359375000e+02
2.162913055419921875e+02
4.716114196777343750e+02
7.693884887695312500e+02
3.186750183105468750e+02
3.557924194335937500e+02
6.701881713867187500e+02
5.888592529296875000e+02
3.515200195312500000e+02
2.636568603515625000e+02
4.997947082519531250e+02
2.264370880126953125e+02
4.326178283691406250e+02
6.262928466796875000e+02
4.935305786132812500e+02
3.457527465820312500e+02
8.054012451171875000e+02
2.445434265136718750e+02
1.339651794433593750e+02
6.602369995117187500e+02
4.798790893554687500e+02
3.641048889160156250e+02
5.522185668945312500e+02
6.088217773437500000e+02
4.413408508300781250e+02
1.932223205566406250e+02
9.882397460937500000e+02
5.198642578125000000e+02
4.293806762695312500e+02
4.401379089355468750e+02
6.136287231445312500e+02
1.960886840820312500e+02
4.638498840332031250e+02
4.122265625000000000e+02
6.064335327148437500e+02
6.556310424804687500e+02
4.898271179199218750e+02
1.678250274658203125e+02
5.373291625976562500e+02
2.542356109619140625e+02
5.908315429687500000e+02
3.156893310546875000e+02
1.033889770507812500e+03
1.418971710205078125e+02
4.232014465332031250e+02
6.609543457031250000e+02
4.034658813476562500e+02
2.904141845703125000e+02
7.319689941406250000e+02
7.475880126953125000e+02
6.046828613281250000e+02
3.255295410156250000e+02
3.859149475097656250e+02
2.923173522949218750e+02
6.708718872070312500e+02
4.473077392578125000e+02
4.779250488281250000e+02
1.066235839843750000e+03
3.030955505371093750e+02
3.398092346191406250e+02
9.489967041015625000e+02
1.986059875488281250e+02
4.472003479003906250e+02
2.951437072753906250e+02
5.588136596679687500e+02
5.279158935546875000e+02
2.360332641601562500e+02
4.863307495117187500e+02
5.594877319335937500e+02
6.091676635742187500e+02
4.631732177734375000e+02
1.018503479003906250e+03
7.137600708007812500e+02
1.616941986083984375e+02
8.397363891601562500e+02
2.954963378906250000e+02
4.521889953613281250e+02
2.045510101318359375e+02
3.915042419433593750e+02
3.869757995605468750e+02
3.055831909179687500e+02
7.321057128906250000e+02
3.194409790039062500e+02
6.698400878906250000e+02
5.215748901367187500e+02
2.522955169677734375e+02
2.953516540527343750e+02
2.158589324951171875e+02
5.719208374023437500e+02
3.172146911621093750e+02
6.366272583007812500e+02
2.540906982421875000e+02
2.433109741210937500e+02
5.286318359375000000e+02
2.669044494628906250e+02
7.934869384765625000e+02
7.756923217773437500e+02
3.524190673828125000e+02
1.241094512939453125e+02
1.732923278808593750e+02
2.931891174316406250e+02
2.491263427734375000e+02
3.619877014160156250e+02
2.786753845214843750e+02
4.896179199218750000e+02
3.790614013671875000e+02
4.441660156250000000e+02
3.772974853515625000e+02
7.243488769531250000e+02
5.811706542968750000e+02
3.515432128906250000e+02
5.128085937500000000e+02
5.390879516601562500e+02
4.965811767578125000e+02
6.596585083007812500e+02
5.106334228515625000e+02
3.365126953125000000e+02
3.233443298339843750e+02
3.747468872070312500e+02
2.161113586425781250e+02
7.524240112304687500e+02
4.521099548339843750e+02
3.928556213378906250e+02
2.816198120117187500e+02
3.388187561035156250e+02
5.229906005859375000e+02
7.992777099609375000e+02
5.664525146484375000e+02
2.425651702880859375e+02
1.298855743408203125e+02
1.027976684570312500e+03
4.285727539062500000e+02
2.417677154541015625e+02
6.840057983398437500e+02
3.261399536132812500e+02
8.360252685546875000e+02
2.941898803710937500e+02
5.607731933593750000e+02
9.799229125976562500e+02
8.011557617187500000e+02
5.439241333007812500e+02
1.992597961425781250e+02
7.461353149414062500e+02
3.113400268554687500e+02
4.272974243164062500e+02
3.154924926757812500e+02
4.855328979492187500e+02
5.035649108886718750e+02
4.572870788574218750e+02
1.000436157226562500e+03
5.453958740234375000e+02
3.757268676757812500e+02
5.804224853515625000e+02
2.446037139892578125e+02
3.352409973144531250e+02
1.828345031738281250e+02
7.587805175781250000e+02
4.664438476562500000e+02
4.922156066894531250e+02
5.885935668945312500e+02
2.166226806640625000e+02
4.089753112792968750e+02
8.913355102539062500e+02
7.637252197265625000e+02
1.833167266845703125e+02
3.174468078613281250e+02
5.515037841796875000e+02
2.958472900390625000e+02
8.483712158203125000e+02
3.852897338867187500e+02
7.457420349121093750e+01
1.621297607421875000e+02
6.541900634765625000e+02
7.302443237304687500e+02
3.927297973632812500e+02
3.581515808105468750e+02
1.456525573730468750e+02
5.919581909179687500e+02
2.363407135009765625e+02
5.273205566406250000e+02
4.516560668945312500e+02
1.391919067382812500e+03
6.869157714843750000e+02
5.021010131835937500e+02
1.825406188964843750e+02
9.944033203125000000e+02
3.355516662597656250e+02
5.615019531250000000e+02
8.052898559570312500e+02
7.688565673828125000e+02
4.300966186523437500e+02
3.513160095214843750e+02
5.495269775390625000e+02
6.726698608398437500e+02
3.340761718750000000e+02
6.347335815429687500e+02
1.413988189697265625e+02
5.932877807617187500e+02
5.223723754882812500e+02
3.935020751953125000e+02
4.510042724609375000e+02
7.522512207031250000e+02
8.323201293945312500e+02
4.073206481933593750e+02
4.620646667480468750e+02
1.751730651855468750e+02
7.777222290039062500e+02
3.712609558105468750e+02
6.034788208007812500e+02
7.158993530273437500e+02
4.555004272460937500e+02
1.138514328002929688e+02
4.434249572753906250e+02
7.876798095703125000e+02
4.054263305664062500e+02
7.720654907226562500e+02
1.135152954101562500e+03
4.705766601562500000e+02
2.257089233398437500e+02
6.403222656250000000e+02
5.514469604492187500e+02
3.567565612792968750e+02
2.665656433105468750e+02
7.023126831054687500e+02
3.848790893554687500e+02
5.319985351562500000e+02
3.547375488281250000e+02
1.846816864013671875e+02
2.813201599121093750e+02
5.021905822753906250e+02
3.310508422851562500e+02
3.928102722167968750e+02
3.206680603027343750e+02
2.080079040527343750e+02
5.014899291992187500e+02
3.518761901855468750e+02
2.441834106445312500e+02
3.794848632812500000e+02
3.667331237792968750e+02
4.902703552246093750e+02
6.560964355468750000e+02
5.817355957031250000e+02
5.477005615234375000e+02
5.183767700195312500e+02
4.639898071289062500e+02
5.618011474609375000e+02
3.488704833984375000e+02
3.165760192871093750e+02
1.770146026611328125e+02
6.376119384765625000e+02
2.623248596191406250e+02
1.037250976562500000e+03
4.695521240234375000e+02
4.885722351074218750e+02
3.958610229492187500e+02
5.479483642578125000e+02
6.773955688476562500e+02
6.170812377929687500e+02
2.782878723144531250e+02
4.146544799804687500e+02
3.710577392578125000e+02
1.055369415283203125e+02
2.632463073730468750e+02
6.118613891601562500e+02
4.754544067382812500e+02
5.874100952148437500e+02
2.766620788574218750e+02
1.937743377685546875e+02
2.811027832031250000e+02
6.969196777343750000e+02
2.968976440429687500e+02
3.414726867675781250e+02
2.451530303955078125e+02
5.418722534179687500e+02
3.076865234375000000e+02
5.321685791015625000e+02
4.668446960449218750e+02
6.363533935546875000e+02
4.877373962402343750e+02
3.466519470214843750e+02
3.788858947753906250e+02
3.735157165527343750e+02
4.922110290527343750e+02
4.607354125976562500e+02
5.026270446777343750e+02
5.290207519531250000e+02
2.702713012695312500e+02
3.576964721679687500e+02
5.128653564453125000e+02
1.554513397216796875e+02
4.062789001464843750e+02
4.202979431152343750e+02
2.919332275390625000e+02
4.697276916503906250e+02
7.866695404052734375e+01
1.919781646728515625e+02
7.649893188476562500e+02
3.531480407714843750e+02
4.072363891601562500e+02
4.138229980468750000e+02
4.978781738281250000e+02
5.039113159179687500e+02
3.362989501953125000e+02
4.039497680664062500e+02
5.805606689453125000e+02
5.779661254882812500e+02
2.989246826171875000e+02
5.147929687500000000e+02
2.478754119873046875e+02
4.652999267578125000e+02
3.248677062988281250e+02
7.263961791992187500e+02
4.971980590820312500e+02
4.647468566894531250e+02
3.706458740234375000e+02
6.745202636718750000e+02
3.750722961425781250e+02
1.023369812011718750e+03
4.616119079589843750e+02
3.052463378906250000e+02
3.081435852050781250e+02
3.853366699218750000e+02
7.951647338867187500e+02
4.762651977539062500e+02
3.050650939941406250e+02
4.147124023437500000e+02
3.051068115234375000e+02
1.575088500976562500e+02
2.644146118164062500e+02
5.925698242187500000e+02
7.562410888671875000e+02
2.143287811279296875e+02
3.036743164062500000e+02
4.109462280273437500e+02
1.603496551513671875e+02
7.363397827148437500e+02
4.990857849121093750e+02
4.482284240722656250e+02
3.202499084472656250e+02
4.502572326660156250e+02
4.568048400878906250e+02
2.538926086425781250e+02
6.338991088867187500e+02
6.171237792968750000e+02
1.702573547363281250e+02
6.056178588867187500e+02
6.878198242187500000e+02
3.032388305664062500e+02
6.008768920898437500e+02
5.002129821777343750e+02
3.384215393066406250e+02
4.191439819335937500e+02
6.296847534179687500e+02
8.803519287109375000e+02
6.224466552734375000e+02
4.156196899414062500e+02
1.629593963623046875e+02
1.118015289306640625e+02
7.097241821289062500e+02
2.415466156005859375e+02
4.663670654296875000e+02
4.877179565429687500e+02
2.529411773681640625e+02
3.346059875488281250e+02
4.968881225585937500e+02
3.115498657226562500e+02
4.076468811035156250e+02
9.724099731445312500e+02
4.442543029785156250e+02
1.192552978515625000e+03
4.254559631347656250e+02
4.171597900390625000e+02
2.193571777343750000e+02
3.706414489746093750e+02
5.431542968750000000e+02
4.304435119628906250e+02
5.367229614257812500e+02
2.785183715820312500e+02
3.949433898925781250e+02
3.348412780761718750e+02
6.469810791015625000e+02
4.047191162109375000e+02
3.287321166992187500e+02
7.157387084960937500e+02
2.500803222656250000e+02
3.911163024902343750e+02
7.208914184570312500e+02
4.039592895507812500e+02
1.757565307617187500e+02
3.612620239257812500e+02
5.571000976562500000e+02
3.213729858398437500e+02
4.630451660156250000e+02
5.003460998535156250e+02
4.128336486816406250e+02
2.210012969970703125e+02
1.041324081420898438e+02
8.558260498046875000e+02
3.319602355957031250e+02
6.113485107421875000e+02
3.306290893554687500e+02
4.713218078613281250e+02
2.929411010742187500e+02
3.648786315917968750e+02
3.901383666992187500e+02
4.303754577636718750e+02
4.064880371093750000e+02
3.912877502441406250e+02
1.753601379394531250e+02
4.585455017089843750e+02
3.992031860351562500e+02
3.189193115234375000e+02
3.047554931640625000e+02
4.405255126953125000e+02
4.562773132324218750e+02
2.682740478515625000e+02
4.627258300781250000e+02
2.902497253417968750e+02
1.726999511718750000e+02
2.674680786132812500e+02
1.323812866210937500e+02
2.321607971191406250e+02
2.940231933593750000e+02
1.110958618164062500e+03
1.855566101074218750e+02
2.256013946533203125e+02
1.395325164794921875e+02
4.536957702636718750e+02
4.510256958007812500e+02
4.817788085937500000e+02
5.077620239257812500e+02
5.281093139648437500e+02
6.931531372070312500e+02
3.674532775878906250e+02
4.394239196777343750e+02
7.678548583984375000e+02
2.542420043945312500e+02
9.256508636474609375e+01
5.497782592773437500e+02
7.074044799804687500e+02
5.106121520996093750e+02
5.246312866210937500e+02
2.466654052734375000e+02
5.139883422851562500e+02
3.045635375976562500e+02
5.755205078125000000e+02
2.993678283691406250e+02
1.673225402832031250e+02
7.140952758789062500e+02
3.009592895507812500e+02
4.062456665039062500e+02
3.524711303710937500e+02
2.593462829589843750e+02
6.865531616210937500e+02
7.009594726562500000e+02
4.313740234375000000e+02
5.726708984375000000e+02
3.336092834472656250e+02
2.966195678710937500e+02
1.476483001708984375e+02
5.637764892578125000e+02
3.365950012207031250e+02
3.385968627929687500e+02
4.002978515625000000e+02
8.605593872070312500e+02
6.496798706054687500e+02
7.907820434570312500e+02
5.345565795898437500e+02
2.616850280761718750e+02
4.750934143066406250e+02
4.902297058105468750e+02
3.520322875976562500e+02
4.100934448242187500e+02
4.490887145996093750e+02
3.140521545410156250e+02
6.042928466796875000e+02
6.406301879882812500e+02
3.452456665039062500e+02
3.621368103027343750e+02
8.551093750000000000e+02
7.206141967773437500e+02
4.786777343750000000e+02
4.040697326660156250e+02
3.231589965820312500e+02
2.331275482177734375e+02
5.369827270507812500e+02
4.671948242187500000e+02
2.991601867675781250e+02
6.533107910156250000e+02
2.628836975097656250e+02
5.399193115234375000e+02
1.207071655273437500e+03
3.693486938476562500e+02
6.145472412109375000e+02
3.665098876953125000e+02
7.084517211914062500e+02
3.735241394042968750e+02
4.811561584472656250e+02
2.188999633789062500e+02
2.263119964599609375e+02
6.328816528320312500e+02
3.978639221191406250e+02
4.658696899414062500e+02
8.304664916992187500e+02
4.415825805664062500e+02
3.571886596679687500e+02
5.898032226562500000e+02
6.411110229492187500e+02
5.764372558593750000e+02
5.322436523437500000e+02
6.753554077148437500e+02
4.521972961425781250e+02
7.402889404296875000e+02
7.277948608398437500e+02
2.345094146728515625e+02
5.448522949218750000e+02
6.491345214843750000e+02
7.403037109375000000e+02
5.725445556640625000e+02
1.046443405151367188e+02
3.124549255371093750e+02
1.529958038330078125e+02
7.946666870117187500e+02
3.465075683593750000e+02
1.338557891845703125e+02
2.732675476074218750e+02
5.930703735351562500e+02
4.903733215332031250e+02
4.587562561035156250e+02
1.655410461425781250e+02
4.357161560058593750e+02
8.729682006835937500e+02
4.471843566894531250e+02
3.165748291015625000e+02
4.945445861816406250e+02
5.882896118164062500e+02
1.517733764648437500e+02
2.893928222656250000e+02
6.893896484375000000e+02
1.464140472412109375e+02
3.048306274414062500e+02
7.614920654296875000e+02
7.029315795898437500e+02
5.325816650390625000e+02
1.664474029541015625e+02
3.990551452636718750e+02
2.167012634277343750e+02
3.735076904296875000e+02
6.865391845703125000e+02
1.115012512207031250e+02
4.792900695800781250e+02
2.148610687255859375e+02
3.124015808105468750e+02
4.463412780761718750e+02
2.195114440917968750e+02
5.207238769531250000e+02
5.820457153320312500e+02
1.319943389892578125e+02
5.330284423828125000e+02
2.886684265136718750e+02
5.425900878906250000e+02
5.422870483398437500e+02
5.478879394531250000e+02
4.355179138183593750e+02
5.709859619140625000e+02
5.517096557617187500e+02
1.186920318603515625e+02
4.625705261230468750e+02
4.994965515136718750e+02
5.557439575195312500e+02
5.200006713867187500e+02
6.571731567382812500e+02
4.269060974121093750e+02
2.968045043945312500e+02
2.596323547363281250e+02
7.368140869140625000e+02
3.013070983886718750e+02
4.313874816894531250e+02
6.897688598632812500e+02
7.228314208984375000e+02
3.576377258300781250e+02
3.119898071289062500e+02
4.576298522949218750e+02
2.724328918457031250e+02
5.748189697265625000e+02
5.137912597656250000e+02
6.912546997070312500e+02
5.792595214843750000e+02
8.736505737304687500e+02
3.031085205078125000e+02
5.440210571289062500e+02
2.588275451660156250e+02
3.713994750976562500e+02
8.808027343750000000e+02
3.720043334960937500e+02
1.477943420410156250e+02
3.797390441894531250e+02
2.171837615966796875e+02
6.522102050781250000e+02
2.527110900878906250e+02
2.173184051513671875e+02
2.789883117675781250e+02
4.632260437011718750e+02
4.459403991699218750e+02
5.107157592773437500e+02
2.914537963867187500e+02
5.894446411132812500e+02
2.730595092773437500e+02
2.672151489257812500e+02
4.628579711914062500e+02
2.962479248046875000e+02
7.380586547851562500e+02
4.219146423339843750e+02
3.100706176757812500e+02
5.616764526367187500e+02
9.329849243164062500e+02
4.535130615234375000e+02
3.969226684570312500e+02
6.725928955078125000e+02
2.667058715820312500e+02
3.282002258300781250e+02
2.403542327880859375e+02
5.064722900390625000e+02
7.752431640625000000e+02
3.002234497070312500e+02
7.684672851562500000e+02
1.471104888916015625e+02
1.605383758544921875e+02
5.549448852539062500e+02
4.926264648437500000e+02
2.704364929199218750e+02
4.612448730468750000e+02
5.349644775390625000e+02
4.494976806640625000e+02
2.627785339355468750e+02
2.227075653076171875e+02
3.962131652832031250e+02
4.056170959472656250e+02
2.018798217773437500e+02
2.964004211425781250e+02
1.295254669189453125e+02
1.585028686523437500e+02
2.395444641113281250e+02
5.755346069335937500e+02
4.500169372558593750e+02
2.653982543945312500e+02
7.013752441406250000e+02
2.063870697021484375e+02
9.196465454101562500e+02
4.962004699707031250e+02
3.023517150878906250e+02
4.775652465820312500e+02
2.491266326904296875e+02
4.442026672363281250e+02
2.424795837402343750e+02
8.476012573242187500e+02
2.483201751708984375e+02
8.638819122314453125e+01
6.378840332031250000e+02
6.921243286132812500e+02
3.367956542968750000e+02
5.916122436523437500e+02
2.923403930664062500e+02
1.750837402343750000e+02
6.624252929687500000e+02
1.014827148437500000e+03
5.647207031250000000e+02
2.456491546630859375e+02
3.557463684082031250e+02
4.892955932617187500e+02
6.517005615234375000e+02
5.170084838867187500e+02
2.810567016601562500e+02
7.288094482421875000e+02
5.388284912109375000e+02
5.480061035156250000e+02
3.449072570800781250e+02
6.300580444335937500e+02
3.414294738769531250e+02
4.115202331542968750e+02
2.796582641601562500e+02
4.125535278320312500e+02
4.849967651367187500e+02
2.220132293701171875e+02
4.139847106933593750e+02
6.656657104492187500e+02
2.984846191406250000e+02
5.225837402343750000e+02
3.980759277343750000e+02
2.129076690673828125e+02
2.913847351074218750e+02
9.204299926757812500e+02
8.435037231445312500e+02
6.095852050781250000e+02
5.530514526367187500e+02
6.578304443359375000e+02
4.307255554199218750e+02
1.031046264648437500e+03
6.920002441406250000e+02
6.526860351562500000e+02
3.509023132324218750e+02
2.153333282470703125e+02
3.183983459472656250e+02
4.022580261230468750e+02
3.611368408203125000e+02
5.952243041992187500e+02
1.303479003906250000e+02
4.361317138671875000e+02
3.511721801757812500e+02
4.344977111816406250e+02
5.156384277343750000e+02
5.683103027343750000e+02
6.385542602539062500e+02
9.920755615234375000e+02
2.950548400878906250e+02
1.916299285888671875e+02
1.630020294189453125e+02
2.557729949951171875e+02
6.958871459960937500e+02
1.428817749023437500e+02
4.925224609375000000e+02
3.627308654785156250e+02
5.998098754882812500e+02
3.781633300781250000e+02
2.677574768066406250e+02
4.097081604003906250e+02
2.450603332519531250e+02
2.523914031982421875e+02
1.017657104492187500e+03
4.382813720703125000e+02
3.036000976562500000e+02
6.309649658203125000e+02
1.022869567871093750e+03
2.979943847656250000e+02
3.287117004394531250e+02
2.275581512451171875e+02
5.221103515625000000e+02
5.843453979492187500e+02
6.039357299804687500e+02
6.426455078125000000e+02
2.553502655029296875e+02
2.085021362304687500e+02
5.329057006835937500e+02
3.530283508300781250e+02
2.009020843505859375e+02
2.788779602050781250e+02
2.757662353515625000e+02
8.941081542968750000e+02
3.209923706054687500e+02
1.631263122558593750e+02
5.067837829589843750e+02
3.547384948730468750e+02
4.622911071777343750e+02
4.132837219238281250e+02
3.176678466796875000e+02
6.281141357421875000e+02
3.854930725097656250e+02
2.637734375000000000e+02
1.622043151855468750e+02
5.086858825683593750e+02
5.088071594238281250e+02
3.669377441406250000e+02
3.793319091796875000e+02
5.264038696289062500e+02
6.924020996093750000e+02
5.100004272460937500e+02
7.166813964843750000e+02
1.914268188476562500e+02
5.657985229492187500e+02
2.414007110595703125e+02
2.875657653808593750e+02
8.724934692382812500e+02
7.705134887695312500e+02
5.015558776855468750e+02
1.027850219726562500e+03
5.398607788085937500e+02
9.176613159179687500e+02
3.321314697265625000e+02
1.736614990234375000e+02
4.182598266601562500e+02
6.980293579101562500e+02
8.672886352539062500e+02
2.450118408203125000e+02
4.888909301757812500e+02
6.493184814453125000e+02
7.414484252929687500e+02
2.017513732910156250e+02
5.219224853515625000e+02
6.201576538085937500e+02
4.692506103515625000e+02
5.164916992187500000e+02
4.547675476074218750e+02
5.676306762695312500e+02
3.328394165039062500e+02
4.618723754882812500e+02
3.426256408691406250e+02
4.197959289550781250e+02
5.071226806640625000e+02
4.466820068359375000e+02
3.275460205078125000e+02
8.070357055664062500e+02
4.122658386230468750e+02
5.190338745117187500e+02
4.022015075683593750e+02
4.136723327636718750e+02
7.332496948242187500e+02
1.610882568359375000e+02
2.588283996582031250e+02
2.355238494873046875e+02
1.869228210449218750e+02
6.732714843750000000e+02
7.299107360839843750e+01
3.525336608886718750e+02
2.229925231933593750e+02
6.860153198242187500e+02
2.526387634277343750e+02
2.364309539794921875e+02
3.714876403808593750e+02
3.062713623046875000e+02
4.438095703125000000e+02
2.802456665039062500e+02
3.044188537597656250e+02
4.261193237304687500e+02
5.122061767578125000e+02
4.655606689453125000e+02
5.907327270507812500e+02
3.191352844238281250e+02
2.364598236083984375e+02
4.381925354003906250e+02
5.273865966796875000e+02
9.955016479492187500e+02
3.679156494140625000e+02
2.736264343261718750e+02
2.889396667480468750e+02
2.121687011718750000e+02
1.218734970092773438e+02
4.631101989746093750e+02
3.715691223144531250e+02
4.771385803222656250e+02
5.264340209960937500e+02
4.688874206542968750e+02
7.119166259765625000e+02
5.057421875000000000e+02
4.842914428710937500e+02
3.678205566406250000e+02
8.068567504882812500e+02
5.546130981445312500e+02
4.756608581542968750e+02
2.597904663085937500e+02
5.373230590820312500e+02
2.650287170410156250e+02
5.804349975585937500e+02
5.577590942382812500e+02
2.451271209716796875e+02
7.529241943359375000e+02
6.443657226562500000e+02
2.639441223144531250e+02
5.262066650390625000e+02
2.532966766357421875e+02
4.228537597656250000e+02
2.631919250488281250e+02
4.983708801269531250e+02
5.042241516113281250e+02
6.353215942382812500e+02
4.075595703125000000e+02
3.986526184082031250e+02
4.239510498046875000e+02
2.842646789550781250e+02
4.106737365722656250e+02
3.347405700683593750e+02
2.858070678710937500e+02
3.130878601074218750e+02
5.789909667968750000e+02
3.353728027343750000e+02
5.753923950195312500e+02
7.390605163574218750e+01
5.938233642578125000e+02
4.505579528808593750e+02
5.966992797851562500e+02
4.629492797851562500e+02
2.388874206542968750e+02
3.345580444335937500e+02
7.148310546875000000e+02
4.126889648437500000e+02
6.134699096679687500e+02
4.395502929687500000e+02
4.995969543457031250e+02
8.777574462890625000e+02
5.184193725585937500e+02
5.140217895507812500e+02
5.228805541992187500e+02
6.282720947265625000e+02
2.555667419433593750e+02
5.364898071289062500e+02
2.848984069824218750e+02
5.441437988281250000e+02
6.623680419921875000e+02
2.866430969238281250e+02
5.220593261718750000e+02
5.674296264648437500e+02
4.009255065917968750e+02
2.968395690917968750e+02
5.062174072265625000e+02
4.427588806152343750e+02
4.457445678710937500e+02
3.169042358398437500e+02
3.230652770996093750e+02
4.327862548828125000e+02
5.746336669921875000e+02
2.652581176757812500e+02
2.571373291015625000e+02
2.313383178710937500e+02
7.001509399414062500e+02
2.442333984375000000e+02
7.834981079101562500e+02
4.670067214965820312e+01
2.041119842529296875e+02
1.892189331054687500e+02
2.956486816406250000e+02
3.835752868652343750e+02
3.485134277343750000e+02
1.343385467529296875e+02
5.921876831054687500e+02
5.406074829101562500e+02
5.713501586914062500e+02
1.010474487304687500e+03
4.052275390625000000e+02
6.819698486328125000e+02
2.199405212402343750e+02
4.858699035644531250e+02
5.520859375000000000e+02
8.872986450195312500e+02
3.587651977539062500e+02
3.423077697753906250e+02
4.350607299804687500e+02
6.097365722656250000e+02
2.293050842285156250e+02
3.677449951171875000e+02
1.314373626708984375e+02
6.773764038085937500e+02
6.571665039062500000e+02
3.483088378906250000e+02
5.262130737304687500e+02
4.078981018066406250e+02
2.872222900390625000e+02
3.138079833984375000e+02
3.130749816894531250e+02
1.815489807128906250e+02
4.552966003417968750e+02
4.481882324218750000e+02
5.587958984375000000e+02
6.497616577148437500e+02
6.226975708007812500e+02
4.012161560058593750e+02
3.692097473144531250e+02
5.425839233398437500e+02
1.227006225585937500e+02
1.560328216552734375e+02
1.775991821289062500e+02
5.855786132812500000e+02
5.046700744628906250e+02
8.419984436035156250e+01
4.290969848632812500e+02
1.663762512207031250e+02
6.131303710937500000e+02
6.185958862304687500e+02
3.572349243164062500e+02
4.805127563476562500e+02
4.154085388183593750e+02
3.112245483398437500e+02
5.678270263671875000e+02
6.396544189453125000e+02
2.096802673339843750e+02
3.637416992187500000e+02
3.951767578125000000e+02
5.577834472656250000e+02
7.421956176757812500e+02
5.350753173828125000e+02
4.675558166503906250e+02
2.151185607910156250e+02
6.609961547851562500e+02
9.823280029296875000e+02
7.512122192382812500e+02
3.341927795410156250e+02
6.093637695312500000e+02
3.215575256347656250e+02
3.117289733886718750e+02
2.099956970214843750e+02
5.553029174804687500e+02
1.877515411376953125e+02
6.583282470703125000e+02
5.820261230468750000e+02
3.172751770019531250e+02
3.355510559082031250e+02
7.947973022460937500e+02
3.589946594238281250e+02
7.696158447265625000e+02
7.235555419921875000e+02
3.157911682128906250e+02
2.809394531250000000e+02
5.729559326171875000e+02
3.914660339355468750e+02
3.986427612304687500e+02
1.787664642333984375e+02
3.790742492675781250e+02
1.772041778564453125e+02
4.543872985839843750e+02
3.353984680175781250e+02
5.398385009765625000e+02
2.859298706054687500e+02
7.326862182617187500e+02
2.300307617187500000e+02
4.392288818359375000e+02
5.506709594726562500e+02
6.044505004882812500e+02
3.173519287109375000e+02
4.800521545410156250e+02
3.540308532714843750e+02
3.154740600585937500e+02
5.350383300781250000e+02
1.499217834472656250e+02
5.575038452148437500e+02
7.849948120117187500e+01
8.234999389648437500e+02
2.735456237792968750e+02
8.276791381835937500e+01
4.377742309570312500e+02
5.307330322265625000e+02
8.640856323242187500e+02
2.032199707031250000e+02
6.077528686523437500e+02
4.573810729980468750e+02
4.487889099121093750e+02
3.760333557128906250e+02
4.727162780761718750e+02
1.003086547851562500e+03
4.118643798828125000e+02
2.253361663818359375e+02
7.480399169921875000e+02
3.203121643066406250e+02
3.571193847656250000e+02
5.301657104492187500e+02
4.790778808593750000e+02
6.379057006835937500e+02
5.225938110351562500e+02
2.027660522460937500e+02
6.371574096679687500e+02
2.432104949951171875e+02
4.784561157226562500e+02
4.685490417480468750e+02
3.044765930175781250e+02
4.769895935058593750e+02
3.176177673339843750e+02
7.321578369140625000e+02
3.871913757324218750e+02
5.083671569824218750e+02
5.883711547851562500e+02
4.395687255859375000e+02
1.707806701660156250e+02
3.503228454589843750e+02
6.190747680664062500e+02
5.680453491210937500e+02
5.468064575195312500e+02
3.299919128417968750e+02
5.895681762695312500e+02
4.059263916015625000e+02
9.024533081054687500e+02
4.858745727539062500e+02
2.855684814453125000e+02
6.095714721679687500e+02
4.214050598144531250e+02
7.056859130859375000e+02
5.323737182617187500e+02
1.189917755126953125e+02
4.184249877929687500e+02
4.639495239257812500e+02
7.838681030273437500e+02
5.039915161132812500e+02
6.234572143554687500e+02
3.840098571777343750e+02
5.821502075195312500e+02
5.212520141601562500e+02
5.303034667968750000e+02
3.837938842773437500e+02
5.207509155273437500e+02
4.503833312988281250e+02
6.208088989257812500e+02
2.611403198242187500e+02
3.121858215332031250e+02
6.965454711914062500e+02
1.881351318359375000e+02
4.335378112792968750e+02
9.101913452148437500e+01
2.418037872314453125e+02
6.541907958984375000e+02
5.111460266113281250e+02
3.708536682128906250e+02
7.375388793945312500e+02
2.579686889648437500e+02
9.661847534179687500e+02
3.213153686523437500e+02
4.307662353515625000e+02
3.105944213867187500e+02
1.387834777832031250e+02
2.181846771240234375e+02
5.668586425781250000e+02
4.461920166015625000e+02
3.244262695312500000e+02
6.174760131835937500e+02
8.656508178710937500e+02
7.079201049804687500e+02
3.099553833007812500e+02
2.859868164062500000e+02
4.508003540039062500e+02
2.444633178710937500e+02
9.880222778320312500e+02
3.591632690429687500e+02
3.523146667480468750e+02
8.853227539062500000e+02
7.879631958007812500e+02
4.035860290527343750e+02
6.632052612304687500e+02
7.557219238281250000e+02
4.202006530761718750e+02
1.880405883789062500e+02
2.214760284423828125e+02
3.989344787597656250e+02
9.233848266601562500e+02
9.590870361328125000e+02
4.129017028808593750e+02
6.428115844726562500e+02
9.020308685302734375e+01
5.064491577148437500e+02
4.407261657714843750e+02
3.206262817382812500e+02
4.409121704101562500e+02
2.309648895263671875e+02
1.687999572753906250e+02
6.336611938476562500e+02
3.078011169433593750e+02
4.517113952636718750e+02
4.857632446289062500e+02
6.368880615234375000e+02
3.639289550781250000e+02
2.529028167724609375e+02
3.536820678710937500e+02
5.209901123046875000e+02
9.906500244140625000e+02
7.091279907226562500e+02
3.752343139648437500e+02
3.876323852539062500e+02
1.820628356933593750e+02
1.020354003906250000e+03
2.528193206787109375e+02
5.111577148437500000e+02
3.912558898925781250e+02
1.704972381591796875e+02
2.981549377441406250e+02
6.631621093750000000e+02
6.168165893554687500e+02
3.388734436035156250e+02
3.013639831542968750e+02
5.293320922851562500e+02
5.239464111328125000e+02
2.893577270507812500e+02
2.943272705078125000e+02
2.945082397460937500e+02
4.573626708984375000e+02
6.756625366210937500e+02
6.418564453125000000e+02
3.484976806640625000e+02
4.887912292480468750e+02
4.462460632324218750e+02
2.905681152343750000e+02
9.392657470703125000e+02
6.277189331054687500e+02
7.163453674316406250e+01
3.412886962890625000e+02
2.303386383056640625e+02
2.236392211914062500e+02
4.203688049316406250e+02
9.666458740234375000e+02
7.034656982421875000e+02
2.434656829833984375e+02
8.640960083007812500e+02
5.102512512207031250e+02
7.770062255859375000e+02
6.932472534179687500e+02
3.541061401367187500e+02
2.355284118652343750e+02
5.679289550781250000e+02
5.217103271484375000e+02
4.246795654296875000e+02
4.057031555175781250e+02
6.771012573242187500e+02
3.004674987792968750e+02
4.252582092285156250e+02
5.206018066406250000e+02
4.838530883789062500e+02
6.399069213867187500e+02
5.516903686523437500e+02
5.295206909179687500e+02
3.986374511718750000e+02
2.833557434082031250e+02
1.932170562744140625e+02
2.912916564941406250e+02
4.323278503417968750e+02
3.296562194824218750e+02
4.537664184570312500e+02
4.201918945312500000e+02
2.660408325195312500e+02
5.390892944335937500e+02
1.031360778808593750e+02
5.685261840820312500e+02
5.249102783203125000e+02
6.081254272460937500e+02
3.172004394531250000e+02
3.350740356445312500e+02
1.484851684570312500e+02
3.833664855957031250e+02
7.791049194335937500e+02
4.993157043457031250e+02
2.834147949218750000e+02
1.772143249511718750e+02
3.556274414062500000e+02
3.028178710937500000e+02
1.730651702880859375e+02
3.127802124023437500e+02
5.443296508789062500e+02
3.625735168457031250e+02
5.622267456054687500e+02
2.835728149414062500e+02
2.460726013183593750e+02
5.423696899414062500e+02
6.893665771484375000e+02
4.760141296386718750e+02
2.721104431152343750e+02
4.658218994140625000e+02
4.738067626953125000e+02
2.425995635986328125e+02
5.421290893554687500e+02
4.389996032714843750e+02
2.702882690429687500e+02
7.198507080078125000e+02
2.103344573974609375e+02
5.343473510742187500e+02
2.149427032470703125e+02
1.748464050292968750e+02
4.117089843750000000e+02
5.891406860351562500e+02
4.035777282714843750e+02
7.580493774414062500e+02
6.631498413085937500e+02
2.017895355224609375e+02
4.196505126953125000e+02
5.155468139648437500e+02
2.364867706298828125e+02
5.511567382812500000e+02
2.650977478027343750e+02
3.014889526367187500e+02
3.342798461914062500e+02
4.541883239746093750e+02
4.567615661621093750e+02
4.125301818847656250e+02
3.133389892578125000e+02
4.665541687011718750e+02
3.752577514648437500e+02
4.290860595703125000e+02
3.355651855468750000e+02
6.905269775390625000e+02
6.727240600585937500e+02
4.672954406738281250e+02
4.311108398437500000e+02
4.856383972167968750e+02
6.428519287109375000e+02
3.704899291992187500e+02
2.404907836914062500e+02
4.129870910644531250e+02
6.113234863281250000e+02
4.058406066894531250e+02
2.374620513916015625e+02
2.566337585449218750e+02
3.354027709960937500e+02
4.517606506347656250e+02
4.883930358886718750e+02
1.205722045898437500e+03
3.639125671386718750e+02
4.153490905761718750e+02
5.071634521484375000e+02
2.061094970703125000e+02
4.382700195312500000e+02
5.504029541015625000e+02
4.370341186523437500e+02
2.311039733886718750e+02
3.860854492187500000e+02
3.428612060546875000e+02
4.039287414550781250e+02
3.316358032226562500e+02
3.858390502929687500e+02
1.846255798339843750e+02
9.959707031250000000e+02
7.027861328125000000e+02
4.457487792968750000e+02
4.586638488769531250e+02
3.465771484375000000e+02
5.099555969238281250e+02
5.337509765625000000e+02
3.004930725097656250e+02
3.123648681640625000e+02
5.123395385742187500e+02
1.653205566406250000e+02
3.621906433105468750e+02
4.880773315429687500e+02
2.142461242675781250e+02
5.235064697265625000e+02
4.227770690917968750e+02
2.550665435791015625e+02
3.221806640625000000e+02
3.103600463867187500e+02
4.007257995605468750e+02
3.546189498901367188e+01
2.504408569335937500e+02
4.668980102539062500e+02
6.772496337890625000e+02
6.527351684570312500e+02
5.269445800781250000e+02
7.456788940429687500e+02
2.104862976074218750e+02
4.720859069824218750e+02
1.879616851806640625e+02
4.823568115234375000e+02
1.172714843750000000e+02
5.383972778320312500e+02
1.021268539428710938e+02
3.398448791503906250e+02
7.393890380859375000e+02
2.616926574707031250e+02
2.024675903320312500e+02
4.390571289062500000e+02
7.698340454101562500e+02
4.058401489257812500e+02
6.081290283203125000e+02
3.942452392578125000e+02
4.494286499023437500e+02
6.513838500976562500e+02
4.569791564941406250e+02
2.878474121093750000e+02
2.481965332031250000e+02
2.547735748291015625e+02
5.065650634765625000e+02
7.710278320312500000e+02
4.650974731445312500e+02
3.807395629882812500e+02
3.051167907714843750e+02
4.039413146972656250e+02
4.242252807617187500e+02
3.060701904296875000e+02
2.716354064941406250e+02
6.947861328125000000e+02
6.966137695312500000e+02
1.709289550781250000e+02
3.687886962890625000e+02
4.590276184082031250e+02
2.101047973632812500e+02
4.156263427734375000e+02
2.087876129150390625e+02
5.057199707031250000e+02
5.096003723144531250e+02
1.629942626953125000e+02
5.688697509765625000e+02
4.968392639160156250e+02
4.407483215332031250e+02
5.649893188476562500e+02
3.848496704101562500e+02
5.102139282226562500e+02
2.582440490722656250e+02
2.596945495605468750e+02
5.089464721679687500e+02
2.966383972167968750e+02
7.063069915771484375e+01
4.766223754882812500e+02
2.631384582519531250e+02
4.994913024902343750e+02
4.835358886718750000e+02
7.781923828125000000e+02
5.307745361328125000e+02
2.754166259765625000e+02
4.226949157714843750e+02
4.046459960937500000e+02
4.235799865722656250e+02
2.885657653808593750e+02
5.161533813476562500e+02
3.958023986816406250e+02
3.827412109375000000e+02
5.177833251953125000e+02
3.349298095703125000e+02
4.564367675781250000e+02
2.761698608398437500e+02
3.828882751464843750e+02
1.383958435058593750e+02
7.297634277343750000e+02
3.251283874511718750e+02
4.256099243164062500e+02
5.027225341796875000e+02
3.492836608886718750e+02
7.507919921875000000e+02
3.702555236816406250e+02
2.019422454833984375e+02
5.447891235351562500e+02
5.949343261718750000e+02
4.085390014648437500e+02
2.153530273437500000e+02
3.146238403320312500e+02
8.412912597656250000e+02
4.001867370605468750e+02
6.316575927734375000e+02
3.455822448730468750e+02
1.639278411865234375e+02
1.212197387695312500e+03
2.528915100097656250e+02
5.566108398437500000e+02
3.631954345703125000e+02
2.590134887695312500e+02
4.942572021484375000e+02
5.473050537109375000e+02
1.756472015380859375e+02
6.769401245117187500e+02
3.996959228515625000e+02
5.492232666015625000e+02
6.411216430664062500e+02
4.634322204589843750e+02
2.372853698730468750e+02
3.959024047851562500e+02
5.241934204101562500e+02
2.702593078613281250e+02
4.998892822265625000e+02
8.088389892578125000e+02
1.220922927856445312e+02
2.330180358886718750e+02
6.658309326171875000e+02
4.661648864746093750e+02
3.065333251953125000e+02
4.293961791992187500e+02
3.453793640136718750e+02
6.284987792968750000e+02
3.410800476074218750e+02
7.109449462890625000e+02
5.261356201171875000e+02
3.648774719238281250e+02
2.421945037841796875e+02
1.040458007812500000e+03
4.165511779785156250e+02
5.392607421875000000e+02
5.863488159179687500e+02
1.822376098632812500e+02
2.296608123779296875e+02
6.127394409179687500e+02
5.590548706054687500e+02
3.781176147460937500e+02
4.543887023925781250e+02
1.487850799560546875e+02
3.599922485351562500e+02
5.009233093261718750e+02
4.087730102539062500e+02
3.424880371093750000e+02
3.879226379394531250e+02
4.823761291503906250e+02
2.491876373291015625e+02
3.763112792968750000e+02
3.184620666503906250e+02
2.666581726074218750e+02
6.544674682617187500e+02
6.700184326171875000e+02
7.366779174804687500e+02
6.089230957031250000e+02
3.987092590332031250e+02
3.850577392578125000e+02
2.878140258789062500e+02
5.709843750000000000e+02
2.031364135742187500e+02
7.325364379882812500e+02
2.239374084472656250e+02
7.841561279296875000e+02
4.052547912597656250e+02
5.764597778320312500e+02
4.019398803710937500e+02
5.982337646484375000e+02
6.105056762695312500e+02
4.899001770019531250e+02
3.392026062011718750e+02
4.111654968261718750e+02
4.057476196289062500e+02
1.965999145507812500e+02
5.520924072265625000e+02
3.562277526855468750e+02
7.296083374023437500e+02
5.196630249023437500e+02
7.266875610351562500e+02
5.109735107421875000e+02
2.871480712890625000e+02
4.120997314453125000e+02
3.515488281250000000e+02
4.623174743652343750e+02
2.562081604003906250e+02
1.817651062011718750e+02
4.961879577636718750e+02
3.345873107910156250e+02
6.510372314453125000e+02
6.412297973632812500e+02
2.119572143554687500e+02
3.727227172851562500e+02
6.463744506835937500e+02
3.099462890625000000e+02
3.537510070800781250e+02
5.378737792968750000e+02
2.795755615234375000e+02
4.588028259277343750e+02
8.685711059570312500e+02
6.248809814453125000e+02
4.002709350585937500e+02
1.554484252929687500e+02
3.822353515625000000e+02
1.315168457031250000e+02
3.775188598632812500e+02
4.008974304199218750e+02
3.866105041503906250e+02
3.416651000976562500e+02
6.553302001953125000e+02
5.926929321289062500e+02
6.123795776367187500e+02
1.626756896972656250e+02
5.826050415039062500e+02
5.336232299804687500e+02
5.852839355468750000e+02
2.881896362304687500e+02
2.794128112792968750e+02
3.715944519042968750e+02
5.045022277832031250e+02
4.276795043945312500e+02
3.240261840820312500e+02
7.442083740234375000e+02
6.936421508789062500e+02
7.898298950195312500e+02
1.628111267089843750e+02
2.312964019775390625e+02
7.281570434570312500e+02
2.131343688964843750e+02
2.181088867187500000e+02
6.966629638671875000e+02
6.629420776367187500e+02
1.909618072509765625e+02
2.745408020019531250e+02
3.482882690429687500e+02
4.179504394531250000e+02
2.983912048339843750e+02
4.822163696289062500e+02
4.205552368164062500e+02
4.283381347656250000e+02
1.182164230346679688e+02
5.326293334960937500e+02
4.798564453125000000e+02
3.490755920410156250e+02
7.994407958984375000e+02
2.995277099609375000e+02
3.725478210449218750e+02
3.254085693359375000e+02
2.890965881347656250e+02
2.329367828369140625e+02
1.029938659667968750e+02
2.805540161132812500e+02
3.948888244628906250e+02
4.573469543457031250e+02
4.638197326660156250e+02
2.401233215332031250e+02
2.579169921875000000e+02
4.643620910644531250e+02
4.800206909179687500e+02
4.338538818359375000e+02
4.826327209472656250e+02
3.103527526855468750e+02
8.599295654296875000e+02
4.966784973144531250e+02
6.493906860351562500e+02
4.705212402343750000e+02
8.451745605468750000e+02
6.976270141601562500e+02
7.084440917968750000e+02
8.681744384765625000e+02
3.370857238769531250e+02
4.701389465332031250e+02
2.721256408691406250e+02
2.842878723144531250e+02
4.273138732910156250e+02
6.885427856445312500e+02
5.278226928710937500e+02
2.188949432373046875e+02
5.661531982421875000e+02
6.026912231445312500e+02
3.632487182617187500e+02
8.139321899414062500e+02
5.352589111328125000e+02
7.349572753906250000e+02
7.090272827148437500e+02
3.990721130371093750e+02
5.308028564453125000e+02
3.751382141113281250e+02
3.764567260742187500e+02
7.206138305664062500e+02
3.969221801757812500e+02
2.607755737304687500e+02
3.926384277343750000e+02
2.306448822021484375e+02
7.146566772460937500e+02
4.216701049804687500e+02
1.443824310302734375e+02
6.352268676757812500e+02
6.695737915039062500e+02
8.705675659179687500e+02
4.210729064941406250e+02
4.385663757324218750e+02
4.105115356445312500e+02
2.315584411621093750e+02
4.137495117187500000e+02
6.052817382812500000e+02
5.478389892578125000e+02
2.085766906738281250e+02
2.679279479980468750e+02
4.107706604003906250e+02
4.362475585937500000e+02
7.093540039062500000e+02
4.098708190917968750e+02
2.287202606201171875e+02
3.879803466796875000e+02
4.198740844726562500e+02
5.633095703125000000e+02
6.022195434570312500e+02
5.917828979492187500e+02
3.069134826660156250e+02
3.850897521972656250e+02
5.273888549804687500e+02
3.233255310058593750e+02
5.349512939453125000e+02
2.674135437011718750e+02
4.559660339355468750e+02
7.321427001953125000e+02
7.126545410156250000e+02
4.380198669433593750e+02
1.999927215576171875e+02
5.895333251953125000e+02
3.006901550292968750e+02
9.098522949218750000e+01
3.478439941406250000e+02
4.972237854003906250e+02
4.478890380859375000e+02
3.831177978515625000e+02
3.139209899902343750e+02
4.605635681152343750e+02
4.189105529785156250e+02
4.469589233398437500e+02
8.508074951171875000e+02
4.615288696289062500e+02
5.888840942382812500e+02
3.607943420410156250e+02
4.285360107421875000e+02
2.743094787597656250e+02
4.690264282226562500e+02
4.326361389160156250e+02
4.354271545410156250e+02
2.678922729492187500e+02
8.031087036132812500e+02
7.116320800781250000e+02
3.798950195312500000e+02
3.920263977050781250e+02
5.368159179687500000e+02
7.905488891601562500e+02
1.062114746093750000e+03
2.553743133544921875e+02
3.909014892578125000e+02
5.818021240234375000e+02
4.293969726562500000e+02
4.517926330566406250e+02
4.196347351074218750e+02
6.059810180664062500e+02
6.073231811523437500e+02
2.433722381591796875e+02
4.200606689453125000e+02
5.535703735351562500e+02
4.781448974609375000e+02
4.500740661621093750e+02
8.394064331054687500e+02
3.857917785644531250e+02
1.792172393798828125e+02
5.807915039062500000e+02
5.070852966308593750e+02
5.313751831054687500e+02
9.047233276367187500e+02
4.494963073730468750e+02
4.095751953125000000e+02
5.823888549804687500e+02
5.384920654296875000e+02
1.482146606445312500e+02
3.483676147460937500e+02
2.040889587402343750e+02
8.103328857421875000e+02
4.964109802246093750e+02
4.991470642089843750e+02
3.999641418457031250e+02
3.491506958007812500e+02
3.952896423339843750e+02
1.449143524169921875e+02
6.248333740234375000e+02
4.030575256347656250e+02
2.682493286132812500e+02
2.755729980468750000e+02
1.056908721923828125e+02
5.296298828125000000e+02
5.751276245117187500e+02
7.735496215820312500e+02
2.924828796386718750e+02
6.066442871093750000e+02
2.853481750488281250e+02
1.065006469726562500e+03
3.904704895019531250e+02
3.584386596679687500e+02
5.647815551757812500e+02
2.517037963867187500e+02
3.954508056640625000e+02
2.625067443847656250e+02
6.496744384765625000e+02
6.817232055664062500e+02
3.578239746093750000e+02
4.122376098632812500e+02
5.197500610351562500e+02
3.636949768066406250e+02
6.354877929687500000e+02
3.623269348144531250e+02
2.616457824707031250e+02
5.165131835937500000e+02
5.380697021484375000e+02
2.995930786132812500e+02
2.173680877685546875e+02
4.552907409667968750e+02
4.245284729003906250e+02
2.810161132812500000e+02
5.332051391601562500e+02
6.934624633789062500e+02
1.941871795654296875e+02
6.293094482421875000e+02
5.031772766113281250e+02
2.978450622558593750e+02
7.464906005859375000e+02
6.251170654296875000e+02
3.157257385253906250e+02
6.273983764648437500e+02
2.555458679199218750e+02
1.596623687744140625e+02
4.118085021972656250e+02
2.944324645996093750e+02
2.741527404785156250e+02
3.931031188964843750e+02
1.845977935791015625e+02
1.728020477294921875e+02
2.254159088134765625e+02
5.502178955078125000e+02
3.968825073242187500e+02
5.910263061523437500e+02
6.581517944335937500e+02
7.148921508789062500e+02
3.003370056152343750e+02
2.819137573242187500e+02
3.047963562011718750e+02
3.961912536621093750e+02
2.531326293945312500e+02
1.098087310791015625e+02
3.070033569335937500e+02
3.723476562500000000e+02
2.033548736572265625e+02
8.673973388671875000e+02
5.393743896484375000e+02
6.459816894531250000e+02
2.532990722656250000e+02
2.088279724121093750e+02
6.375045776367187500e+02
5.711764526367187500e+02
6.352802734375000000e+02
4.019431457519531250e+02
4.802916564941406250e+02
2.896614990234375000e+02
5.302803955078125000e+02
3.476913757324218750e+02
3.942778320312500000e+02
6.908755493164062500e+02
3.825429382324218750e+02
2.402257232666015625e+02
2.183888854980468750e+02
3.305704650878906250e+02
6.038586425781250000e+02
3.691564636230468750e+02
2.610809631347656250e+02
3.450107116699218750e+02
3.094643249511718750e+02
2.260615692138671875e+02
6.645111083984375000e+02
4.191333312988281250e+02
9.917047119140625000e+02
3.797610168457031250e+02
9.691279907226562500e+02
4.712863769531250000e+02
6.466092529296875000e+02
2.208776397705078125e+02
3.491525573730468750e+02
6.448764648437500000e+02
4.023177795410156250e+02
1.853300628662109375e+02
1.086588256835937500e+03
6.205981445312500000e+02
4.521624755859375000e+02
3.320605163574218750e+02
5.551743774414062500e+02
4.865299987792968750e+02
1.964717559814453125e+02
3.551754760742187500e+02
4.610005493164062500e+02
6.527325439453125000e+02
3.938521423339843750e+02
3.437359313964843750e+02
5.002373352050781250e+02
8.851864013671875000e+02
6.763795166015625000e+02
3.638478393554687500e+02
2.855058288574218750e+02
4.291055603027343750e+02
3.405411071777343750e+02
6.527247924804687500e+02
9.971063232421875000e+01
6.424861450195312500e+02
1.444892425537109375e+02
7.040919799804687500e+02
4.656280517578125000e+02
7.480658569335937500e+02
9.707805786132812500e+02
4.836540527343750000e+02
5.943977050781250000e+02
3.389935302734375000e+02
4.647596435546875000e+02
2.415361938476562500e+02
6.083014526367187500e+02
3.401666564941406250e+02
6.626927490234375000e+02
3.345552062988281250e+02
2.327533721923828125e+02
7.299909057617187500e+02
1.916989593505859375e+02
6.689929199218750000e+02
6.392104492187500000e+02
2.450015258789062500e+02
1.050098754882812500e+03
8.299336547851562500e+02
3.133463134765625000e+02
3.973949890136718750e+02
6.560092773437500000e+02
2.363747711181640625e+02
5.184493408203125000e+02
3.875604553222656250e+02
7.890670166015625000e+02
2.974332885742187500e+02
3.809587097167968750e+02
2.308022766113281250e+02
6.265230102539062500e+02
7.495846557617187500e+02
3.267431335449218750e+02
4.290130615234375000e+02
8.403377685546875000e+02
3.615450744628906250e+02
5.062709960937500000e+02
3.296806945800781250e+02
3.433601074218750000e+02
9.522272338867187500e+02
3.090482482910156250e+02
3.326557922363281250e+02
6.832180175781250000e+02
6.013385009765625000e+02
3.003963928222656250e+02
2.605332336425781250e+02
9.021048583984375000e+02
9.522796630859375000e+02
5.107016906738281250e+02
4.411673889160156250e+02
5.375083007812500000e+02
5.794853515625000000e+02
7.147681884765625000e+02
2.719940490722656250e+02
4.092526855468750000e+02
7.282987670898437500e+02
4.152802429199218750e+02
8.730759277343750000e+02
3.699256286621093750e+02
6.713786621093750000e+02
1.679592742919921875e+02
5.524156494140625000e+02
2.377203521728515625e+02
5.082458190917968750e+02
3.695628051757812500e+02
9.452111816406250000e+01
3.176026306152343750e+02
3.713119506835937500e+02
5.644898681640625000e+02
5.108003845214843750e+02
2.951924133300781250e+02
3.346116638183593750e+02
7.257639160156250000e+02
1.389250946044921875e+02
2.869492187500000000e+02
3.094512634277343750e+02
1.616276397705078125e+02
4.677293090820312500e+02
2.706675415039062500e+02
6.651797485351562500e+02
2.559874572753906250e+02
5.263386840820312500e+02
2.828457946777343750e+02
3.746463012695312500e+02
7.630164794921875000e+02
4.493194274902343750e+02
7.337669677734375000e+02
3.530209045410156250e+02
4.062811279296875000e+02
4.772941894531250000e+02
5.828852539062500000e+02
2.164963531494140625e+02
2.828471984863281250e+02
2.879735717773437500e+02
1.608870239257812500e+02
4.405557250976562500e+02
5.876661987304687500e+02
3.332769470214843750e+02
1.426728820800781250e+02
1.409108123779296875e+02
3.116210937500000000e+02
4.806653442382812500e+02
3.656061401367187500e+02
1.047545547485351562e+02
5.285644531250000000e+02
8.376867065429687500e+02
5.296587524414062500e+02
5.059932861328125000e+02
4.185464477539062500e+02
3.705341796875000000e+02
3.093760986328125000e+02
3.519084777832031250e+02
5.865202026367187500e+02
1.893864898681640625e+02
6.975952758789062500e+02
2.305896301269531250e+02
1.109480285644531250e+02
4.908977355957031250e+02
4.719873962402343750e+02
1.787084808349609375e+02
5.331934814453125000e+02
4.580721740722656250e+02
5.605195312500000000e+02
6.333282470703125000e+02
4.868487548828125000e+02
7.136722412109375000e+02
5.206314086914062500e+02
6.010004272460937500e+02
4.709455566406250000e+02
4.646138305664062500e+02
2.988274536132812500e+02
3.817495422363281250e+02
5.053299865722656250e+02
4.364111328125000000e+02
4.410610656738281250e+02
4.448695983886718750e+02
5.784934082031250000e+02
5.615201416015625000e+02
4.804525451660156250e+02
4.723197326660156250e+02
2.315727996826171875e+02
4.453097839355468750e+02
4.807763061523437500e+02
6.175146484375000000e+02
3.424199523925781250e+02
5.659170532226562500e+02
1.352729187011718750e+02
5.525559082031250000e+02
2.547016906738281250e+02
1.896392517089843750e+02
3.453367919921875000e+02
3.417725830078125000e+02
4.761795959472656250e+02
6.182334594726562500e+02
4.115898132324218750e+02
5.347182006835937500e+02
4.551727294921875000e+02
5.906795654296875000e+02
4.673958740234375000e+02
5.047650451660156250e+02
6.207993164062500000e+02
1.280634765625000000e+03
4.757038879394531250e+02
4.204721984863281250e+02
4.981684875488281250e+02
5.588717041015625000e+02
1.059475784301757812e+02
3.267701721191406250e+02
4.012842407226562500e+02
4.549524841308593750e+02
2.974978027343750000e+02
4.210525207519531250e+02
6.189948730468750000e+02
2.118240203857421875e+02
7.977615356445312500e+02
3.332977905273437500e+02
1.096946792602539062e+02
8.466424560546875000e+01
3.429006652832031250e+02
3.295904541015625000e+02
5.458096313476562500e+02
5.436741333007812500e+02
1.044033569335937500e+03
5.181757202148437500e+02
2.982080078125000000e+02
6.392898559570312500e+02
7.097871704101562500e+02
2.093972778320312500e+02
5.944761352539062500e+02
3.633911743164062500e+02
5.939235839843750000e+02
3.649680786132812500e+02
4.354098510742187500e+02
1.424430084228515625e+02
1.408500061035156250e+02
7.715814208984375000e+02
3.682770385742187500e+02
5.465713500976562500e+02
1.308131256103515625e+02
3.682001953125000000e+02
6.670912475585937500e+02
7.410722045898437500e+02
6.452958984375000000e+02
6.178472900390625000e+02
8.552635498046875000e+02
1.821961669921875000e+02
3.732542724609375000e+02
1.478907470703125000e+02
2.063544769287109375e+02
4.679183959960937500e+02
5.087375488281250000e+02
1.046537597656250000e+03
4.037479553222656250e+02
4.844597473144531250e+02
5.279013671875000000e+02
1.827750091552734375e+02
1.678519134521484375e+02
6.012012939453125000e+02
6.748787231445312500e+02
5.400854492187500000e+02
2.879269714355468750e+02
1.151120834350585938e+02
2.485762023925781250e+02
2.592334899902343750e+02
3.584973449707031250e+02
5.403751831054687500e+02
7.163320312500000000e+02
3.001196289062500000e+02
4.789777221679687500e+02
1.629998016357421875e+02
4.156246032714843750e+02
5.011621704101562500e+02
4.527355651855468750e+02
6.167746582031250000e+02
1.057547119140625000e+03
5.190238037109375000e+02
7.770390625000000000e+02
8.310912475585937500e+02
4.994851684570312500e+02
5.314892578125000000e+02
2.864864501953125000e+02
4.122504882812500000e+02
1.615946807861328125e+02
7.025402832031250000e+02
4.354040222167968750e+02
4.665838928222656250e+02
5.802421875000000000e+02
6.148014526367187500e+02
3.048681945800781250e+02
6.830817260742187500e+02
2.853079223632812500e+02
1.657845306396484375e+02
3.063650512695312500e+02
2.332200317382812500e+02
4.258746032714843750e+02
6.020226440429687500e+02
7.614280395507812500e+02
6.212350463867187500e+02
8.624564208984375000e+02
5.916807250976562500e+02
7.952897949218750000e+02
5.704062500000000000e+02
6.484616088867187500e+02
3.623481140136718750e+02
6.085153198242187500e+02
7.684214477539062500e+02
5.331122436523437500e+02
4.840457153320312500e+02
3.634272766113281250e+02
7.342031250000000000e+02
3.184119873046875000e+02
7.774738769531250000e+02
3.956246032714843750e+02
2.427509002685546875e+02
4.699857177734375000e+02
2.240953979492187500e+02
3.770132751464843750e+02
4.423186645507812500e+02
4.904070739746093750e+02
3.498334960937500000e+02
3.287369079589843750e+02
3.353309020996093750e+02
2.680053405761718750e+02
5.322684936523437500e+02
4.241755981445312500e+02
6.750897216796875000e+02
3.958107910156250000e+02
5.307247924804687500e+02
4.079506225585937500e+02
4.639822998046875000e+02
3.378005676269531250e+02
7.932459716796875000e+02
2.872197875976562500e+02
3.402229309082031250e+02
5.748726806640625000e+02
1.681526947021484375e+02
3.841417846679687500e+02
6.539772949218750000e+02
5.069652404785156250e+02
2.064157104492187500e+02
1.043422317504882812e+02
4.919124755859375000e+02
6.515266723632812500e+02
1.883409118652343750e+02
5.932009887695312500e+02
3.855474243164062500e+02
6.108059082031250000e+02
5.592630004882812500e+02
3.251334533691406250e+02
3.323302917480468750e+02
3.494098510742187500e+02
3.385583496093750000e+02
4.536136474609375000e+02
4.941000061035156250e+02
6.578302001953125000e+02
6.507697143554687500e+02
9.273668823242187500e+02
4.865663452148437500e+02
4.590475463867187500e+02
3.590924072265625000e+02
4.262844238281250000e+02
6.743858642578125000e+02
6.741171264648437500e+02
2.051191406250000000e+02
3.704909667968750000e+02
1.888381347656250000e+02
2.551582489013671875e+02
2.819510192871093750e+02
4.432713012695312500e+02
3.042670288085937500e+02
6.425365600585937500e+02
3.365262145996093750e+02
6.528869018554687500e+02
5.797097778320312500e+02
4.405167541503906250e+02
4.266680297851562500e+02
4.660617675781250000e+02
5.812609863281250000e+02
4.816562194824218750e+02
8.145710449218750000e+02
6.173509521484375000e+02
3.901625061035156250e+02
4.069588928222656250e+02
1.371233062744140625e+02
5.044314575195312500e+02
2.759643859863281250e+02
2.195427551269531250e+02
3.200010375976562500e+02
7.075385131835937500e+02
2.569587402343750000e+02
4.294446411132812500e+02
5.360873413085937500e+02
3.970172729492187500e+02
4.352606201171875000e+02
2.895930786132812500e+02
5.413651123046875000e+02
2.054912414550781250e+02
3.192727966308593750e+02
3.843933105468750000e+02
8.728307495117187500e+02
3.873046264648437500e+02
8.453932495117187500e+02
1.046853881835937500e+03
1.731155853271484375e+02
3.523399658203125000e+02
3.932007751464843750e+02
3.672735595703125000e+02
2.810408325195312500e+02
6.107886962890625000e+02
3.506417846679687500e+02
3.118599548339843750e+02
6.939591674804687500e+02
5.946078491210937500e+02
4.524210815429687500e+02
2.892364196777343750e+02
4.404011230468750000e+02
3.150587768554687500e+02
4.398791809082031250e+02
3.891827087402343750e+02
5.531681518554687500e+02
3.089374694824218750e+02
1.983719787597656250e+02
2.589679260253906250e+02
2.201155395507812500e+02
1.761117553710937500e+02
2.763460388183593750e+02
2.526129455566406250e+02
5.053830566406250000e+02
1.846578216552734375e+02
3.076173706054687500e+02
2.954426269531250000e+02
5.969534912109375000e+02
3.751519165039062500e+02
4.744996643066406250e+02
2.017059783935546875e+02
3.938370056152343750e+02
2.826326293945312500e+02
5.525778808593750000e+02
6.971781005859375000e+02
2.425793609619140625e+02
5.557822875976562500e+02
9.199868774414062500e+01
1.002587402343750000e+03
2.927321472167968750e+02
6.529619750976562500e+02
4.480719604492187500e+02
1.252138671875000000e+02
8.950904846191406250e+01
5.964823608398437500e+02
4.768724975585937500e+02
1.863415374755859375e+02
5.397164306640625000e+02
4.491080627441406250e+02
8.552773437500000000e+02
6.697913818359375000e+02
4.323049011230468750e+02
2.735025329589843750e+02
1.384915618896484375e+02
3.395254821777343750e+02
8.886464233398437500e+02
8.076505737304687500e+02
3.727775878906250000e+02
8.947546997070312500e+02
6.178195190429687500e+02
4.042743225097656250e+02
3.753410034179687500e+02
1.879052429199218750e+02
8.788748779296875000e+02
5.089942321777343750e+02
4.207499389648437500e+02
8.478668823242187500e+02
2.653859558105468750e+02
6.611676635742187500e+02
5.178530273437500000e+02
4.979617004394531250e+02
4.521810607910156250e+02
5.711449584960937500e+02
4.742983398437500000e+02
2.664406738281250000e+02
3.645580749511718750e+02
4.575574951171875000e+02
5.137745971679687500e+02
9.193631744384765625e+01
5.487453002929687500e+02
4.732208862304687500e+02
5.626317749023437500e+02
3.483943786621093750e+02
6.410013427734375000e+02
4.499763183593750000e+02
3.423711242675781250e+02
4.478943786621093750e+02
2.545892333984375000e+02
3.018104858398437500e+02
3.502817077636718750e+02
4.947989196777343750e+02
9.310848999023437500e+02
3.827534179687500000e+02
1.185781021118164062e+02
2.880312500000000000e+02
6.940881347656250000e+02
2.201930084228515625e+02
3.703909606933593750e+02
6.800275268554687500e+02
8.144774780273437500e+02
4.303831176757812500e+02
2.092958679199218750e+02
3.180997009277343750e+02
4.355327453613281250e+02
3.602359313964843750e+02
1.018236770629882812e+02
1.670191040039062500e+02
1.202628555297851562e+02
7.999904785156250000e+02
5.535727539062500000e+02
6.067747802734375000e+02
4.128021850585937500e+02
1.768766326904296875e+02
2.229109954833984375e+02
3.134033813476562500e+02
3.638660888671875000e+02
4.575672302246093750e+02
1.216128158569335938e+02
3.959948425292968750e+02
3.095137329101562500e+02
3.744478149414062500e+02
4.774639892578125000e+02
7.199249267578125000e+02
5.813418579101562500e+02
5.862534790039062500e+02
4.387160644531250000e+02
1.037313156127929688e+02
6.800792846679687500e+02
3.200462646484375000e+02
5.323145141601562500e+02
3.606887817382812500e+02
5.781024780273437500e+02
8.484486694335937500e+02
3.345683898925781250e+02
2.842370910644531250e+02
3.221102905273437500e+02
2.577605590820312500e+02
3.025414123535156250e+02
6.804745483398437500e+02
3.469677429199218750e+02
5.225069580078125000e+02
3.118476257324218750e+02
4.591902465820312500e+02
1.790584564208984375e+02
4.343652648925781250e+02
4.224765319824218750e+02
7.290347900390625000e+02
4.533466491699218750e+02
4.632951354980468750e+02
3.445527343750000000e+02
2.231642761230468750e+02
6.202188720703125000e+02
3.381769104003906250e+02
3.468048400878906250e+02
1.577612457275390625e+02
5.040753784179687500e+02
8.791877441406250000e+02
2.239867248535156250e+02
3.704441223144531250e+02
4.321495666503906250e+02
5.340664062500000000e+02
5.493601684570312500e+02
1.975330657958984375e+02
6.885088500976562500e+02
2.753863830566406250e+02
5.017169799804687500e+02
1.469017944335937500e+03
5.213580322265625000e+02
4.720814819335937500e+02
3.222300415039062500e+02
7.916212768554687500e+02
5.889479370117187500e+02
8.383268432617187500e+02
3.990343627929687500e+02
2.842031860351562500e+02
1.684371643066406250e+02
5.032656250000000000e+02
6.983026123046875000e+02
9.022883300781250000e+02
1.269700317382812500e+03
4.143496704101562500e+02
6.034086303710937500e+02
3.213115539550781250e+02
5.453577270507812500e+02
7.673001098632812500e+02
7.172179565429687500e+02
3.515657348632812500e+02
7.896837768554687500e+02
4.815990600585937500e+02
3.332543640136718750e+02
2.434258575439453125e+02
2.930163269042968750e+02
7.320825805664062500e+02
4.132825622558593750e+02
3.090828552246093750e+02
3.499160156250000000e+02
7.052495727539062500e+02
1.390162811279296875e+02
5.371567993164062500e+02
3.305899658203125000e+02
4.225555419921875000e+02
4.315429687500000000e+02
8.996633911132812500e+02
2.912328491210937500e+02
5.590227050781250000e+02
2.692906799316406250e+02
4.379162597656250000e+02
1.767207794189453125e+02
2.624827270507812500e+02
3.826147155761718750e+02
6.803185424804687500e+02
6.057404785156250000e+02
9.434140625000000000e+02
6.291746826171875000e+02
5.150081787109375000e+02
5.204807128906250000e+02
4.791936645507812500e+02
4.414673767089843750e+02
2.924993286132812500e+02
2.883801574707031250e+02
3.967734069824218750e+02
5.999717407226562500e+02
1.186708618164062500e+03
6.384833374023437500e+02
2.899104309082031250e+02
5.570343627929687500e+02
7.705670166015625000e+02
1.708973846435546875e+02
4.942206420898437500e+02
1.699506835937500000e+02
3.679181823730468750e+02
8.003112792968750000e+02
6.569094848632812500e+02
5.184869995117187500e+02
6.365818481445312500e+02
8.219355468750000000e+02
6.806552734375000000e+02
4.606949768066406250e+02
6.966945190429687500e+02
3.717270202636718750e+02
2.556681976318359375e+02
2.830343322753906250e+02
3.520397949218750000e+02
3.599491577148437500e+02
1.761482086181640625e+02
2.160113220214843750e+02
6.900709228515625000e+02
2.634190368652343750e+02
3.258909606933593750e+02
3.997624816894531250e+02
3.860030212402343750e+02
5.847941894531250000e+02
5.055491333007812500e+02
3.844063720703125000e+02
3.035622253417968750e+02
1.951825103759765625e+02
5.047681274414062500e+02
3.883385009765625000e+02
2.292675476074218750e+02
5.351873779296875000e+02
2.620916442871093750e+02
2.976999206542968750e+02
1.547448730468750000e+02
4.614494934082031250e+02
2.866879272460937500e+02
4.303981933593750000e+02
4.892564697265625000e+02
6.514705200195312500e+02
1.847154235839843750e+02
5.439642333984375000e+02
2.488720855712890625e+02
7.866417846679687500e+02
6.444312133789062500e+02
3.333088073730468750e+02
7.037646484375000000e+02
6.748570556640625000e+02
1.782467498779296875e+02
4.211108703613281250e+02
2.318227996826171875e+02
3.169778137207031250e+02
4.831282653808593750e+02
3.183655395507812500e+02
8.572444458007812500e+02
1.342999420166015625e+02
7.101092529296875000e+02
4.328927307128906250e+02
8.400687255859375000e+02
4.899019470214843750e+02
2.199710388183593750e+02
4.550485534667968750e+02
5.528419799804687500e+02
7.216915283203125000e+02
2.158251800537109375e+02
8.414786376953125000e+02
2.305848083496093750e+02
3.665461425781250000e+02
1.881453552246093750e+02
1.955034790039062500e+02
6.491596069335937500e+02
3.758903503417968750e+02
3.108669738769531250e+02
3.604256286621093750e+02
4.896246337890625000e+02
1.931441040039062500e+02
1.965382232666015625e+02
5.310409545898437500e+02
3.712730102539062500e+02
1.436824035644531250e+02
1.692722015380859375e+02
4.979002075195312500e+02
3.486088256835937500e+02
6.073700561523437500e+02
2.015696563720703125e+02
2.949612121582031250e+02
7.088170776367187500e+02
5.367408447265625000e+02
3.867300415039062500e+02
9.931319580078125000e+02
3.236195373535156250e+02
7.088916625976562500e+02
3.399886169433593750e+02
2.148925018310546875e+02
1.194421264648437500e+03
5.668362426757812500e+02
2.995326232910156250e+02
2.319091491699218750e+02
6.664046020507812500e+02
7.435078735351562500e+02
3.106063842773437500e+02
5.628909912109375000e+02
5.354024047851562500e+02
5.120099487304687500e+02
2.346204681396484375e+02
2.534745941162109375e+02
6.802788696289062500e+02
7.588038330078125000e+02
2.403000640869140625e+02
1.531187133789062500e+02
1.805613250732421875e+02
1.383730163574218750e+02
2.574866027832031250e+02
4.443628540039062500e+02
4.748294982910156250e+02
5.630029907226562500e+02
2.288713836669921875e+02
2.414157562255859375e+02
9.738548583984375000e+02
2.804814147949218750e+02
1.144595092773437500e+03
3.309168701171875000e+02
1.006438415527343750e+03
6.026314697265625000e+02
9.403703308105468750e+01
2.215250549316406250e+02
4.286019897460937500e+02
3.918965454101562500e+02
8.036033935546875000e+02
4.314367980957031250e+02
5.040765686035156250e+02
6.361854858398437500e+02
4.996040954589843750e+02
2.156945037841796875e+02
2.988800964355468750e+02
8.166385498046875000e+02
5.116461181640625000e+02
4.299631042480468750e+02
5.848281250000000000e+02
3.991712951660156250e+02
8.833811035156250000e+02
3.020255432128906250e+02
6.213286743164062500e+02
3.888447570800781250e+02
3.228067016601562500e+02
3.776936035156250000e+02
2.454491119384765625e+02
2.579211730957031250e+02
3.860057373046875000e+02
6.024802246093750000e+02
2.067645416259765625e+02
5.709181518554687500e+02
5.303402099609375000e+02
4.292066650390625000e+02
7.685405273437500000e+02
5.062480163574218750e+02
2.808109436035156250e+02
1.493587646484375000e+02
1.381005554199218750e+02
2.075357818603515625e+02
4.998852233886718750e+02
8.145422973632812500e+02
2.994059753417968750e+02
2.140237426757812500e+02
4.084743041992187500e+02
7.182785644531250000e+02
3.314747009277343750e+02
5.058408508300781250e+02
3.177991943359375000e+02
8.261140136718750000e+02
5.497709960937500000e+02
4.832226562500000000e+02
7.310755615234375000e+02
4.946537475585937500e+02
3.259837341308593750e+02
3.255346374511718750e+02
3.936468505859375000e+02
5.333459472656250000e+02
6.237080078125000000e+02
3.766501464843750000e+02
6.460361328125000000e+02
2.493285980224609375e+02
4.824077758789062500e+02
3.227314453125000000e+02
2.571662597656250000e+02
5.132651977539062500e+02
4.487175598144531250e+02
4.001817016601562500e+02
7.400865478515625000e+02
4.637333068847656250e+02
3.501683654785156250e+02
7.081067504882812500e+02
4.854461364746093750e+02
7.584553833007812500e+02
9.377723999023437500e+02
3.641849975585937500e+02
6.688663940429687500e+02
4.950045776367187500e+02
6.116487426757812500e+02
8.350785522460937500e+02
6.456557006835937500e+02
4.705303955078125000e+02
6.088022460937500000e+02
4.876672363281250000e+02
4.295711059570312500e+02
2.730930480957031250e+02
4.559223632812500000e+02
1.955423889160156250e+02
4.219409484863281250e+02
3.991500244140625000e+02
3.953844604492187500e+02
1.014804138183593750e+03
2.014553527832031250e+02
6.412194213867187500e+02
1.751156463623046875e+02
8.968676757812500000e+02
3.093628540039062500e+02
5.582503662109375000e+02
2.999173889160156250e+02
5.988286132812500000e+02
4.790845947265625000e+02
2.278778991699218750e+02
3.883268127441406250e+02
4.455917358398437500e+02
4.709589843750000000e+02
4.191853332519531250e+02
4.573104858398437500e+02
8.530177001953125000e+02
4.379105529785156250e+02
5.857899780273437500e+02
5.453764038085937500e+02
2.678667297363281250e+02
6.309124145507812500e+02
1.189538330078125000e+03
5.937778320312500000e+02
3.543951110839843750e+02
3.485494384765625000e+02
3.200248107910156250e+02
5.261357421875000000e+02
4.250828857421875000e+02
2.959613647460937500e+02
5.389998779296875000e+02
2.421737670898437500e+02
4.603954162597656250e+02
6.342912597656250000e+02
4.525248718261718750e+02
2.364829711914062500e+02
1.874567108154296875e+02
2.028989868164062500e+02
4.859405517578125000e+02
2.994342956542968750e+02
4.556167602539062500e+02
4.783873901367187500e+02
7.575955810546875000e+02
4.496141357421875000e+02
4.276069641113281250e+02
6.071508789062500000e+02
1.516763305664062500e+02
4.722510375976562500e+02
2.620078430175781250e+02
7.320267944335937500e+02
1.794299774169921875e+02
2.668055419921875000e+02
4.482745666503906250e+02
7.793716430664062500e+02
9.167513427734375000e+02
1.028974243164062500e+03
9.148080444335937500e+02
6.172000732421875000e+02
6.066259155273437500e+02
1.750733184814453125e+02
4.793633422851562500e+02
8.377071533203125000e+02
5.846617431640625000e+02
5.461158447265625000e+02
1.494793090820312500e+02
5.121744384765625000e+02
1.503382568359375000e+02
5.833746337890625000e+02
1.033928466796875000e+03
2.822217102050781250e+02
1.312422637939453125e+02
5.698298339843750000e+02
4.032881164550781250e+02
6.538364868164062500e+02
3.048298034667968750e+02
5.028984985351562500e+02
6.245673217773437500e+02
6.025636596679687500e+02
3.895413818359375000e+02
4.053933410644531250e+02
4.023252258300781250e+02
6.842417602539062500e+02
7.447380371093750000e+02
7.631967163085937500e+02
3.561342468261718750e+02
5.706526489257812500e+02
5.589387817382812500e+02
1.773790588378906250e+02
7.835498657226562500e+02
5.307460937500000000e+02
7.924912719726562500e+02
4.654653015136718750e+02
3.905538940429687500e+02
5.303248291015625000e+02
3.578037109375000000e+02
1.581845855712890625e+02
4.867221374511718750e+02
6.300631103515625000e+02
4.518725891113281250e+02
3.406543884277343750e+02
4.787962341308593750e+02
1.311281433105468750e+02
4.358656921386718750e+02
3.571505432128906250e+02
4.374587402343750000e+02
7.394193115234375000e+02
6.687530517578125000e+02
7.646762084960937500e+02
3.949474182128906250e+02
4.680566406250000000e+02
4.667362365722656250e+02
6.447970581054687500e+02
6.065385131835937500e+02
3.314713134765625000e+02
6.433225097656250000e+02
6.722779541015625000e+02
1.885035400390625000e+02
1.253681564331054688e+02
2.820548400878906250e+02
2.573813476562500000e+02
5.515947875976562500e+02
6.145218505859375000e+02
5.673778076171875000e+02
4.443257141113281250e+02
4.321871643066406250e+02
1.786655883789062500e+02
1.902645111083984375e+02
6.409582519531250000e+02
7.985759277343750000e+02
4.148304748535156250e+02
6.661755371093750000e+02
1.775323638916015625e+02
8.829679870605468750e+01
5.800095214843750000e+02
3.202212524414062500e+02
3.207999572753906250e+02
3.562232666015625000e+02
4.147177734375000000e+02
2.838641052246093750e+02
4.917586975097656250e+02
4.767964782714843750e+02
2.668774414062500000e+02
2.477059936523437500e+02
1.133903045654296875e+02
5.941463623046875000e+02
2.238200378417968750e+02
5.590671386718750000e+02
6.624355468750000000e+02
3.252814941406250000e+02
4.794176330566406250e+02
3.108968505859375000e+02
2.395171203613281250e+02
4.591236267089843750e+02
2.562484741210937500e+02
5.131156616210937500e+02
3.957868652343750000e+02
8.686438598632812500e+02
5.507062988281250000e+02
2.516162109375000000e+02
1.970536193847656250e+02
3.242498779296875000e+02
1.527009887695312500e+02
1.079063842773437500e+03
4.216944580078125000e+02
4.419336853027343750e+02
6.992182617187500000e+02
1.261340408325195312e+02
1.018669799804687500e+03
6.351593017578125000e+02
3.378920898437500000e+02
2.840692749023437500e+02
5.224747314453125000e+02
4.322373352050781250e+02
5.404486694335937500e+02
8.476995849609375000e+01
4.496759033203125000e+02
5.953515014648437500e+02
4.631948242187500000e+02
4.162497863769531250e+02
7.281212768554687500e+02
4.350175170898437500e+02
2.708794555664062500e+02
3.812137756347656250e+02
3.562033081054687500e+02
4.137286376953125000e+02
5.070561218261718750e+02
5.319334716796875000e+02
5.438878784179687500e+02
5.813406372070312500e+02
8.050146484375000000e+02
5.249771118164062500e+02
2.141614227294921875e+02
5.798248901367187500e+02
4.434934082031250000e+02
5.717811889648437500e+02
3.766660766601562500e+02
3.093578796386718750e+02
4.166067199707031250e+02
4.609505310058593750e+02
1.928203125000000000e+02
1.327346801757812500e+02
3.427512207031250000e+02
4.355474853515625000e+02
5.779166870117187500e+02
3.131799316406250000e+02
3.453258666992187500e+02
4.783946838378906250e+02
3.712362060546875000e+02
6.760389404296875000e+02
5.118857727050781250e+02
3.601449584960937500e+02
5.908713378906250000e+02
8.532332153320312500e+02
8.205847167968750000e+02
1.968477172851562500e+02
3.166550598144531250e+02
4.117709045410156250e+02
7.900513305664062500e+02
7.156975097656250000e+02
2.023368530273437500e+02
4.937956848144531250e+02
4.672390441894531250e+02
5.750233154296875000e+02
9.181226196289062500e+02
1.090890960693359375e+02
4.184456787109375000e+02
2.164786224365234375e+02
3.206096496582031250e+02
5.210851440429687500e+02
5.276607666015625000e+02
5.514813842773437500e+02
9.106280517578125000e+02
6.434353027343750000e+02
5.288077392578125000e+02
4.622036743164062500e+02
3.563334350585937500e+02
4.450759887695312500e+02
1.919871368408203125e+02
3.768992919921875000e+02
5.788924560546875000e+02
7.671420288085937500e+02
7.706445922851562500e+02
2.641241455078125000e+02
2.658689575195312500e+02
6.706031494140625000e+02
2.512954101562500000e+02
5.736441650390625000e+02
7.614176025390625000e+02
7.585377197265625000e+02
3.840300903320312500e+02
1.970824127197265625e+02
2.386819915771484375e+02
5.601558227539062500e+02
2.168977966308593750e+02
3.705719299316406250e+02
5.906787719726562500e+02
5.861184692382812500e+02
4.662800292968750000e+02
6.638688964843750000e+02
5.216054077148437500e+02
1.294822387695312500e+02
3.027995300292968750e+02
3.394090881347656250e+02
3.248149108886718750e+02
3.286045532226562500e+02
3.199610595703125000e+02
4.849095458984375000e+02
3.171532592773437500e+02
4.691238098144531250e+02
5.859752807617187500e+02
6.517927246093750000e+02
6.319044799804687500e+02
2.920692749023437500e+02
1.554820709228515625e+02
6.062216796875000000e+02
2.027605743408203125e+02
2.974343566894531250e+02
1.699154052734375000e+02
3.582005310058593750e+02
5.043625183105468750e+02
3.275415039062500000e+02
5.662620849609375000e+02
7.056702880859375000e+02
3.949308776855468750e+02
4.207620544433593750e+02
4.439526672363281250e+02
3.347726135253906250e+02
2.305299835205078125e+02
2.902215881347656250e+02
4.993012390136718750e+02
2.308800354003906250e+02
6.244427490234375000e+02
5.468455200195312500e+02
5.951477661132812500e+02
5.629473876953125000e+02
7.342146606445312500e+02
4.803219299316406250e+02
2.810095825195312500e+02
4.003208007812500000e+02
2.517204284667968750e+02
8.302201080322265625e+01
3.847437438964843750e+02
4.766928100585937500e+02
4.311803283691406250e+02
2.719025268554687500e+02
4.295097961425781250e+02
5.347182617187500000e+02
4.318167419433593750e+02
6.607376708984375000e+02
3.042392578125000000e+02
5.228716430664062500e+02
4.307843627929687500e+02
5.352872924804687500e+02
2.921310729980468750e+02
3.571109008789062500e+02
7.873367309570312500e+02
4.649757995605468750e+02
1.990532073974609375e+02
3.061925659179687500e+02
2.168896026611328125e+02
7.888729858398437500e+02
6.058544311523437500e+02
7.474215698242187500e+02
2.640379333496093750e+02
1.867108459472656250e+02
5.591642456054687500e+02
3.210897827148437500e+02
4.037247009277343750e+02
5.343176879882812500e+02
2.415477142333984375e+02
9.800667572021484375e+01
5.949777221679687500e+02
3.144714660644531250e+02
2.849911193847656250e+02
5.075718688964843750e+02
1.426832275390625000e+02
1.830788116455078125e+02
3.169273071289062500e+02
5.331832275390625000e+02
4.473999633789062500e+02
4.067158813476562500e+02
9.444809570312500000e+02
7.452938842773437500e+01
6.174546508789062500e+02
2.767123107910156250e+02
6.049935302734375000e+02
3.157848205566406250e+02
3.400371398925781250e+02
4.668034973144531250e+02
5.409621582031250000e+02
9.738277435302734375e+01
4.282301940917968750e+02
3.244235229492187500e+02
9.036438598632812500e+02
8.577799682617187500e+02
1.767334594726562500e+02
4.479803161621093750e+02
3.345476379394531250e+02
