5.479722900390625000e+02
7.248812255859375000e+02
1.986615295410156250e+02
4.729689941406250000e+02
5.431661987304687500e+02
4.052799682617187500e+02
5.185239868164062500e+02
2.542227630615234375e+02
4.489917602539062500e+02
5.802447509765625000e+02
4.182576904296875000e+02
5.357328491210937500e+02
6.005809936523437500e+02
2.394561004638671875e+02
5.304539794921875000e+02
6.152660522460937500e+02
9.674090576171875000e+02
6.896212768554687500e+02
3.082227783203125000e+02
4.253519897460937500e+02
1.752481231689453125e+02
3.125538330078125000e+02
3.173827514648437500e+02
3.117184753417968750e+02
1.500904541015625000e+02
3.618917846679687500e+02
5.020915222167968750e+02
8.544822692871093750e+01
3.619304809570312500e+02
3.226443481445312500e+02
4.929183044433593750e+02
7.941026611328125000e+02
1.079677124023437500e+03
5.716772460937500000e+02
4.842619018554687500e+02
6.091389770507812500e+02
4.871201782226562500e+02
7.944538574218750000e+02
3.920008850097656250e+02
5.151200561523437500e+02
8.097072143554687500e+02
3.103019409179687500e+02
2.068183441162109375e+02
1.735929718017578125e+02
2.983323974609375000e+02
3.391531372070312500e+02
7.802468872070312500e+02
5.753564453125000000e+02
4.756585998535156250e+02
8.178479003906250000e+01
5.321951904296875000e+02
6.039044799804687500e+02
6.131760253906250000e+02
4.325321960449218750e+02
4.445647888183593750e+02
1.693146972656250000e+02
2.699012145996093750e+02
6.669429321289062500e+02
1.228893890380859375e+02
8.897953491210937500e+02
4.618784790039062500e+02
2.889188232421875000e+02
5.405662231445312500e+02
6.046777343750000000e+02
2.328849334716796875e+02
5.039606933593750000e+02
6.346246337890625000e+02
4.077161254882812500e+02
5.105772399902343750e+02
4.524993591308593750e+02
2.741849670410156250e+02
1.304921722412109375e+02
6.280863647460937500e+02
3.346813659667968750e+02
2.602828674316406250e+02
7.808945312500000000e+02
5.741487426757812500e+02
4.872738037109375000e+02
2.434848022460937500e+02
5.820201416015625000e+02
5.877706909179687500e+02
4.867494201660156250e+02
1.100732910156250000e+03
3.946871032714843750e+02
1.261844940185546875e+02
2.063906250000000000e+02
2.305734252929687500e+02
1.012919464111328125e+02
2.807851562500000000e+02
1.414839111328125000e+03
2.952433471679687500e+02
2.064657897949218750e+02
2.394872589111328125e+02
5.232150878906250000e+02
3.909877624511718750e+02
8.572003784179687500e+02
2.072949371337890625e+02
5.705968627929687500e+02
7.764172363281250000e+02
4.682217407226562500e+02
6.367215576171875000e+02
5.080917968750000000e+02
2.930441284179687500e+02
4.884880371093750000e+02
2.772460327148437500e+02
5.005548706054687500e+02
2.941670227050781250e+02
4.257126159667968750e+02
5.030309448242187500e+02
3.103538208007812500e+02
5.323557128906250000e+02
5.177443847656250000e+02
4.244927062988281250e+02
2.031900482177734375e+02
6.780307006835937500e+02
1.805443572998046875e+02
2.962266845703125000e+02
3.224309997558593750e+02
2.280950469970703125e+02
4.539997253417968750e+02
4.039513244628906250e+02
1.220036087036132812e+02
1.677721862792968750e+02
3.981600341796875000e+02
5.383447875976562500e+02
3.379416503906250000e+02
3.000729980468750000e+02
6.984220581054687500e+02
3.566975402832031250e+02
6.558422241210937500e+02
5.858613281250000000e+02
1.871197662353515625e+02
1.009483459472656250e+03
2.563159179687500000e+02
6.322345581054687500e+02
7.125492553710937500e+02
1.988753967285156250e+02
4.822984924316406250e+02
3.669186706542968750e+02
3.939853210449218750e+02
1.824594726562500000e+02
4.185565185546875000e+02
8.779855346679687500e+02
4.515065612792968750e+02
4.381084594726562500e+02
3.410080566406250000e+02
7.613498535156250000e+02
5.969937133789062500e+02
1.276288757324218750e+02
4.378404235839843750e+02
8.911075592041015625e+01
4.008389587402343750e+02
7.111143798828125000e+02
6.141687011718750000e+02
1.020677490234375000e+03
3.735892944335937500e+02
6.446682128906250000e+02
5.606550903320312500e+02
1.084231643676757812e+02
4.204676818847656250e+02
7.652208251953125000e+02
4.585992736816406250e+02
3.293824462890625000e+02
3.436182556152343750e+02
4.004441528320312500e+02
2.887848510742187500e+02
3.599403686523437500e+02
3.762843933105468750e+02
1.338083190917968750e+02
4.697403259277343750e+02
3.342228088378906250e+02
2.003337097167968750e+02
4.249990539550781250e+02
6.344097290039062500e+02
4.656696166992187500e+02
2.019021911621093750e+02
5.162341918945312500e+02
8.095905151367187500e+02
6.115789184570312500e+02
2.323993835449218750e+02
3.042948303222656250e+02
4.838072509765625000e+02
4.691221313476562500e+02
2.451088714599609375e+02
3.760253601074218750e+02
5.189541625976562500e+02
4.097097778320312500e+02
3.751350708007812500e+02
6.154468994140625000e+02
4.321407165527343750e+02
8.773269042968750000e+02
3.924793395996093750e+02
4.492416076660156250e+02
3.207954101562500000e+02
4.322282104492187500e+02
2.448505401611328125e+02
4.290772399902343750e+02
5.535473022460937500e+02
3.773866271972656250e+02
6.641238403320312500e+02
5.649977416992187500e+02
3.959121398925781250e+02
4.602517395019531250e+02
5.020117797851562500e+02
4.344882812500000000e+02
9.464411621093750000e+02
6.073855590820312500e+02
5.115033874511718750e+02
4.714509887695312500e+02
5.765285644531250000e+02
9.081284179687500000e+02
5.737471923828125000e+02
3.120276794433593750e+02
3.305313415527343750e+02
3.987401428222656250e+02
1.838465118408203125e+02
2.315456542968750000e+02
3.897662353515625000e+02
2.933261718750000000e+02
3.293808593750000000e+02
6.415664062500000000e+02
3.175795288085937500e+02
4.675417175292968750e+02
6.311311035156250000e+02
6.383681869506835938e+01
2.254478607177734375e+02
6.854141235351562500e+02
5.641464233398437500e+02
4.553899841308593750e+02
1.686201934814453125e+02
2.049085388183593750e+02
4.891342468261718750e+02
3.240404663085937500e+02
4.294065551757812500e+02
2.758649291992187500e+02
3.312802124023437500e+02
6.514729614257812500e+02
9.003307495117187500e+02
4.554313354492187500e+02
1.596712493896484375e+02
3.055001831054687500e+02
4.715162963867187500e+02
6.078975830078125000e+02
3.213169555664062500e+02
7.952213745117187500e+02
2.613103637695312500e+02
5.696065063476562500e+02
6.486715087890625000e+02
3.705544128417968750e+02
3.787533874511718750e+02
3.928801879882812500e+02
3.047634277343750000e+02
3.580886840820312500e+02
5.433809204101562500e+02
5.887877197265625000e+02
3.453580017089843750e+02
6.380814208984375000e+02
5.402847900390625000e+02
1.635872344970703125e+02
1.612269897460937500e+02
4.725103454589843750e+02
4.978066101074218750e+02
4.736469116210937500e+02
5.115544738769531250e+02
4.450895690917968750e+02
2.137027893066406250e+02
2.472334289550781250e+02
2.852341918945312500e+02
2.133806457519531250e+02
4.953436584472656250e+02
3.898512268066406250e+02
4.823390197753906250e+02
4.700930480957031250e+02
1.077169189453125000e+02
1.698845520019531250e+02
2.092476043701171875e+02
2.171622924804687500e+02
7.882333374023437500e+02
4.597093505859375000e+02
6.408556518554687500e+02
5.798613281250000000e+02
8.909601440429687500e+02
4.061854858398437500e+02
1.465391357421875000e+03
3.452876892089843750e+02
5.625535278320312500e+02
4.408720703125000000e+02
2.886252441406250000e+02
2.500116729736328125e+02
6.291867065429687500e+02
5.641207275390625000e+02
1.586483459472656250e+02
4.402726135253906250e+02
4.263811645507812500e+02
1.122641845703125000e+03
3.346415405273437500e+02
4.242963867187500000e+02
2.754890441894531250e+02
5.570081787109375000e+02
5.006917724609375000e+02
5.722294921875000000e+02
4.803972167968750000e+02
4.415576171875000000e+02
4.694660644531250000e+02
6.379254150390625000e+02
4.506606140136718750e+02
3.361741638183593750e+02
5.426734008789062500e+02
3.190142211914062500e+02
1.277370239257812500e+03
3.421640014648437500e+02
1.379576721191406250e+02
2.286198272705078125e+02
5.213461303710937500e+02
4.213070373535156250e+02
1.716591186523437500e+02
4.509649658203125000e+01
3.682926330566406250e+02
2.362720184326171875e+02
1.591783142089843750e+02
4.470109558105468750e+02
3.365503234863281250e+02
1.278899765014648438e+02
2.094512939453125000e+02
6.006152954101562500e+02
2.639858398437500000e+02
5.832745971679687500e+02
2.488928985595703125e+02
4.448041992187500000e+02
3.283646240234375000e+02
4.443070678710937500e+02
5.095698547363281250e+02
3.681050415039062500e+02
4.911074523925781250e+02
5.489342651367187500e+02
5.982580566406250000e+02
2.460207519531250000e+02
5.178829345703125000e+02
3.875426330566406250e+02
6.030491943359375000e+02
4.285603332519531250e+02
6.801490478515625000e+02
5.592584838867187500e+02
3.975085144042968750e+02
9.761568603515625000e+02
5.769135131835937500e+02
1.784043731689453125e+02
3.037715148925781250e+02
3.199537658691406250e+02
4.881458740234375000e+02
5.313057250976562500e+02
3.814615783691406250e+02
2.790655212402343750e+02
2.670393981933593750e+02
3.311223449707031250e+02
4.269367065429687500e+02
3.317064514160156250e+02
5.652819824218750000e+02
4.671105957031250000e+02
3.184685668945312500e+02
1.407742614746093750e+02
5.765870971679687500e+02
2.831257629394531250e+02
2.234252166748046875e+02
3.431744995117187500e+02
6.138529663085937500e+02
8.436240234375000000e+02
5.045084228515625000e+02
4.077234497070312500e+02
2.321670532226562500e+02
2.805967102050781250e+02
2.343559570312500000e+02
1.820946197509765625e+02
5.747955322265625000e+02
8.183587036132812500e+02
5.154348754882812500e+02
7.065476684570312500e+02
4.851621398925781250e+02
4.914653930664062500e+02
1.945545654296875000e+02
1.522201995849609375e+02
5.192322998046875000e+02
9.512905883789062500e+02
4.581213989257812500e+02
5.795435791015625000e+02
2.072196350097656250e+02
5.143663940429687500e+02
3.011841125488281250e+02
5.683643188476562500e+02
1.073161010742187500e+03
4.198147583007812500e+02
6.122893066406250000e+02
2.081171722412109375e+02
3.635438842773437500e+02
3.820957031250000000e+02
1.072828369140625000e+03
4.090359802246093750e+02
7.433466186523437500e+02
2.732506408691406250e+02
3.911356201171875000e+02
2.771714477539062500e+02
7.208333129882812500e+02
1.579607543945312500e+02
3.424768371582031250e+02
3.339727783203125000e+02
4.159213867187500000e+02
3.368748168945312500e+02
1.910478973388671875e+02
2.740864868164062500e+02
4.156746215820312500e+02
2.724783325195312500e+02
5.397396240234375000e+02
3.959613952636718750e+02
3.587239685058593750e+02
7.501748046875000000e+02
5.325806274414062500e+02
4.235222167968750000e+02
3.623647766113281250e+02
6.113689575195312500e+02
4.239815979003906250e+02
5.362515869140625000e+02
1.653096771240234375e+02
5.536578979492187500e+02
5.563529663085937500e+02
4.014931640625000000e+02
5.885346679687500000e+02
4.827030334472656250e+02
7.385928344726562500e+02
3.639110412597656250e+02
2.602978515625000000e+02
3.282470397949218750e+02
3.739660034179687500e+02
6.193541870117187500e+02
3.919332275390625000e+02
9.032583007812500000e+02
7.942216186523437500e+02
4.809323120117187500e+02
1.285542755126953125e+02
2.934406127929687500e+02
4.185974426269531250e+02
5.458277587890625000e+02
1.915160522460937500e+02
1.669197387695312500e+02
2.273866119384765625e+02
1.981449890136718750e+02
5.749802246093750000e+02
4.643922729492187500e+02
2.952402343750000000e+02
3.419299316406250000e+02
1.406590118408203125e+02
2.270199737548828125e+02
8.082714843750000000e+02
8.051245727539062500e+02
1.890500335693359375e+02
4.902855224609375000e+02
3.642296752929687500e+02
1.071394271850585938e+02
3.575636901855468750e+02
8.564675292968750000e+02
7.337113037109375000e+02
4.316472778320312500e+02
4.716286315917968750e+02
3.667030639648437500e+02
5.446484985351562500e+02
3.892752380371093750e+02
4.348468780517578125e+01
4.071616821289062500e+02
3.612637023925781250e+02
7.208547973632812500e+02
3.417470092773437500e+02
2.973518676757812500e+02
5.152133178710937500e+02
4.555505371093750000e+02
3.237810668945312500e+02
3.168258056640625000e+02
1.304390869140625000e+02
3.506937255859375000e+02
4.312912902832031250e+02
7.027310180664062500e+01
6.602456665039062500e+02
6.208969116210937500e+02
2.154392089843750000e+02
4.284633789062500000e+02
3.159878234863281250e+02
2.645821838378906250e+02
3.047645263671875000e+02
7.483687744140625000e+02
3.285169677734375000e+02
8.102142944335937500e+02
2.059946746826171875e+02
4.225680847167968750e+02
5.009584960937500000e+02
1.911977233886718750e+02
2.974638671875000000e+02
5.599805908203125000e+02
5.239680786132812500e+02
6.961857910156250000e+02
3.290185241699218750e+02
3.574457702636718750e+02
4.134963684082031250e+02
5.647487792968750000e+02
3.239963989257812500e+02
3.237593688964843750e+02
3.136548767089843750e+02
6.790545043945312500e+02
7.832346191406250000e+02
6.432108764648437500e+02
9.743864135742187500e+02
4.930764465332031250e+02
2.835707702636718750e+02
4.199173583984375000e+02
2.292766418457031250e+02
2.767908630371093750e+02
6.399881591796875000e+02
2.081272583007812500e+02
2.692151489257812500e+02
3.105447692871093750e+02
1.612354888916015625e+02
3.228021240234375000e+02
7.002922973632812500e+02
6.037537231445312500e+02
4.914673767089843750e+02
8.146878051757812500e+02
2.907208251953125000e+02
7.041405639648437500e+02
3.990109252929687500e+02
7.072374877929687500e+02
6.339607543945312500e+02
7.443243408203125000e+02
3.979720764160156250e+02
2.469062347412109375e+02
9.055025024414062500e+02
5.111939086914062500e+02
3.586084899902343750e+02
3.574049682617187500e+02
5.972166137695312500e+02
4.550112915039062500e+02
5.032821960449218750e+02
6.143126831054687500e+02
4.262685852050781250e+02
3.151640319824218750e+02
3.601444396972656250e+02
2.480051574707031250e+02
3.431823425292968750e+02
5.372239990234375000e+02
3.835732116699218750e+02
4.095354919433593750e+02
5.932153320312500000e+02
7.626431274414062500e+02
4.531799011230468750e+02
5.199207153320312500e+02
2.594326782226562500e+02
7.275775756835937500e+02
6.102164306640625000e+02
1.542487640380859375e+02
2.533639984130859375e+02
2.820233459472656250e+02
1.227571105957031250e+02
3.820510559082031250e+02
4.649545288085937500e+02
2.899054565429687500e+02
4.919101867675781250e+02
7.007825317382812500e+02
6.439129638671875000e+02
4.738368225097656250e+02
5.432849731445312500e+02
3.979589233398437500e+02
5.108313903808593750e+02
5.453472900390625000e+02
6.358951416015625000e+02
1.136564086914062500e+03
6.085769653320312500e+02
8.007213745117187500e+02
8.397657470703125000e+02
3.549074096679687500e+02
3.010041809082031250e+02
9.658251953125000000e+02
3.628038330078125000e+02
2.346741638183593750e+02
3.742589416503906250e+02
3.020771179199218750e+02
6.126360473632812500e+02
5.974055175781250000e+02
4.354010009765625000e+02
5.949274902343750000e+02
3.177127685546875000e+02
3.976722412109375000e+02
3.661697998046875000e+02
3.009628906250000000e+02
8.113200073242187500e+02
4.993320922851562500e+02
4.930442810058593750e+02
2.027029571533203125e+02
3.146561889648437500e+02
1.812451324462890625e+02
8.191420288085937500e+02
3.144984741210937500e+02
2.913505249023437500e+02
1.956406402587890625e+02
4.352644653320312500e+02
5.924476928710937500e+02
3.446169738769531250e+02
5.832076416015625000e+02
3.956651306152343750e+02
7.063872680664062500e+02
5.050798339843750000e+02
3.449692382812500000e+02
4.353684692382812500e+02
4.140875549316406250e+02
5.146035766601562500e+02
2.063719177246093750e+02
2.223807525634765625e+02
4.285859985351562500e+02
2.477367095947265625e+02
2.497883758544921875e+02
3.438686828613281250e+02
5.892153930664062500e+02
3.568910522460937500e+02
2.135311889648437500e+02
2.033006591796875000e+02
4.024544677734375000e+02
1.859553375244140625e+02
1.254258300781250000e+03
4.367708129882812500e+02
4.540574645996093750e+02
6.571553955078125000e+02
6.182417602539062500e+02
2.948763427734375000e+02
4.577687988281250000e+02
3.558664245605468750e+02
3.712132873535156250e+02
7.376970214843750000e+02
6.655133056640625000e+02
6.780613403320312500e+02
1.454191131591796875e+02
3.943553161621093750e+02
1.719905700683593750e+02
4.817925109863281250e+02
2.151080780029296875e+02
4.924286804199218750e+02
2.500534973144531250e+02
2.765548706054687500e+02
3.571584777832031250e+02
6.185762329101562500e+02
6.311593017578125000e+02
2.910725708007812500e+02
4.654571533203125000e+02
3.726115112304687500e+02
5.629283447265625000e+02
2.956615600585937500e+02
6.421171264648437500e+02
4.838982238769531250e+02
2.101499176025390625e+02
5.527198486328125000e+02
3.650735473632812500e+02
7.233527832031250000e+02
5.462080688476562500e+02
4.695319519042968750e+02
6.028621826171875000e+02
5.972226562500000000e+02
1.130644149780273438e+02
2.156589813232421875e+02
1.867880706787109375e+02
3.822265319824218750e+02
2.897676391601562500e+02
5.404682617187500000e+02
7.154025268554687500e+02
3.979010314941406250e+02
3.335152282714843750e+02
5.031320495605468750e+02
9.855328979492187500e+02
2.198508300781250000e+02
2.651610717773437500e+02
4.054672546386718750e+02
4.869136657714843750e+02
3.243762817382812500e+02
5.013006591796875000e+02
5.156937866210937500e+02
2.642205810546875000e+02
3.767288208007812500e+02
4.912568359375000000e+02
2.568660278320312500e+02
4.840969238281250000e+02
3.243363952636718750e+02
1.565642242431640625e+02
2.405611877441406250e+02
3.005186157226562500e+02
3.333998107910156250e+02
6.558153686523437500e+02
9.478326416015625000e+01
3.833439331054687500e+02
3.633253173828125000e+02
1.748417205810546875e+02
3.723088989257812500e+02
6.405698242187500000e+02
2.336333618164062500e+02
4.893999023437500000e+02
2.417578277587890625e+02
2.415257415771484375e+02
5.051252746582031250e+02
4.595030212402343750e+02
4.280355224609375000e+02
3.097656250000000000e+02
2.240583496093750000e+02
9.043992309570312500e+02
2.527698516845703125e+02
6.808385620117187500e+02
5.133077392578125000e+02
5.749486083984375000e+02
9.354042358398437500e+02
1.764728698730468750e+02
3.308196411132812500e+02
3.574027099609375000e+02
1.013457031250000000e+03
1.634065704345703125e+02
5.807451782226562500e+02
2.964502563476562500e+02
3.590998229980468750e+02
3.452506713867187500e+02
2.178480682373046875e+02
3.662941589355468750e+02
5.601712036132812500e+02
5.557886962890625000e+02
7.396378173828125000e+02
7.854192504882812500e+02
3.703072204589843750e+02
1.897277069091796875e+02
5.106918945312500000e+02
8.560892333984375000e+02
2.457211761474609375e+02
4.690504760742187500e+02
1.001091918945312500e+02
3.928874511718750000e+02
3.216683349609375000e+02
2.023810272216796875e+02
2.784643859863281250e+02
4.927590942382812500e+02
4.089471817016601562e+01
5.077846679687500000e+02
3.866726989746093750e+02
1.950646057128906250e+02
3.183533935546875000e+02
8.651328735351562500e+02
3.405398254394531250e+02
3.046943054199218750e+02
6.797199096679687500e+02
4.300307617187500000e+02
2.944942321777343750e+02
4.262190246582031250e+02
1.031262329101562500e+03
5.336629028320312500e+02
4.044067077636718750e+02
9.268740234375000000e+02
1.789120788574218750e+02
6.115252685546875000e+02
5.741976318359375000e+02
4.135780639648437500e+02
1.574152526855468750e+02
4.277586059570312500e+02
8.901734008789062500e+02
4.440493469238281250e+02
4.166385498046875000e+02
3.730604553222656250e+02
5.843252563476562500e+02
1.036355590820312500e+03
6.011312255859375000e+02
2.251033325195312500e+02
8.560997924804687500e+02
1.192125610351562500e+03
5.352885131835937500e+02
5.327753906250000000e+02
3.138591613769531250e+02
3.179728088378906250e+02
5.474733886718750000e+02
5.081580505371093750e+02
4.478892822265625000e+02
3.664942016601562500e+02
4.237436523437500000e+02
3.393338012695312500e+02
1.372470550537109375e+02
7.471857910156250000e+02
4.816502990722656250e+02
2.006114807128906250e+02
4.495552368164062500e+02
2.785581665039062500e+02
7.354804077148437500e+02
3.866174926757812500e+02
4.761283264160156250e+02
6.363624877929687500e+02
3.625582275390625000e+02
2.888380432128906250e+02
8.626201782226562500e+02
5.967539062500000000e+02
5.144017333984375000e+02
2.537008666992187500e+02
7.964787597656250000e+02
1.474647064208984375e+02
4.817458496093750000e+02
2.609994812011718750e+02
4.268354797363281250e+02
4.190258178710937500e+02
3.953224182128906250e+02
6.834783935546875000e+02
5.543925781250000000e+02
5.089760437011718750e+02
6.221105957031250000e+02
5.354261474609375000e+02
2.719909362792968750e+02
4.243077697753906250e+02
1.898452148437500000e+02
9.344598388671875000e+02
4.096474914550781250e+02
6.490894775390625000e+02
3.684916381835937500e+02
5.081488342285156250e+02
5.361492919921875000e+02
1.334239349365234375e+02
3.420822448730468750e+02
1.219324111938476562e+02
5.468779296875000000e+02
3.955801391601562500e+02
4.672774658203125000e+02
2.463580627441406250e+02
5.642335815429687500e+02
4.637670288085937500e+02
6.187741088867187500e+02
5.752061157226562500e+02
3.862765808105468750e+02
3.320814208984375000e+02
5.654478759765625000e+02
8.363178710937500000e+02
4.111593627929687500e+02
9.861513671875000000e+02
7.538763427734375000e+02
4.327749938964843750e+02
3.241601257324218750e+02
5.075275268554687500e+02
7.181763916015625000e+02
3.560233764648437500e+02
5.013757629394531250e+02
3.599121704101562500e+02
7.726979370117187500e+02
4.350952758789062500e+02
5.605715332031250000e+02
9.112293243408203125e+01
2.174558563232421875e+02
4.180110931396484375e+01
1.672462463378906250e+02
3.916627197265625000e+02
7.294661865234375000e+02
4.344753112792968750e+02
3.833517761230468750e+02
6.524921264648437500e+02
5.714092407226562500e+02
6.962460327148437500e+02
3.486478271484375000e+02
5.067830200195312500e+02
3.228757324218750000e+02
8.335895385742187500e+02
9.413605346679687500e+02
4.162920532226562500e+02
4.857062988281250000e+02
3.655378417968750000e+02
4.054782409667968750e+02
2.165222320556640625e+02
5.646391601562500000e+02
4.059844055175781250e+02
1.997764129638671875e+02
4.248788757324218750e+02
5.610731811523437500e+02
1.468357849121093750e+02
6.398508911132812500e+02
6.971920776367187500e+02
4.414510192871093750e+02
3.404358215332031250e+02
4.145327148437500000e+02
4.765125122070312500e+02
4.098110961914062500e+02
6.179628295898437500e+02
4.685523681640625000e+02
2.375865631103515625e+02
4.519080505371093750e+02
6.616526489257812500e+02
5.762854614257812500e+02
8.439996948242187500e+02
1.151787490844726562e+02
3.372237243652343750e+02
5.360036010742187500e+02
2.760126953125000000e+02
5.121700439453125000e+02
7.282646484375000000e+02
4.065314025878906250e+02
2.457214660644531250e+02
6.384736938476562500e+02
4.122083435058593750e+02
2.025569305419921875e+02
4.284717407226562500e+02
7.808364257812500000e+02
6.610220336914062500e+02
4.402087097167968750e+02
4.242386169433593750e+02
7.379521484375000000e+02
4.799543151855468750e+02
4.424985046386718750e+02
3.341647949218750000e+02
2.197707061767578125e+02
2.978952026367187500e+02
6.400227050781250000e+02
4.139537353515625000e+02
1.101461639404296875e+02
2.389627532958984375e+02
2.164286346435546875e+02
1.222524414062500000e+02
1.101965560913085938e+02
4.455343627929687500e+02
7.460360717773437500e+01
2.664803771972656250e+02
5.129667968750000000e+02
3.912227783203125000e+02
8.364694976806640625e+01
2.499015197753906250e+02
2.343911132812500000e+02
1.235569763183593750e+02
6.217810058593750000e+02
2.536797027587890625e+02
2.819763488769531250e+02
4.883747863769531250e+02
2.571686401367187500e+02
3.395662231445312500e+02
8.761336669921875000e+02
6.670455932617187500e+02
5.086940612792968750e+02
1.567256317138671875e+02
1.649886932373046875e+02
7.858230590820312500e+02
2.697223510742187500e+02
7.151667480468750000e+02
1.166236419677734375e+02
5.221193847656250000e+02
5.852300415039062500e+02
4.734210205078125000e+02
5.135972290039062500e+02
1.565068511962890625e+02
7.723604125976562500e+02
8.162609252929687500e+02
1.359758056640625000e+03
3.689716796875000000e+02
4.907472534179687500e+02
2.797859191894531250e+02
6.684113769531250000e+02
5.523387451171875000e+02
6.647194824218750000e+02
2.626294555664062500e+02
3.038614501953125000e+02
4.862850036621093750e+02
3.906542358398437500e+02
4.858003845214843750e+02
3.275414733886718750e+02
9.275499267578125000e+02
4.837252502441406250e+02
6.353926391601562500e+02
2.117931518554687500e+02
5.457156982421875000e+02
8.469862060546875000e+02
2.301976776123046875e+02
4.799789428710937500e+02
1.922307586669921875e+02
1.476772155761718750e+02
2.552341156005859375e+02
2.575522766113281250e+02
5.117042236328125000e+02
4.361106872558593750e+02
6.382164306640625000e+02
7.424243164062500000e+02
1.098576202392578125e+02
5.346724853515625000e+02
6.630354614257812500e+02
4.993814697265625000e+02
3.638462524414062500e+02
5.407124633789062500e+02
5.294188232421875000e+02
6.369411010742187500e+02
6.834354248046875000e+02
6.779024658203125000e+02
1.430732879638671875e+02
6.534600219726562500e+02
9.772083740234375000e+02
6.308720703125000000e+02
2.176433715820312500e+02
3.147945251464843750e+02
4.696673583984375000e+02
8.183573913574218750e+01
7.724271392822265625e+01
3.503294677734375000e+02
2.673762207031250000e+02
5.276778564453125000e+02
3.191014099121093750e+02
5.377371826171875000e+02
2.368109588623046875e+02
4.085563049316406250e+02
4.014203186035156250e+02
3.121025390625000000e+02
3.051589050292968750e+02
4.749030456542968750e+02
4.842492065429687500e+02
6.619756469726562500e+02
3.579726562500000000e+02
9.698323822021484375e+01
2.694732360839843750e+02
6.327635498046875000e+02
4.298577575683593750e+02
4.677103576660156250e+02
2.979591674804687500e+02
6.648103027343750000e+02
4.644031677246093750e+02
4.172677612304687500e+02
1.508863067626953125e+02
6.934740600585937500e+02
4.276896362304687500e+02
2.535305938720703125e+02
2.308577117919921875e+02
8.001834106445312500e+02
5.210018310546875000e+02
4.163790283203125000e+02
8.091087646484375000e+02
2.671539001464843750e+02
3.422750244140625000e+02
5.346622924804687500e+02
2.654082641601562500e+02
3.474776000976562500e+02
4.621708679199218750e+02
4.998169860839843750e+02
4.444548339843750000e+02
7.319860229492187500e+02
8.245235595703125000e+02
4.140500793457031250e+02
2.072798004150390625e+02
2.707173461914062500e+02
2.469454345703125000e+02
3.875747375488281250e+02
4.092966613769531250e+02
5.782652587890625000e+02
5.678261108398437500e+02
4.764861145019531250e+02
2.860311279296875000e+02
2.390026550292968750e+02
1.468446350097656250e+02
8.540815429687500000e+02
7.894448852539062500e+02
4.369713439941406250e+02
2.088991394042968750e+02
2.974902648925781250e+02
3.387239379882812500e+02
3.915976562500000000e+02
4.637078247070312500e+02
3.715902099609375000e+02
5.444277343750000000e+02
2.618483276367187500e+02
1.923501281738281250e+02
6.110966796875000000e+02
4.571636657714843750e+02
5.245657348632812500e+02
4.694828186035156250e+02
2.178973541259765625e+02
7.877532348632812500e+02
2.537722625732421875e+02
2.825528564453125000e+02
3.676520080566406250e+02
6.502117309570312500e+02
8.262815551757812500e+02
4.960335998535156250e+02
2.604916076660156250e+02
6.638678588867187500e+02
2.511184844970703125e+02
6.749180908203125000e+02
7.723138427734375000e+02
7.293906860351562500e+02
2.922722778320312500e+02
2.365827178955078125e+02
4.445146484375000000e+02
4.489129028320312500e+02
3.977912597656250000e+02
7.276100463867187500e+02
4.605084228515625000e+02
4.512218627929687500e+02
4.937204284667968750e+02
4.832345886230468750e+02
8.551315917968750000e+02
6.097348022460937500e+02
5.726978759765625000e+02
4.306343383789062500e+02
6.293742065429687500e+02
2.322720947265625000e+02
5.038502502441406250e+02
2.161894683837890625e+02
8.506616210937500000e+01
1.234879150390625000e+03
4.478594360351562500e+02
5.354338378906250000e+02
1.617997131347656250e+02
3.915415344238281250e+02
3.785674133300781250e+02
2.033244628906250000e+02
5.832030029296875000e+02
3.130628051757812500e+02
6.069887695312500000e+02
4.345286560058593750e+02
4.265902709960937500e+02
2.408245239257812500e+02
2.242374420166015625e+02
2.628263549804687500e+02
4.725580444335937500e+02
4.339143371582031250e+02
3.863806762695312500e+02
2.446906433105468750e+02
2.057889709472656250e+02
3.423829040527343750e+02
5.609725952148437500e+02
3.778333740234375000e+02
4.974208984375000000e+02
4.827366943359375000e+02
5.361755981445312500e+02
3.461860656738281250e+02
5.506123046875000000e+02
4.560899047851562500e+02
2.948485107421875000e+02
5.081849975585937500e+02
1.790042877197265625e+02
2.416276397705078125e+02
2.119763031005859375e+02
5.497123413085937500e+02
6.031280517578125000e+02
3.011401062011718750e+02
3.659700012207031250e+02
2.913301391601562500e+02
7.214624023437500000e+02
2.586845092773437500e+02
5.751632080078125000e+02
4.558567199707031250e+02
2.784572753906250000e+02
5.123857421875000000e+02
2.571400756835937500e+02
3.433731994628906250e+02
5.062257080078125000e+02
4.741741943359375000e+02
5.050257873535156250e+02
6.452331542968750000e+02
3.891961364746093750e+02
6.891543579101562500e+02
4.734187927246093750e+02
3.643165283203125000e+02
2.890280151367187500e+02
3.494379882812500000e+02
4.346293640136718750e+02
6.481611328125000000e+02
6.607874145507812500e+02
4.450442504882812500e+02
5.771765136718750000e+02
2.266970825195312500e+02
5.091488342285156250e+02
2.703646850585937500e+02
2.941689453125000000e+02
1.522386169433593750e+02
1.124966964721679688e+02
8.501782836914062500e+02
3.863096618652343750e+02
7.843170166015625000e+02
2.899288330078125000e+02
2.600783691406250000e+02
3.138172607421875000e+02
7.566954956054687500e+02
3.330490722656250000e+02
5.853973388671875000e+02
4.788841857910156250e+02
2.950982666015625000e+02
5.679480590820312500e+02
3.346513061523437500e+02
4.608517150878906250e+02
1.000062194824218750e+03
1.159508514404296875e+02
3.160201416015625000e+02
4.121870727539062500e+02
2.139748992919921875e+02
1.746224670410156250e+02
3.283900146484375000e+02
2.323155212402343750e+02
5.052994689941406250e+02
2.500117645263671875e+02
2.620055236816406250e+02
5.905051879882812500e+02
5.841235351562500000e+02
5.007026367187500000e+02
5.851415252685546875e+01
4.779182434082031250e+02
4.667214050292968750e+02
5.594481201171875000e+02
7.325367431640625000e+02
2.631691894531250000e+02
1.079796020507812500e+03
2.752488403320312500e+02
7.436003417968750000e+02
7.167354736328125000e+02
3.761525573730468750e+02
5.676937255859375000e+02
3.056130371093750000e+02
1.318887329101562500e+02
7.640449829101562500e+02
4.952643127441406250e+02
5.977550659179687500e+02
7.760495605468750000e+02
2.728636474609375000e+02
7.252583618164062500e+02
9.123045654296875000e+02
1.809793701171875000e+02
4.020153808593750000e+02
1.159163818359375000e+03
4.445241699218750000e+02
3.875037231445312500e+02
2.910534057617187500e+02
6.067497558593750000e+02
5.863839111328125000e+02
6.080853271484375000e+02
5.592623901367187500e+02
7.369083251953125000e+02
5.694480590820312500e+02
5.045860290527343750e+02
4.330114135742187500e+02
2.149917297363281250e+02
4.173809814453125000e+01
2.037194976806640625e+02
6.806865844726562500e+02
4.745843505859375000e+02
6.598513793945312500e+02
2.756800537109375000e+02
7.413585205078125000e+02
3.540457153320312500e+02
1.836714172363281250e+02
1.469076538085937500e+02
2.275545959472656250e+02
6.850742187500000000e+02
7.659185791015625000e+02
1.139519577026367188e+02
4.438570861816406250e+02
2.332262420654296875e+02
5.420827026367187500e+02
8.769352416992187500e+02
6.072807006835937500e+02
6.498356323242187500e+02
9.780670776367187500e+02
3.267980346679687500e+02
1.435466156005859375e+02
7.230784912109375000e+02
4.305108032226562500e+02
6.931643066406250000e+02
2.341071166992187500e+02
5.859481811523437500e+02
5.474864501953125000e+02
2.662763366699218750e+02
5.755689697265625000e+02
2.596525878906250000e+02
1.243336639404296875e+02
7.944720458984375000e+02
2.738668212890625000e+02
4.981460876464843750e+02
3.994458923339843750e+02
2.784227294921875000e+02
2.931376953125000000e+02
5.422335205078125000e+02
8.765747070312500000e+02
3.827528686523437500e+02
3.899331970214843750e+02
1.438929595947265625e+02
8.406068725585937500e+02
4.307800903320312500e+02
8.160843505859375000e+02
2.718099060058593750e+02
4.230021972656250000e+02
3.431307067871093750e+02
3.928985595703125000e+02
3.879403076171875000e+02
4.777460021972656250e+02
7.241513061523437500e+02
3.138546447753906250e+02
5.949481201171875000e+02
1.243242568969726562e+02
1.533370666503906250e+02
2.295200805664062500e+02
3.364884643554687500e+02
4.697577514648437500e+02
5.136760864257812500e+02
3.765161132812500000e+02
2.250223388671875000e+02
2.990950317382812500e+02
5.708953247070312500e+02
4.985932617187500000e+02
5.350919189453125000e+02
3.909850769042968750e+02
4.791527404785156250e+02
1.076991699218750000e+03
3.940144042968750000e+02
3.629079284667968750e+02
3.208551940917968750e+02
5.645669174194335938e+01
7.247521972656250000e+02
5.950689086914062500e+02
5.449851074218750000e+02
3.821384582519531250e+02
2.612715759277343750e+02
4.040021362304687500e+02
1.116046218872070312e+02
5.153715820312500000e+02
3.650215454101562500e+02
8.316767578125000000e+02
6.743241577148437500e+02
4.968343505859375000e+02
5.542852783203125000e+02
8.589851074218750000e+02
3.374637451171875000e+02
1.899396820068359375e+02
6.004143676757812500e+02
3.245756530761718750e+02
1.953630828857421875e+02
4.053012695312500000e+02
4.158253173828125000e+02
6.205898437500000000e+02
1.563518066406250000e+02
3.446649475097656250e+02
5.650028686523437500e+02
4.902235412597656250e+02
5.266249389648437500e+02
4.086100158691406250e+02
1.892932739257812500e+02
3.441940307617187500e+02
3.255837097167968750e+02
4.819678344726562500e+02
5.020439453125000000e+02
3.697841186523437500e+02
2.823122863769531250e+02
5.487366943359375000e+02
5.469160766601562500e+02
6.148773193359375000e+02
1.427095794677734375e+02
1.984359283447265625e+02
2.466051177978515625e+02
4.452197570800781250e+02
2.797880554199218750e+02
3.614096679687500000e+02
5.217221069335937500e+02
3.559662170410156250e+02
5.103814392089843750e+02
3.005946960449218750e+02
5.849428710937500000e+02
8.440180969238281250e+01
4.012272338867187500e+02
6.272594604492187500e+02
1.426716918945312500e+02
3.266534729003906250e+02
6.616281738281250000e+02
5.180531005859375000e+02
2.381376037597656250e+02
4.219070129394531250e+02
5.445780639648437500e+02
1.984155731201171875e+02
2.538427734375000000e+02
1.938086700439453125e+02
3.218858337402343750e+02
4.272002563476562500e+02
8.711652832031250000e+02
4.832311096191406250e+02
3.162660217285156250e+02
5.634561157226562500e+02
4.595467529296875000e+02
4.011522521972656250e+02
5.445274047851562500e+02
3.757719116210937500e+02
7.148480834960937500e+02
3.152637634277343750e+02
7.694826660156250000e+02
4.020471801757812500e+02
2.345541839599609375e+02
5.003494567871093750e+02
5.586987915039062500e+02
4.675611572265625000e+02
1.351403198242187500e+02
5.376071166992187500e+02
7.115926513671875000e+02
4.687915039062500000e+02
4.056917419433593750e+02
1.063213989257812500e+03
3.436707153320312500e+02
4.001401367187500000e+02
5.038260192871093750e+02
4.085140686035156250e+02
4.225563659667968750e+02
4.319080810546875000e+02
1.938838043212890625e+02
6.455370483398437500e+02
5.586062011718750000e+02
3.899445190429687500e+02
1.945244598388671875e+02
3.503085937500000000e+02
4.785033874511718750e+02
3.675945434570312500e+02
5.429620361328125000e+02
4.924535827636718750e+02
4.129956665039062500e+02
4.939859008789062500e+02
5.856628417968750000e+02
6.350015258789062500e+02
5.202922973632812500e+02
2.695473632812500000e+02
3.427829895019531250e+02
4.073789062500000000e+02
3.580544433593750000e+02
5.136703491210937500e+02
3.426530456542968750e+02
3.718210754394531250e+02
5.418422851562500000e+02
5.516329956054687500e+02
6.996776123046875000e+02
7.907435302734375000e+02
1.879107971191406250e+02
3.746045532226562500e+02
1.758745727539062500e+02
6.116824951171875000e+02
2.485065917968750000e+02
3.433005065917968750e+02
4.832355651855468750e+02
3.465782165527343750e+02
3.290565795898437500e+02
2.211092071533203125e+02
4.812153625488281250e+02
3.133013610839843750e+02
3.073420104980468750e+02
3.496396484375000000e+02
3.195131530761718750e+02
4.019407348632812500e+02
7.982346801757812500e+02
4.727223510742187500e+02
3.542731018066406250e+02
5.448082885742187500e+02
4.016391296386718750e+02
8.179327392578125000e+02
3.031784362792968750e+02
3.747623291015625000e+02
3.288330078125000000e+02
2.043490753173828125e+02
2.610013122558593750e+02
3.873344421386718750e+02
2.568870849609375000e+02
4.713505249023437500e+02
3.274064636230468750e+02
1.006989685058593750e+03
2.459455566406250000e+02
5.603854980468750000e+02
5.452650146484375000e+02
2.631387634277343750e+02
1.522860351562500000e+03
3.810690917968750000e+02
3.503537597656250000e+02
4.437961730957031250e+02
9.892161560058593750e+01
3.631846618652343750e+02
4.885236816406250000e+02
3.015352478027343750e+02
4.741112976074218750e+02
1.628625030517578125e+02
3.185280456542968750e+02
6.714510498046875000e+02
2.402718811035156250e+02
5.601531372070312500e+02
6.659989624023437500e+02
1.832926177978515625e+02
4.261403198242187500e+02
4.277770385742187500e+02
3.523396606445312500e+02
4.145502014160156250e+02
7.190567016601562500e+02
3.895816955566406250e+02
3.892185363769531250e+02
5.837609252929687500e+02
4.723099060058593750e+02
4.254103393554687500e+02
3.314434204101562500e+02
7.696555175781250000e+02
3.169161376953125000e+02
4.387474975585937500e+02
2.290944061279296875e+02
5.891453247070312500e+02
5.596965942382812500e+02
8.570886230468750000e+02
5.827383422851562500e+02
3.032305908203125000e+02
3.834101562500000000e+02
1.024497985839843750e+02
1.895009307861328125e+02
6.145673217773437500e+02
4.009198303222656250e+02
4.302942199707031250e+02
4.462836608886718750e+02
3.283327636718750000e+02
3.927256469726562500e+02
4.510685424804687500e+02
4.122473144531250000e+02
4.379263000488281250e+02
3.516983642578125000e+02
2.922307128906250000e+02
5.335317382812500000e+02
4.675617065429687500e+02
1.319342651367187500e+02
3.352427062988281250e+02
2.123643188476562500e+02
2.051887969970703125e+02
6.342391967773437500e+02
3.831256408691406250e+02
7.368324584960937500e+02
8.408094482421875000e+02
4.073829650878906250e+02
4.754824523925781250e+02
2.954602355957031250e+02
6.404933471679687500e+02
1.955325927734375000e+02
8.250709228515625000e+02
1.175603027343750000e+02
2.951623229980468750e+02
4.590817871093750000e+02
2.542908935546875000e+02
1.701168670654296875e+02
4.146288146972656250e+02
7.232473754882812500e+02
5.476392211914062500e+02
4.065920410156250000e+02
4.388278808593750000e+02
4.914486389160156250e+02
1.830728454589843750e+02
1.117206542968750000e+03
4.411088867187500000e+02
6.462261352539062500e+02
5.440958862304687500e+02
1.406129455566406250e+02
6.670953369140625000e+02
2.707062377929687500e+02
9.084972534179687500e+02
5.623374023437500000e+02
2.241461944580078125e+02
3.047044677734375000e+02
4.164409790039062500e+02
4.587123718261718750e+02
6.487775268554687500e+02
5.619643554687500000e+02
4.694544677734375000e+02
8.968503417968750000e+02
2.916486206054687500e+02
9.211849975585937500e+02
5.040140075683593750e+02
3.191819152832031250e+02
7.530187988281250000e+02
6.286990966796875000e+02
3.022043151855468750e+02
4.342295227050781250e+02
6.221457519531250000e+02
1.404068450927734375e+02
6.098474731445312500e+02
4.323822937011718750e+02
5.263995971679687500e+02
4.596966552734375000e+02
9.098185424804687500e+02
3.426383666992187500e+02
3.557398376464843750e+02
4.244096374511718750e+02
1.437410278320312500e+02
2.702969970703125000e+02
6.664269409179687500e+02
2.858571166992187500e+02
5.928621215820312500e+02
5.189057617187500000e+02
5.092787475585937500e+02
1.711646575927734375e+02
4.246088562011718750e+02
5.035926818847656250e+02
3.001329956054687500e+02
3.159677124023437500e+02
3.353870849609375000e+02
5.086358337402343750e+02
1.578493804931640625e+02
1.356215820312500000e+02
2.529245910644531250e+02
3.342787170410156250e+02
2.072853393554687500e+02
8.726391601562500000e+02
6.477174682617187500e+02
3.591557922363281250e+02
4.468966674804687500e+02
6.751953125000000000e+02
3.147216491699218750e+02
4.636284790039062500e+02
7.367800903320312500e+02
4.597174072265625000e+02
4.145636596679687500e+02
5.071846923828125000e+02
6.542412719726562500e+02
3.214505615234375000e+02
7.999745483398437500e+02
4.877205505371093750e+02
2.967113952636718750e+02
2.971939697265625000e+02
5.748816528320312500e+02
4.835450744628906250e+02
2.731065979003906250e+02
3.307578735351562500e+02
3.999965209960937500e+02
6.745839233398437500e+02
2.702374572753906250e+02
7.061416015625000000e+02
6.202702026367187500e+02
4.710321350097656250e+02
7.248777465820312500e+02
4.306250915527343750e+02
3.121139526367187500e+02
5.435071411132812500e+02
1.043438720703125000e+03
3.685139160156250000e+02
3.852443237304687500e+02
5.329955444335937500e+02
1.442045745849609375e+02
3.897113037109375000e+02
3.546713562011718750e+02
4.920809326171875000e+02
3.619923706054687500e+02
8.433277587890625000e+02
4.085162963867187500e+02
4.228834533691406250e+02
6.870910644531250000e+02
2.947994995117187500e+02
3.666973876953125000e+02
7.037094726562500000e+02
3.436184387207031250e+02
4.774224853515625000e+02
7.204935302734375000e+02
1.313811401367187500e+03
5.643339843750000000e+02
3.660511169433593750e+02
1.397403564453125000e+03
2.128231048583984375e+02
4.663168334960937500e+02
3.637962646484375000e+02
2.881079406738281250e+02
6.136569213867187500e+02
3.581223754882812500e+02
4.079512634277343750e+02
8.506143188476562500e+02
5.230045776367187500e+02
2.109589843750000000e+02
5.680714111328125000e+02
6.534046630859375000e+02
2.942773437500000000e+02
2.138344116210937500e+02
6.922347412109375000e+02
5.625666503906250000e+02
4.082597656250000000e+02
4.118529968261718750e+02
6.574099731445312500e+02
4.144890136718750000e+02
6.165567016601562500e+02
5.392875976562500000e+02
1.456309509277343750e+02
3.207375183105468750e+02
3.480590820312500000e+02
4.337057189941406250e+02
2.301127014160156250e+02
5.445614013671875000e+02
3.621660461425781250e+02
2.031589965820312500e+02
5.684040527343750000e+02
6.185537109375000000e+02
6.143462524414062500e+02
7.426135253906250000e+02
4.623615417480468750e+02
3.045033569335937500e+02
4.314796752929687500e+02
7.014290771484375000e+02
3.250516662597656250e+02
4.034090270996093750e+02
6.712066040039062500e+02
6.647778930664062500e+02
3.955067443847656250e+02
4.919931640625000000e+02
6.140578613281250000e+02
6.124419555664062500e+02
6.392471313476562500e+02
2.447191009521484375e+02
2.175212097167968750e+02
6.014301757812500000e+02
3.340219726562500000e+02
3.734628601074218750e+02
4.149895935058593750e+02
2.847803344726562500e+02
1.182604980468750000e+03
3.577164001464843750e+02
6.550173339843750000e+02
6.620410156250000000e+02
6.540094604492187500e+02
3.782282409667968750e+02
1.104348388671875000e+03
3.142433776855468750e+02
4.845704040527343750e+02
1.760419769287109375e+02
4.739237670898437500e+02
4.014143371582031250e+02
5.202312011718750000e+02
8.257854614257812500e+02
5.282467041015625000e+02
2.748425598144531250e+02
5.302908935546875000e+02
3.647093811035156250e+02
2.133296661376953125e+02
7.619567871093750000e+02
7.046602172851562500e+02
2.102495117187500000e+02
1.042395385742187500e+03
4.954244689941406250e+02
4.912663574218750000e+02
5.414429931640625000e+02
7.837866210937500000e+02
7.719982910156250000e+02
4.338757324218750000e+02
3.633336181640625000e+02
1.806421813964843750e+02
2.086266632080078125e+02
3.803133850097656250e+02
6.484290161132812500e+02
8.826293945312500000e+02
5.679609375000000000e+02
5.484119873046875000e+02
2.249082946777343750e+02
3.394783020019531250e+02
5.822139282226562500e+02
2.708454284667968750e+02
2.072188415527343750e+02
3.412237243652343750e+02
4.307155456542968750e+02
3.409737548828125000e+02
8.957705688476562500e+02
9.910991821289062500e+02
5.487213745117187500e+02
4.080355224609375000e+02
2.145266418457031250e+02
3.131886291503906250e+02
2.360775756835937500e+02
4.159661560058593750e+02
1.279824447631835938e+02
2.434122772216796875e+02
3.349381713867187500e+02
3.669083557128906250e+02
2.916486206054687500e+02
3.584253540039062500e+02
4.926118774414062500e+02
2.160408020019531250e+02
5.073120422363281250e+02
7.499021606445312500e+02
5.787867431640625000e+02
6.925783691406250000e+02
2.009284362792968750e+02
6.341250610351562500e+02
2.272997436523437500e+02
4.915571594238281250e+02
4.814411621093750000e+02
4.219947509765625000e+02
2.612472839355468750e+02
3.921751403808593750e+02
2.183663940429687500e+02
9.079358520507812500e+02
4.235058593750000000e+02
3.672864074707031250e+02
9.020372924804687500e+02
2.888337707519531250e+02
5.519868164062500000e+02
1.607156524658203125e+02
3.292020568847656250e+02
5.828947753906250000e+02
7.973232421875000000e+02
3.981576232910156250e+02
5.462645874023437500e+02
3.667966613769531250e+02
1.081610641479492188e+02
8.184386596679687500e+02
3.110673522949218750e+02
6.355108032226562500e+02
3.832019958496093750e+02
1.533725585937500000e+02
6.883554687500000000e+02
8.092163085937500000e+02
3.452484130859375000e+02
3.091405639648437500e+02
3.218600463867187500e+02
7.163416748046875000e+02
6.243728027343750000e+02
5.169010009765625000e+02
3.146390380859375000e+02
3.549778747558593750e+02
9.310136108398437500e+02
2.316874389648437500e+02
7.049069213867187500e+02
2.800150451660156250e+02
6.342902832031250000e+02
1.211938934326171875e+02
3.179245605468750000e+02
5.266220703125000000e+02
3.162614746093750000e+02
3.782257995605468750e+02
4.573645019531250000e+02
4.048197937011718750e+02
6.950264892578125000e+02
2.177028503417968750e+02
2.175708465576171875e+02
3.947366943359375000e+02
2.360437927246093750e+02
3.988571472167968750e+02
5.017692871093750000e+02
7.715948486328125000e+02
2.442939147949218750e+02
4.433134460449218750e+02
5.174564819335937500e+02
5.618363037109375000e+02
3.980621337890625000e+02
8.138631591796875000e+02
2.645336608886718750e+02
2.871377563476562500e+02
3.493055419921875000e+02
3.657540893554687500e+02
5.427875366210937500e+02
4.044674987792968750e+02
5.437904052734375000e+02
1.117589599609375000e+03
3.430843811035156250e+02
7.942604370117187500e+02
4.654818115234375000e+02
2.354989929199218750e+02
5.672749023437500000e+02
3.386163330078125000e+02
1.875415496826171875e+02
3.640302124023437500e+02
4.307572937011718750e+02
7.147788085937500000e+02
1.779972991943359375e+02
2.682384338378906250e+02
2.810772705078125000e+02
4.885391540527343750e+02
9.477774658203125000e+02
6.559224243164062500e+02
7.336154174804687500e+02
3.390476684570312500e+02
5.163226318359375000e+02
3.994664001464843750e+02
5.591243286132812500e+02
7.531534423828125000e+02
1.593641662597656250e+02
3.872336730957031250e+02
5.495205078125000000e+02
3.916501464843750000e+02
2.858328857421875000e+02
7.922515869140625000e+02
2.080752868652343750e+02
2.490464782714843750e+02
4.124006958007812500e+02
4.391106262207031250e+02
4.602038574218750000e+02
5.320200805664062500e+02
2.744871215820312500e+02
5.951778564453125000e+02
6.440122680664062500e+02
2.600507812500000000e+02
4.260796813964843750e+02
2.827732543945312500e+02
7.518717651367187500e+02
1.613008728027343750e+02
3.815374450683593750e+02
3.083751525878906250e+02
1.932742614746093750e+02
7.229236450195312500e+02
4.336031188964843750e+02
5.282047729492187500e+02
8.088168334960937500e+02
2.541125640869140625e+02
3.737678833007812500e+02
8.085589599609375000e+02
6.162305908203125000e+02
4.014787902832031250e+02
1.629042510986328125e+02
3.613309936523437500e+02
2.182483062744140625e+02
1.357058868408203125e+02
3.300956115722656250e+02
7.238238525390625000e+02
2.292293395996093750e+02
7.706306152343750000e+02
8.819039916992187500e+02
5.115677795410156250e+02
5.599030151367187500e+02
2.526770019531250000e+02
5.289259643554687500e+02
4.496676330566406250e+02
6.384835815429687500e+02
5.696632080078125000e+02
4.891887512207031250e+02
3.297719726562500000e+02
4.557425537109375000e+02
4.703263854980468750e+02
2.762022399902343750e+02
5.333688354492187500e+02
7.649156494140625000e+02
1.689798889160156250e+02
8.383932495117187500e+02
4.691956481933593750e+02
5.735714721679687500e+02
5.063172302246093750e+02
5.357313232421875000e+02
4.770137634277343750e+02
5.759567260742187500e+02
3.530197448730468750e+02
6.046970214843750000e+02
2.896691894531250000e+02
8.472721557617187500e+02
2.211938323974609375e+02
8.917807006835937500e+02
2.992094116210937500e+02
7.601328125000000000e+02
2.287885742187500000e+02
4.150834350585937500e+02
3.966000671386718750e+02
4.088797302246093750e+02
3.048365478515625000e+02
5.432844848632812500e+02
2.135925750732421875e+02
3.688244323730468750e+02
2.941836242675781250e+02
3.374640502929687500e+02
5.229709472656250000e+02
5.771251831054687500e+02
1.228118743896484375e+02
3.044382324218750000e+02
4.849501342773437500e+02
4.206045837402343750e+02
6.320574951171875000e+02
3.427012634277343750e+02
1.936105651855468750e+02
1.642981719970703125e+02
9.303585205078125000e+02
3.803740844726562500e+02
5.865927124023437500e+02
4.661860656738281250e+02
5.193745117187500000e+02
3.970604553222656250e+02
1.971051483154296875e+02
4.462041015625000000e+02
7.770784912109375000e+02
6.389202880859375000e+02
2.896599121093750000e+02
3.325451354980468750e+02
2.309283294677734375e+02
1.810872497558593750e+02
4.388759155273437500e+02
5.743728027343750000e+02
4.919188842773437500e+02
4.743428039550781250e+02
3.321241455078125000e+02
3.254719848632812500e+02
5.203322753906250000e+02
2.973181152343750000e+02
3.668816223144531250e+02
3.199751586914062500e+02
3.422797851562500000e+02
2.929443664550781250e+02
8.210222167968750000e+02
2.087297515869140625e+02
3.307154541015625000e+02
4.687260437011718750e+02
5.579050292968750000e+02
3.594518737792968750e+02
2.829353027343750000e+02
8.406502075195312500e+02
3.739570312500000000e+02
3.127483825683593750e+02
6.785487670898437500e+02
6.738109130859375000e+02
2.236750488281250000e+02
4.814618835449218750e+02
1.511332702636718750e+02
4.552486267089843750e+02
3.488189086914062500e+02
4.227107543945312500e+02
2.465999145507812500e+02
2.900014038085937500e+02
5.294036865234375000e+02
4.300719909667968750e+02
4.689569396972656250e+02
4.188012390136718750e+02
3.508581848144531250e+02
3.879628295898437500e+02
2.087828979492187500e+02
2.147935180664062500e+02
2.256171417236328125e+02
4.165130615234375000e+02
2.731547546386718750e+02
8.218655395507812500e+02
4.858519287109375000e+02
9.358067016601562500e+02
4.050344238281250000e+02
2.465093383789062500e+02
6.314817504882812500e+02
1.176549911499023438e+02
2.491570892333984375e+02
9.376191406250000000e+02
3.660814208984375000e+02
3.736847839355468750e+02
5.823613281250000000e+02
2.456849212646484375e+02
1.148463500976562500e+03
3.401677551269531250e+02
6.090933227539062500e+02
4.669790344238281250e+02
4.688262939453125000e+02
1.729972839355468750e+02
2.253546447753906250e+02
4.827765808105468750e+02
3.190006408691406250e+02
5.271494140625000000e+02
2.738056640625000000e+02
4.455855712890625000e+02
5.049328002929687500e+02
4.691817626953125000e+02
1.375668029785156250e+02
1.889404602050781250e+02
4.418894653320312500e+02
1.083390747070312500e+03
2.995608215332031250e+02
4.851573791503906250e+02
3.652419128417968750e+02
6.087568359375000000e+02
5.899701538085937500e+02
5.590956420898437500e+02
3.327587890625000000e+02
1.585497131347656250e+02
4.433686218261718750e+02
2.413913879394531250e+02
8.087052001953125000e+02
3.426140747070312500e+02
2.932568054199218750e+02
4.101957702636718750e+02
8.143845825195312500e+02
2.472236480712890625e+02
4.484580993652343750e+02
5.032629394531250000e+02
3.009595031738281250e+02
4.725496215820312500e+02
3.604261779785156250e+02
3.103649291992187500e+02
1.304771270751953125e+02
2.966324462890625000e+02
4.191772766113281250e+02
3.837985839843750000e+02
9.096691894531250000e+02
6.159859008789062500e+02
4.732033996582031250e+02
3.143685607910156250e+02
3.290756530761718750e+02
3.848480224609375000e+02
2.094590759277343750e+02
2.334994354248046875e+02
7.106549072265625000e+02
4.243581848144531250e+02
2.336575317382812500e+02
2.854309997558593750e+02
4.782907104492187500e+02
5.909796142578125000e+02
7.770130004882812500e+02
8.256136474609375000e+02
5.460458984375000000e+02
7.580034179687500000e+02
3.916031799316406250e+02
3.427469482421875000e+02
6.899152832031250000e+02
4.054140930175781250e+02
4.792816162109375000e+02
4.131945190429687500e+02
4.492082824707031250e+02
9.384387817382812500e+02
4.053882446289062500e+02
3.424159545898437500e+02
3.757977294921875000e+02
2.731219177246093750e+02
6.289681396484375000e+02
6.124959106445312500e+02
2.700200805664062500e+02
8.493374633789062500e+02
4.733044128417968750e+02
6.636020507812500000e+02
4.112971191406250000e+02
1.650777893066406250e+02
3.859653015136718750e+02
3.366565551757812500e+02
6.618028564453125000e+02
9.319346313476562500e+02
2.643315429687500000e+02
9.373561401367187500e+02
1.781780548095703125e+02
4.756602478027343750e+02
1.031868774414062500e+03
2.592371520996093750e+02
4.714370422363281250e+02
5.102676696777343750e+02
2.880797729492187500e+02
4.706292114257812500e+02
3.110499572753906250e+02
3.729436035156250000e+02
2.039954223632812500e+02
6.311815795898437500e+02
2.722093200683593750e+02
4.296672058105468750e+02
3.805746154785156250e+02
4.312896728515625000e+02
3.086350097656250000e+02
6.148894042968750000e+02
3.069877929687500000e+02
4.387935791015625000e+02
4.120400390625000000e+02
3.110705871582031250e+02
3.092728271484375000e+02
6.641031494140625000e+02
7.122719726562500000e+02
1.909584197998046875e+02
5.333288574218750000e+02
3.869879760742187500e+02
3.295102539062500000e+02
5.790028076171875000e+02
5.360583496093750000e+02
5.115706787109375000e+02
5.439897460937500000e+02
1.790673065185546875e+02
3.430322875976562500e+02
1.854616455078125000e+03
5.161706542968750000e+02
3.017020568847656250e+02
3.871109619140625000e+02
1.690548248291015625e+02
2.491355895996093750e+02
4.429954223632812500e+02
1.476738739013671875e+02
4.361945800781250000e+02
7.227715454101562500e+02
4.644613037109375000e+02
1.689676055908203125e+02
4.779029541015625000e+02
7.292928466796875000e+02
4.124039306640625000e+02
2.859046325683593750e+02
2.505364837646484375e+02
4.033487243652343750e+02
7.119133911132812500e+02
5.717733154296875000e+02
3.288443298339843750e+02
5.313639526367187500e+02
3.588662414550781250e+02
3.852364196777343750e+02
5.041544799804687500e+02
1.456221160888671875e+02
3.811486206054687500e+02
4.465610961914062500e+02
6.967752685546875000e+02
2.437014160156250000e+02
2.828992614746093750e+02
3.518977355957031250e+02
3.895068969726562500e+02
2.811468811035156250e+02
3.883531799316406250e+02
4.976769409179687500e+02
5.909700317382812500e+02
4.237719726562500000e+02
8.289584350585937500e+02
2.129018211364746094e+01
4.698662109375000000e+02
7.034518432617187500e+02
4.204031982421875000e+02
3.482054138183593750e+02
1.639524688720703125e+02
5.216722412109375000e+02
1.567670745849609375e+02
6.445466308593750000e+02
2.570386657714843750e+02
2.377575836181640625e+02
5.465659790039062500e+02
4.413630981445312500e+02
2.086234436035156250e+02
1.880923614501953125e+02
2.019939880371093750e+02
1.858377685546875000e+02
5.169155273437500000e+02
4.581784973144531250e+02
4.112191162109375000e+02
1.215217285156250000e+02
5.661002807617187500e+02
5.701406250000000000e+02
3.686611938476562500e+02
3.838699645996093750e+02
1.713302764892578125e+02
2.141371307373046875e+02
2.028757934570312500e+02
1.522749481201171875e+02
2.044817962646484375e+02
3.961107788085937500e+02
6.293072509765625000e+02
1.842716064453125000e+02
1.856186218261718750e+02
3.160781250000000000e+02
6.570455932617187500e+02
7.811857299804687500e+02
7.762862548828125000e+02
5.083082275390625000e+02
9.687197875976562500e+02
9.749215087890625000e+02
2.833493347167968750e+02
2.114718933105468750e+02
5.080239868164062500e+02
6.400357055664062500e+02
4.747110595703125000e+02
4.611802673339843750e+02
5.314628906250000000e+02
2.973594055175781250e+02
3.542816772460937500e+02
7.200875854492187500e+02
3.557109680175781250e+02
1.317777252197265625e+02
6.002019653320312500e+02
1.824439086914062500e+02
8.259915771484375000e+02
6.235786132812500000e+02
5.503297119140625000e+02
4.739628601074218750e+02
5.110084533691406250e+02
3.619821472167968750e+02
7.313729248046875000e+02
3.387173156738281250e+02
1.930408782958984375e+02
1.452041015625000000e+02
1.943991851806640625e+02
2.339724273681640625e+02
8.062283935546875000e+02
3.464656982421875000e+02
2.727127075195312500e+02
7.819405364990234375e+01
4.162929077148437500e+02
4.668657531738281250e+02
3.975372009277343750e+02
3.568678283691406250e+02
5.812124633789062500e+02
1.876645660400390625e+02
4.558440551757812500e+02
3.965930480957031250e+02
1.504498596191406250e+02
3.578053588867187500e+02
7.196698608398437500e+02
3.159398193359375000e+02
5.315941772460937500e+02
2.291677246093750000e+02
4.021614379882812500e+02
8.566109466552734375e+01
5.004056701660156250e+02
1.578257446289062500e+02
3.172318115234375000e+02
3.949393920898437500e+02
2.494813232421875000e+02
4.895274047851562500e+02
4.761573181152343750e+02
4.044937133789062500e+02
4.034944763183593750e+02
1.555696563720703125e+02
6.391307983398437500e+02
2.208159484863281250e+02
5.862501831054687500e+02
2.964720153808593750e+02
5.612983398437500000e+02
4.820894775390625000e+02
3.791230468750000000e+02
3.110775146484375000e+02
4.001772766113281250e+02
1.911181945800781250e+02
3.541875915527343750e+02
7.273344726562500000e+02
4.636832885742187500e+02
3.082512817382812500e+02
3.265821533203125000e+02
2.644189147949218750e+02
6.647022705078125000e+02
5.365202636718750000e+02
6.178114013671875000e+02
4.054946899414062500e+02
7.198077392578125000e+02
8.183258666992187500e+02
7.427696533203125000e+02
1.612375030517578125e+02
3.284031982421875000e+02
3.567610473632812500e+02
2.995653686523437500e+02
3.633845214843750000e+02
3.280112915039062500e+02
4.596687927246093750e+02
8.034843750000000000e+02
5.543422241210937500e+02
2.016568908691406250e+02
2.239324035644531250e+02
4.502698364257812500e+02
3.409831848144531250e+02
4.449706726074218750e+02
6.020209350585937500e+02
4.545090637207031250e+02
2.859288330078125000e+02
3.572659301757812500e+02
4.572611083984375000e+02
2.220018920898437500e+02
1.545740509033203125e+02
5.058471374511718750e+02
6.097050170898437500e+02
2.986790161132812500e+02
4.185592346191406250e+02
2.629042663574218750e+02
2.865553283691406250e+02
6.203481445312500000e+02
2.415734710693359375e+02
3.837647094726562500e+02
6.737346191406250000e+02
3.745173339843750000e+02
4.542000122070312500e+02
4.366568908691406250e+02
9.379985351562500000e+02
7.058778076171875000e+02
3.094282226562500000e+02
5.144845581054687500e+02
1.310130310058593750e+02
7.455523681640625000e+02
4.681851501464843750e+02
5.668319702148437500e+02
7.337065124511718750e+01
5.294310913085937500e+02
3.071692810058593750e+02
3.109169616699218750e+02
5.653051757812500000e+02
4.750865783691406250e+02
5.195397949218750000e+02
5.519229736328125000e+02
5.950246582031250000e+02
6.119119873046875000e+02
4.063658142089843750e+02
3.612221069335937500e+02
6.440991821289062500e+02
3.412870788574218750e+02
4.465880432128906250e+02
2.028274230957031250e+02
2.454164276123046875e+02
3.029671936035156250e+02
2.968141479492187500e+02
5.989586791992187500e+02
7.774309692382812500e+02
5.484703979492187500e+02
4.083171997070312500e+02
6.398298950195312500e+02
1.616692657470703125e+02
5.944366455078125000e+02
6.380755615234375000e+02
3.279320373535156250e+02
9.414595947265625000e+02
3.623272094726562500e+02
3.440943298339843750e+02
3.787359313964843750e+02
5.908558349609375000e+02
8.433546142578125000e+02
3.351251525878906250e+02
6.142716064453125000e+02
5.275047607421875000e+02
2.657265319824218750e+02
5.047064514160156250e+02
3.553348693847656250e+02
3.687024230957031250e+02
4.059583129882812500e+02
4.031682205200195312e+01
5.633693847656250000e+02
3.875916748046875000e+02
2.074535369873046875e+02
1.775594177246093750e+02
5.506397094726562500e+02
4.473672790527343750e+02
8.649984741210937500e+02
8.188291015625000000e+02
8.839838256835937500e+02
6.307041015625000000e+02
9.481079711914062500e+02
4.413211975097656250e+02
2.344417877197265625e+02
2.077837524414062500e+02
4.031974792480468750e+02
2.001000823974609375e+02
5.168762207031250000e+02
8.277813110351562500e+02
5.894168701171875000e+02
4.823309326171875000e+02
4.919899597167968750e+02
6.033873901367187500e+02
3.438893737792968750e+02
4.097091369628906250e+02
4.905796203613281250e+02
1.419972229003906250e+02
3.804729309082031250e+02
4.712611389160156250e+02
2.764641113281250000e+02
6.707412719726562500e+02
3.182676696777343750e+02
4.195854492187500000e+02
6.226798706054687500e+02
4.498185119628906250e+02
6.465991821289062500e+02
3.515378723144531250e+02
2.916711730957031250e+02
1.956758880615234375e+02
5.884661865234375000e+02
2.386609191894531250e+02
6.264514160156250000e+02
4.605656433105468750e+02
4.591488952636718750e+02
3.143532714843750000e+02
4.309519958496093750e+02
5.501041870117187500e+02
7.737658081054687500e+02
9.117382202148437500e+02
7.878675537109375000e+02
8.555733032226562500e+02
7.536015014648437500e+02
2.477958679199218750e+02
2.175584564208984375e+02
3.969291381835937500e+02
2.050886840820312500e+02
4.554904174804687500e+02
4.266122436523437500e+02
3.658728332519531250e+02
2.061908111572265625e+02
2.141954650878906250e+02
4.311264953613281250e+02
2.779078674316406250e+02
7.307537841796875000e+01
3.362094726562500000e+02
4.173013916015625000e+02
3.157883300781250000e+02
1.729980926513671875e+02
4.219739074707031250e+02
5.158738403320312500e+02
2.893197021484375000e+02
2.180662231445312500e+02
2.198728790283203125e+02
5.790305786132812500e+02
5.671882934570312500e+02
6.440597534179687500e+02
3.623158569335937500e+02
2.329070892333984375e+02
3.313834838867187500e+02
3.191501770019531250e+02
5.489572753906250000e+02
6.221325073242187500e+02
5.331357421875000000e+02
3.585198974609375000e+02
3.747345275878906250e+02
6.987102661132812500e+02
7.703699951171875000e+02
2.984543151855468750e+02
5.645631103515625000e+02
3.496372680664062500e+02
4.252512207031250000e+02
2.514172515869140625e+02
5.548727416992187500e+02
6.061406860351562500e+02
2.195729370117187500e+02
5.146358032226562500e+02
9.157251739501953125e+01
5.563474121093750000e+02
8.881922607421875000e+02
5.818789672851562500e+02
3.892558898925781250e+02
2.565974426269531250e+02
3.017542419433593750e+02
6.056728515625000000e+02
3.564810791015625000e+02
3.174982604980468750e+02
4.795429992675781250e+02
6.655654296875000000e+02
8.412901611328125000e+02
3.220888366699218750e+02
3.097164916992187500e+02
4.315460815429687500e+02
4.671489562988281250e+02
1.905668792724609375e+02
3.994839477539062500e+02
5.176814575195312500e+02
4.105480651855468750e+02
5.127470703125000000e+02
3.743742675781250000e+02
3.404437866210937500e+02
3.438472595214843750e+02
3.060742492675781250e+02
3.786039123535156250e+02
3.799392089843750000e+02
1.059857788085937500e+03
6.701752319335937500e+02
3.498717346191406250e+02
3.405487976074218750e+02
2.018017425537109375e+02
5.274628906250000000e+02
4.255441589355468750e+02
3.813874816894531250e+02
6.238569335937500000e+02
6.588689575195312500e+02
4.049832153320312500e+02
5.779459838867187500e+02
1.641656341552734375e+02
5.306594848632812500e+02
3.380923156738281250e+02
2.031455993652343750e+02
3.920396423339843750e+02
4.938590393066406250e+02
8.588812255859375000e+02
7.709160766601562500e+02
3.111554565429687500e+02
6.177423706054687500e+02
1.250110397338867188e+02
8.367295532226562500e+02
4.504221496582031250e+02
1.282555236816406250e+02
2.520804138183593750e+02
5.885250854492187500e+02
5.713225708007812500e+02
4.546728820800781250e+02
3.166127014160156250e+02
3.333653869628906250e+02
4.189491271972656250e+02
3.239195556640625000e+02
2.856465759277343750e+02
4.644126892089843750e+02
2.849087524414062500e+02
2.271665496826171875e+02
2.716041564941406250e+02
2.093036041259765625e+02
3.756367492675781250e+02
1.179478530883789062e+02
4.309163818359375000e+02
2.413421936035156250e+02
5.027134399414062500e+02
5.083717651367187500e+02
2.619925842285156250e+02
2.568740539550781250e+02
3.366257934570312500e+02
5.642451782226562500e+02
4.313888854980468750e+02
3.958064880371093750e+02
1.008012878417968750e+03
3.293940429687500000e+02
1.845929870605468750e+02
5.021966857910156250e+02
4.044338684082031250e+02
3.041396789550781250e+02
3.020213623046875000e+02
4.245981750488281250e+02
2.735242309570312500e+02
3.900592041015625000e+02
4.801643981933593750e+02
2.083368835449218750e+02
4.817124023437500000e+02
1.584741210937500000e+02
3.164584655761718750e+02
9.179793090820312500e+02
6.902391967773437500e+02
4.790874023437500000e+02
2.808724975585937500e+02
7.572824707031250000e+02
4.116943359375000000e+02
4.964739379882812500e+02
7.093203125000000000e+02
4.445028686523437500e+02
4.986407165527343750e+02
3.667373352050781250e+02
2.796164245605468750e+02
4.569819335937500000e+02
7.668121337890625000e+02
5.418342285156250000e+02
3.840368347167968750e+02
9.522034301757812500e+02
3.148698425292968750e+02
5.786597900390625000e+02
4.479483032226562500e+02
4.351098022460937500e+02
7.768393707275390625e+01
5.919664306640625000e+02
3.726129760742187500e+02
6.045817871093750000e+02
2.812151794433593750e+02
7.444494018554687500e+02
1.046933837890625000e+03
4.601568908691406250e+02
2.509672088623046875e+02
5.105489807128906250e+02
3.375287475585937500e+02
4.423446044921875000e+02
2.702087707519531250e+02
3.554070129394531250e+02
5.561480102539062500e+02
3.903784790039062500e+02
1.808100891113281250e+02
6.364887695312500000e+02
5.931230468750000000e+02
2.457147827148437500e+02
3.432289733886718750e+02
4.505852050781250000e+02
1.935897979736328125e+02
3.330949401855468750e+02
2.824711914062500000e+02
4.486024475097656250e+02
4.646502990722656250e+02
8.700721435546875000e+02
5.816316528320312500e+02
8.924636230468750000e+02
3.838818054199218750e+02
1.631415100097656250e+02
3.028105468750000000e+02
1.072387084960937500e+03
4.989738464355468750e+02
3.238066101074218750e+02
3.058753662109375000e+02
2.039526367187500000e+02
6.106880493164062500e+02
5.497492675781250000e+02
4.401388549804687500e+02
3.494428710937500000e+02
6.152191772460937500e+02
3.882773742675781250e+02
6.232017211914062500e+02
1.496043548583984375e+02
5.906466674804687500e+02
5.009997558593750000e+02
4.110150146484375000e+02
3.142347106933593750e+02
6.423361206054687500e+02
5.199951782226562500e+02
1.901220855712890625e+02
3.713039550781250000e+02
6.543779907226562500e+02
4.088424682617187500e+02
4.485195922851562500e+02
4.448865966796875000e+02
4.545632934570312500e+02
3.442820434570312500e+02
2.935491027832031250e+02
3.836939392089843750e+02
2.638677673339843750e+02
6.516517944335937500e+02
2.879039611816406250e+02
4.108460083007812500e+02
4.844620056152343750e+02
9.528504638671875000e+02
4.369405212402343750e+02
3.004180297851562500e+02
3.654062500000000000e+02
9.400468139648437500e+02
4.122992248535156250e+02
1.111247787475585938e+02
5.227453613281250000e+02
2.355142669677734375e+02
6.742681274414062500e+02
6.485404052734375000e+02
6.208433227539062500e+02
1.898977508544921875e+02
5.083026733398437500e+02
3.156431274414062500e+02
1.569788055419921875e+02
3.781941833496093750e+02
5.438988037109375000e+02
3.111111755371093750e+02
7.395686035156250000e+02
4.361011657714843750e+02
4.728320617675781250e+02
3.140313720703125000e+02
2.698842773437500000e+02
1.685459594726562500e+02
2.531735687255859375e+02
8.779801635742187500e+02
2.239717712402343750e+02
3.373104553222656250e+02
3.997162170410156250e+02
1.951110534667968750e+02
3.430658874511718750e+02
8.961511230468750000e+01
3.340687255859375000e+02
2.912254638671875000e+02
4.032919921875000000e+02
8.686265563964843750e+01
2.134164276123046875e+02
5.597155761718750000e+02
2.688988952636718750e+02
3.600375976562500000e+02
4.347200317382812500e+02
2.979649047851562500e+02
4.120526733398437500e+02
7.252362670898437500e+02
3.804117431640625000e+02
3.696925354003906250e+02
5.202119750976562500e+02
7.763708496093750000e+02
6.851697387695312500e+02
9.558155517578125000e+02
3.141069030761718750e+02
6.495292968750000000e+02
3.344418945312500000e+02
3.783104858398437500e+02
8.987797241210937500e+02
6.482495727539062500e+02
4.318911743164062500e+02
2.252399291992187500e+02
2.653197937011718750e+02
6.908560180664062500e+02
3.605761718750000000e+02
7.181856079101562500e+02
7.545866699218750000e+02
6.761118774414062500e+02
7.818812255859375000e+02
3.980723571777343750e+02
4.562150573730468750e+02
4.973766479492187500e+02
5.837168579101562500e+02
4.247288208007812500e+02
4.288085021972656250e+02
4.599096069335937500e+02
2.876077575683593750e+02
4.236696166992187500e+02
5.155083007812500000e+02
3.698499755859375000e+02
5.014575500488281250e+02
1.075451049804687500e+03
5.962737426757812500e+02
4.765830993652343750e+02
6.446920166015625000e+02
3.998500366210937500e+02
7.384309692382812500e+02
1.129601058959960938e+02
6.918001098632812500e+02
8.718452148437500000e+02
2.386362457275390625e+02
4.984481201171875000e+02
1.865605163574218750e+02
2.621338500976562500e+02
3.758132324218750000e+02
1.418313140869140625e+02
3.249897766113281250e+02
1.442740173339843750e+02
5.225219116210937500e+02
4.832943115234375000e+02
4.265370178222656250e+02
1.414287567138671875e+02
2.247347106933593750e+02
5.446589355468750000e+02
4.005791015625000000e+02
2.395975189208984375e+02
3.091966247558593750e+02
2.885509643554687500e+02
4.923940429687500000e+02
2.216650238037109375e+02
7.110311279296875000e+02
4.890244445800781250e+02
3.015346984863281250e+02
3.878058166503906250e+02
6.907557373046875000e+02
2.013524627685546875e+02
3.904558715820312500e+02
2.872528381347656250e+02
4.909104309082031250e+02
2.708093261718750000e+02
5.359266357421875000e+02
4.097470397949218750e+02
4.727044677734375000e+02
3.613534240722656250e+02
3.130918579101562500e+02
4.223443908691406250e+02
1.122731933593750000e+02
5.815161132812500000e+02
4.003224792480468750e+02
5.131811523437500000e+02
5.210405883789062500e+02
2.925409545898437500e+02
8.341765136718750000e+02
2.305662078857421875e+02
4.805137023925781250e+02
1.107236557006835938e+02
3.426992797851562500e+02
4.330110473632812500e+02
5.746453247070312500e+02
1.946435089111328125e+02
5.742175903320312500e+02
6.752574462890625000e+02
7.035797729492187500e+02
3.876017150878906250e+02
3.591631774902343750e+02
2.181862792968750000e+02
1.440567016601562500e+03
3.422661743164062500e+02
4.297477416992187500e+02
9.418686523437500000e+02
4.517028503417968750e+02
2.319452819824218750e+02
5.567189331054687500e+02
3.772526855468750000e+02
6.467431030273437500e+02
2.767597351074218750e+02
2.857762756347656250e+02
3.650073547363281250e+02
5.787330322265625000e+02
2.635220336914062500e+02
4.831987609863281250e+02
3.213474121093750000e+02
4.171514587402343750e+02
4.038567199707031250e+02
7.317739868164062500e+02
4.098620910644531250e+02
2.820931396484375000e+02
4.716224365234375000e+02
2.108147735595703125e+02
7.365012207031250000e+02
6.694127197265625000e+02
4.857693176269531250e+02
6.868750610351562500e+02
3.554375915527343750e+02
4.412337341308593750e+02
2.604195556640625000e+02
1.166509643554687500e+03
3.056843261718750000e+02
3.535679321289062500e+02
4.629841003417968750e+02
3.135699462890625000e+02
7.032997436523437500e+02
6.922675170898437500e+02
4.488895263671875000e+02
4.534383544921875000e+02
1.799430999755859375e+02
6.858812866210937500e+02
4.152388916015625000e+02
5.356730651855468750e+01
3.362791748046875000e+02
4.912029724121093750e+02
3.207026672363281250e+02
4.639948425292968750e+02
2.749014587402343750e+02
3.382422180175781250e+02
3.889557189941406250e+02
5.452456665039062500e+02
5.923709106445312500e+02
7.730605468750000000e+02
1.089574356079101562e+02
6.039063720703125000e+02
3.469927978515625000e+02
9.135448608398437500e+02
2.877761840820312500e+02
4.787145996093750000e+02
5.557142333984375000e+02
4.845604553222656250e+02
5.131110229492187500e+02
4.209680480957031250e+02
4.953620910644531250e+02
6.137628784179687500e+02
2.566808471679687500e+02
4.952329101562500000e+02
4.285669555664062500e+02
8.697922973632812500e+02
4.936614074707031250e+02
3.966839904785156250e+02
1.950733795166015625e+02
6.635231933593750000e+02
5.720576782226562500e+02
1.617360229492187500e+02
3.877146911621093750e+02
2.937617492675781250e+02
4.253346252441406250e+02
5.521370239257812500e+02
5.070460205078125000e+02
2.210457916259765625e+02
4.444781799316406250e+02
7.648068237304687500e+02
7.358239135742187500e+02
3.120004882812500000e+02
4.258987731933593750e+02
2.875537414550781250e+02
5.886201171875000000e+02
3.560653991699218750e+02
4.879367370605468750e+02
1.988477020263671875e+02
8.325640869140625000e+02
1.983635711669921875e+02
4.379454040527343750e+02
4.335777893066406250e+02
8.499588012695312500e+02
3.932810668945312500e+02
3.095900268554687500e+02
2.628300476074218750e+02
4.063441772460937500e+02
1.963881530761718750e+02
8.326994018554687500e+02
5.471044921875000000e+02
3.087490539550781250e+02
5.664631958007812500e+02
3.239122314453125000e+02
4.614627075195312500e+02
3.383687438964843750e+02
3.567644348144531250e+02
2.562709350585937500e+02
3.601080017089843750e+02
7.269611206054687500e+02
4.587182312011718750e+02
2.075833740234375000e+02
2.999285583496093750e+02
2.946413879394531250e+02
6.693607788085937500e+02
1.612095794677734375e+02
4.812065124511718750e+02
3.812926635742187500e+02
4.336900024414062500e+02
2.969278869628906250e+02
1.747522735595703125e+02
4.257283325195312500e+02
3.657077026367187500e+02
3.001867980957031250e+02
4.095052795410156250e+02
1.462125549316406250e+02
4.526585388183593750e+02
5.622786254882812500e+02
2.844144287109375000e+02
4.985476074218750000e+02
1.869838867187500000e+02
3.989852905273437500e+02
6.082270507812500000e+02
3.148736572265625000e+02
2.011111602783203125e+02
1.144640731811523438e+02
3.965753479003906250e+02
2.678605957031250000e+02
6.794039916992187500e+02
5.868914184570312500e+02
3.976935424804687500e+02
2.422253265380859375e+02
2.378054046630859375e+02
2.971701049804687500e+02
4.360924987792968750e+02
8.434696655273437500e+02
4.321121215820312500e+02
5.538762207031250000e+02
9.869014282226562500e+02
5.758623046875000000e+02
1.201843795776367188e+02
3.125594787597656250e+02
5.951845092773437500e+02
4.330390319824218750e+02
6.778244018554687500e+02
4.608800659179687500e+02
2.786910095214843750e+02
4.737008361816406250e+02
4.527575988769531250e+02
4.048007202148437500e+02
4.479455261230468750e+02
2.699353942871093750e+02
3.278154602050781250e+02
3.658375549316406250e+02
9.944100952148437500e+01
4.848440246582031250e+02
3.268117675781250000e+02
3.098078002929687500e+02
3.521921691894531250e+02
6.272832641601562500e+02
6.784254150390625000e+02
7.030837402343750000e+02
2.755938110351562500e+02
4.904171447753906250e+02
1.789812316894531250e+02
5.099349060058593750e+02
2.219929809570312500e+02
4.771130676269531250e+02
9.971950531005859375e+01
6.211406250000000000e+02
4.947658081054687500e+02
5.134864501953125000e+02
6.274197387695312500e+02
3.962683410644531250e+02
9.734013366699218750e+01
3.378219909667968750e+02
2.249209442138671875e+02
8.733336791992187500e+02
3.315530700683593750e+02
3.059946594238281250e+02
6.339260864257812500e+02
1.763170013427734375e+02
4.113096923828125000e+02
5.063919372558593750e+02
1.913219604492187500e+02
7.298168334960937500e+02
6.602767944335937500e+02
1.017724426269531250e+03
4.230018615722656250e+02
1.566240539550781250e+02
3.189818115234375000e+02
4.745776672363281250e+02
3.590843200683593750e+02
6.685765380859375000e+02
2.676993103027343750e+02
2.980497131347656250e+02
5.231935424804687500e+02
3.489115905761718750e+02
5.301512451171875000e+02
4.079018859863281250e+02
4.518401794433593750e+02
4.848017883300781250e+02
5.935902709960937500e+02
6.232420043945312500e+02
1.901719512939453125e+02
4.619342956542968750e+02
6.373951416015625000e+02
4.713240966796875000e+02
1.918369903564453125e+02
3.818927307128906250e+02
4.383890380859375000e+02
2.927238769531250000e+02
4.798305969238281250e+02
3.707445983886718750e+02
8.388084106445312500e+02
5.086303100585937500e+02
4.871230773925781250e+02
4.574709167480468750e+02
2.019948425292968750e+02
3.373949279785156250e+02
1.917892456054687500e+02
7.661403808593750000e+02
8.279431762695312500e+02
6.081145629882812500e+02
3.360440979003906250e+02
5.581373901367187500e+02
1.752604675292968750e+02
1.463217010498046875e+02
3.275108947753906250e+02
6.157547607421875000e+02
3.512254638671875000e+02
6.126814575195312500e+02
3.618137817382812500e+02
3.704864807128906250e+02
1.389100341796875000e+02
6.490336303710937500e+02
3.648258056640625000e+02
6.379481811523437500e+02
4.799269104003906250e+02
3.697334899902343750e+02
3.029993286132812500e+02
5.909394531250000000e+02
4.252059020996093750e+02
2.128517150878906250e+02
5.578460693359375000e+02
1.203056182861328125e+02
6.747941894531250000e+02
3.250772399902343750e+02
2.450702667236328125e+02
5.800731811523437500e+02
4.200611267089843750e+02
6.304746704101562500e+02
3.856811828613281250e+02
4.332390441894531250e+02
1.713193511962890625e+02
4.820480041503906250e+02
6.065116577148437500e+02
7.783104858398437500e+02
3.416038818359375000e+02
3.172522888183593750e+02
8.164070434570312500e+02
4.375344848632812500e+02
5.793934326171875000e+02
4.091117553710937500e+02
5.868092041015625000e+02
9.493452453613281250e+01
9.091195068359375000e+02
4.612213134765625000e+02
5.534133911132812500e+02
6.925927734375000000e+02
1.235747146606445312e+02
3.979528503417968750e+02
2.560968322753906250e+02
4.297783508300781250e+02
5.126592407226562500e+02
5.216822509765625000e+02
6.204674682617187500e+02
7.567218627929687500e+02
2.172281494140625000e+02
4.743601989746093750e+02
1.800420532226562500e+02
5.628289184570312500e+02
3.810798645019531250e+02
6.173455200195312500e+02
2.008251190185546875e+02
4.325695495605468750e+02
4.016108703613281250e+02
6.104206542968750000e+02
4.244894409179687500e+02
3.453139038085937500e+02
5.351314697265625000e+02
5.188027954101562500e+02
3.389632568359375000e+02
4.329439086914062500e+02
2.058429718017578125e+02
3.372533569335937500e+02
4.402796630859375000e+02
6.216253051757812500e+02
7.348977050781250000e+02
9.245174407958984375e+01
2.609117126464843750e+02
6.754232788085937500e+02
3.734876098632812500e+02
6.297319335937500000e+02
6.300989990234375000e+02
4.644915161132812500e+02
6.675917358398437500e+02
8.816674804687500000e+02
3.982044372558593750e+02
4.691374206542968750e+02
5.613179321289062500e+02
3.966484069824218750e+02
4.742978515625000000e+02
3.360487976074218750e+02
3.214144287109375000e+02
4.373350830078125000e+02
2.762395019531250000e+02
5.680069580078125000e+02
4.156500549316406250e+02
3.627160644531250000e+02
2.417589569091796875e+02
2.044391784667968750e+02
2.592580261230468750e+02
5.818074340820312500e+02
8.583019409179687500e+02
2.099411315917968750e+02
8.638892211914062500e+02
1.716692962646484375e+02
8.641303710937500000e+02
3.432936401367187500e+02
5.743726196289062500e+02
3.267636108398437500e+02
7.781478271484375000e+02
6.053504638671875000e+02
4.273510742187500000e+02
2.419980621337890625e+02
5.167150878906250000e+02
4.160111083984375000e+02
6.055569458007812500e+02
4.660024108886718750e+02
4.816109008789062500e+02
4.791774597167968750e+02
3.039745178222656250e+02
3.150211181640625000e+02
2.825938720703125000e+02
3.256920471191406250e+02
4.047374267578125000e+02
3.348695373535156250e+02
1.521036071777343750e+02
4.519369812011718750e+02
4.804829406738281250e+02
2.178434295654296875e+02
6.047241210937500000e+02
2.305249938964843750e+02
4.976560668945312500e+02
3.411382141113281250e+02
2.976156616210937500e+02
6.907556152343750000e+02
2.799239807128906250e+02
6.187659301757812500e+02
3.611960754394531250e+02
5.265883789062500000e+02
3.289699707031250000e+02
1.159933959960937500e+03
8.060213623046875000e+02
5.838485107421875000e+02
3.269151916503906250e+02
1.395342864990234375e+02
3.868222351074218750e+02
4.903211975097656250e+02
3.248374023437500000e+02
3.309642333984375000e+02
8.927036743164062500e+02
4.095578002929687500e+02
5.780369873046875000e+02
6.342006225585937500e+02
2.235646362304687500e+02
2.424887695312500000e+02
1.771207427978515625e+02
7.374976196289062500e+02
4.971698608398437500e+02
8.200491943359375000e+02
2.290937500000000000e+02
5.636760864257812500e+02
4.010771179199218750e+02
3.901379699707031250e+02
4.899654846191406250e+02
4.539378051757812500e+02
4.014768676757812500e+02
3.610316772460937500e+02
3.926996154785156250e+02
2.997473144531250000e+02
5.471370849609375000e+02
3.936181335449218750e+02
1.371269531250000000e+03
5.678179931640625000e+02
7.448316040039062500e+02
4.230211181640625000e+02
3.017471618652343750e+02
5.288496704101562500e+02
3.065579528808593750e+02
3.923530883789062500e+02
3.206769409179687500e+02
7.119963378906250000e+02
5.578604736328125000e+02
3.646376342773437500e+02
3.796701354980468750e+02
4.395115661621093750e+02
7.886633911132812500e+02
3.016295471191406250e+02
4.538306579589843750e+02
3.109949951171875000e+02
7.182524414062500000e+02
1.275480194091796875e+02
5.740548706054687500e+02
3.419059143066406250e+02
9.022879791259765625e+01
1.934710540771484375e+02
8.618898925781250000e+02
4.081917724609375000e+02
4.886806640625000000e+02
4.377796936035156250e+02
2.334530181884765625e+02
4.505898437500000000e+02
6.346325683593750000e+02
2.937098999023437500e+02
4.082937316894531250e+02
3.511341857910156250e+02
4.343944396972656250e+02
4.183255004882812500e+02
1.452138061523437500e+02
3.782915039062500000e+02
4.783031311035156250e+02
5.300986938476562500e+02
5.956153564453125000e+02
2.744322509765625000e+02
3.335339660644531250e+02
5.359080200195312500e+02
3.921050109863281250e+02
4.634764709472656250e+02
5.012732238769531250e+02
1.084008102416992188e+02
4.075519104003906250e+02
4.877066040039062500e+02
2.525510101318359375e+02
6.757626953125000000e+02
2.806710815429687500e+02
3.352057800292968750e+02
2.069326171875000000e+02
1.962727508544921875e+02
6.511704101562500000e+02
6.183076171875000000e+02
5.160874023437500000e+02
9.165338745117187500e+02
2.564464721679687500e+02
1.341170806884765625e+02
5.095353393554687500e+02
3.525587158203125000e+02
5.153522338867187500e+02
4.843200378417968750e+02
4.395270690917968750e+02
6.047188720703125000e+02
5.057392883300781250e+02
4.832205200195312500e+02
6.825775756835937500e+02
1.326618194580078125e+02
5.264993896484375000e+02
2.047484741210937500e+02
5.493883666992187500e+02
6.324188232421875000e+02
3.056579589843750000e+02
3.054161453247070312e+01
4.115239257812500000e+02
4.715834045410156250e+02
3.994364929199218750e+02
2.257675781250000000e+02
6.608860473632812500e+02
2.181853637695312500e+02
2.701269836425781250e+02
2.682095642089843750e+02
2.155235900878906250e+02
1.255040283203125000e+02
1.669775543212890625e+02
4.208186340332031250e+02
2.279602355957031250e+02
8.039980468750000000e+02
3.164884643554687500e+02
1.185502548217773438e+02
2.994010620117187500e+02
2.853050231933593750e+02
2.942380065917968750e+02
7.003505249023437500e+02
2.395363464355468750e+02
6.271065063476562500e+02
