7.118599853515625000e+02
6.829072265625000000e+02
6.521727905273437500e+02
3.686929931640625000e+02
1.051635253906250000e+03
3.311409606933593750e+02
2.543236694335937500e+02
3.917894592285156250e+02
4.579792785644531250e+02
2.820767517089843750e+02
2.944843444824218750e+02
2.475926666259765625e+02
7.125344238281250000e+02
3.205009765625000000e+02
2.972204284667968750e+02
6.233270874023437500e+02
4.312374267578125000e+02
2.504671478271484375e+02
1.100501022338867188e+02
5.792905883789062500e+02
2.377622833251953125e+02
9.753292083740234375e+01
7.713187866210937500e+02
6.133395996093750000e+02
5.310201416015625000e+02
4.702285156250000000e+02
7.272965698242187500e+02
2.736614379882812500e+02
4.016282958984375000e+02
4.513511047363281250e+02
4.293398132324218750e+02
8.534892578125000000e+02
7.078565673828125000e+02
2.045349731445312500e+02
4.859351196289062500e+02
4.445624389648437500e+02
5.017112731933593750e+02
3.969353637695312500e+02
2.100527191162109375e+02
1.945863952636718750e+02
8.844430541992187500e+02
3.789240112304687500e+02
6.230906372070312500e+02
1.085765625000000000e+03
4.880152282714843750e+02
1.279195678710937500e+03
3.215957031250000000e+02
4.828644104003906250e+02
5.867698364257812500e+02
1.666659851074218750e+02
5.019967651367187500e+02
2.403008117675781250e+02
2.531625976562500000e+02
4.329165649414062500e+02
6.151204223632812500e+02
3.721621704101562500e+02
6.110463256835937500e+02
5.749265136718750000e+02
5.423551635742187500e+02
6.960758209228515625e+01
6.861405639648437500e+02
2.767882995605468750e+02
4.925713500976562500e+02
8.417446899414062500e+02
3.930967712402343750e+02
6.049712524414062500e+02
9.867645263671875000e+01
4.825429992675781250e+02
4.113030090332031250e+02
6.685145874023437500e+02
2.637090148925781250e+02
4.144387817382812500e+02
3.458801269531250000e+02
8.246838989257812500e+02
3.481932983398437500e+02
4.738870544433593750e+02
4.392428283691406250e+02
7.681069946289062500e+02
4.031541137695312500e+02
6.791417846679687500e+02
2.456243438720703125e+02
4.222616882324218750e+02
1.441674499511718750e+02
6.259200439453125000e+02
8.663038330078125000e+02
1.954588317871093750e+02
4.370381774902343750e+02
3.512711486816406250e+02
3.328916625976562500e+02
3.895091552734375000e+02
5.678877563476562500e+02
6.067332763671875000e+02
5.187685546875000000e+02
4.703547058105468750e+02
6.527676391601562500e+02
3.621216125488281250e+02
3.158530883789062500e+02
2.786665954589843750e+02
3.003766174316406250e+02
1.453184509277343750e+02
2.311774139404296875e+02
5.378837280273437500e+02
2.067464294433593750e+02
3.460921020507812500e+02
3.582705688476562500e+02
5.661580200195312500e+02
9.099954833984375000e+02
4.070525512695312500e+02
2.911365661621093750e+02
2.559813690185546875e+02
1.312444915771484375e+02
2.066391448974609375e+02
4.698807983398437500e+02
7.338625488281250000e+02
5.152536010742187500e+02
4.105139160156250000e+02
5.455322265625000000e+02
5.408921508789062500e+02
3.598605957031250000e+02
9.572207031250000000e+02
5.042508850097656250e+02
4.269686889648437500e+02
2.057239837646484375e+02
4.750726623535156250e+02
3.301181335449218750e+02
4.666197204589843750e+02
6.946988525390625000e+02
6.657659301757812500e+02
2.973463134765625000e+02
4.718042907714843750e+02
1.823457336425781250e+02
1.758214263916015625e+02
8.065490722656250000e+02
4.896484680175781250e+02
2.934882507324218750e+02
4.371419372558593750e+02
4.268194885253906250e+02
4.219107666015625000e+02
7.362064208984375000e+02
7.929341430664062500e+02
8.890637817382812500e+02
4.933630371093750000e+02
6.004881591796875000e+02
3.012572937011718750e+02
3.740887756347656250e+02
5.786702880859375000e+02
9.277505493164062500e+02
5.643512573242187500e+02
2.363785400390625000e+02
3.124898681640625000e+02
3.739180297851562500e+02
3.105559082031250000e+02
1.801590881347656250e+02
8.738803100585937500e+02
5.635414428710937500e+02
6.365135498046875000e+02
6.460551147460937500e+02
1.489101867675781250e+02
5.276754150390625000e+02
3.523836364746093750e+02
1.920176239013671875e+02
6.368580322265625000e+02
4.803652954101562500e+02
3.597670593261718750e+02
6.635873413085937500e+02
4.813733825683593750e+02
6.707400512695312500e+02
9.134896240234375000e+02
9.315321655273437500e+02
7.393141479492187500e+02
4.190895385742187500e+02
7.814912719726562500e+02
5.486226806640625000e+02
4.912470397949218750e+02
1.757825317382812500e+02
2.842636413574218750e+02
2.544622650146484375e+02
4.841679992675781250e+02
2.974389343261718750e+02
3.716790771484375000e+02
2.108611602783203125e+02
5.602735595703125000e+02
4.989060058593750000e+02
5.999932861328125000e+02
6.462161254882812500e+02
2.379569396972656250e+02
4.874535827636718750e+02
2.923089904785156250e+02
1.013376770019531250e+03
5.204926147460937500e+02
4.146664428710937500e+02
1.032142333984375000e+03
4.710000610351562500e+02
3.254778747558593750e+02
5.693329467773437500e+02
3.101247558593750000e+02
8.334192657470703125e+01
1.087872314453125000e+02
3.635709228515625000e+02
3.080970153808593750e+02
6.815274047851562500e+02
3.623549499511718750e+02
5.676505126953125000e+02
9.372167968750000000e+02
9.243181152343750000e+02
7.472817993164062500e+02
5.913303222656250000e+02
4.946983337402343750e+02
3.539944458007812500e+02
3.843872375488281250e+02
2.838048095703125000e+02
4.793237304687500000e+02
5.193895874023437500e+02
1.563605651855468750e+02
3.432914123535156250e+02
4.885987243652343750e+02
4.962370300292968750e+02
5.322954711914062500e+02
4.227895507812500000e+02
2.932939147949218750e+02
2.292247619628906250e+02
3.416889953613281250e+02
6.092592163085937500e+02
4.559384155273437500e+02
2.639514465332031250e+02
2.002769927978515625e+02
2.833123779296875000e+02
4.844855957031250000e+02
4.219205017089843750e+02
4.017041931152343750e+02
4.674042053222656250e+02
3.977498779296875000e+02
1.721287155151367188e+01
4.556020202636718750e+02
1.906305999755859375e+02
5.974733276367187500e+02
4.549885559082031250e+02
5.901177368164062500e+02
4.207884216308593750e+02
1.261929931640625000e+02
1.710001525878906250e+02
5.829891357421875000e+02
4.523865966796875000e+02
2.134723358154296875e+02
8.424331054687500000e+02
2.992627563476562500e+02
6.051606445312500000e+02
8.398287963867187500e+02
1.929911193847656250e+02
3.617524414062500000e+02
5.576756591796875000e+02
4.450810241699218750e+02
4.444636840820312500e+02
1.021166809082031250e+03
8.168333129882812500e+02
4.874718933105468750e+02
6.019193115234375000e+02
1.832216186523437500e+02
2.427949066162109375e+02
7.613567504882812500e+02
3.964867248535156250e+02
5.660439453125000000e+02
4.603855590820312500e+02
2.467472076416015625e+02
1.629345703125000000e+02
3.936762390136718750e+02
6.624567871093750000e+02
3.642051391601562500e+02
2.287803192138671875e+02
6.135925903320312500e+02
1.340708923339843750e+02
4.631836242675781250e+02
9.773318481445312500e+02
4.493194580078125000e+02
7.058914184570312500e+02
1.973142395019531250e+02
1.238586425781250000e+02
2.253504791259765625e+02
3.843734436035156250e+02
1.049451293945312500e+03
5.560116577148437500e+02
4.138808288574218750e+02
5.368532714843750000e+02
5.344320068359375000e+02
4.296488647460937500e+02
8.110773925781250000e+02
5.970806274414062500e+02
3.437100830078125000e+02
6.006116333007812500e+02
1.459597320556640625e+02
9.961212921142578125e+01
4.216386108398437500e+02
2.305740966796875000e+02
5.157129516601562500e+02
7.174064941406250000e+02
3.321576538085937500e+02
5.776104125976562500e+02
4.922815246582031250e+02
6.289855957031250000e+02
5.093011474609375000e+02
3.517067260742187500e+02
8.837358856201171875e+01
6.809669189453125000e+02
7.446854858398437500e+02
1.782377014160156250e+02
2.501474456787109375e+02
5.319915161132812500e+02
4.159526062011718750e+02
2.759529113769531250e+02
1.608162841796875000e+02
4.680343933105468750e+02
5.367832641601562500e+02
5.472129516601562500e+02
6.657614135742187500e+02
4.456705322265625000e+02
1.752737121582031250e+02
2.885529785156250000e+02
7.159669189453125000e+02
5.217149658203125000e+02
5.220065307617187500e+02
5.486575927734375000e+02
4.501510314941406250e+02
6.592335205078125000e+02
5.063857727050781250e+02
3.558789367675781250e+02
4.543746337890625000e+02
4.248102416992187500e+02
8.677835845947265625e+01
3.792038269042968750e+02
4.243363647460937500e+02
1.387397094726562500e+03
1.812866363525390625e+02
2.604470520019531250e+02
3.118857421875000000e+02
4.104689331054687500e+02
2.733853759765625000e+02
4.955880126953125000e+02
2.098868408203125000e+02
3.952928466796875000e+02
1.814759521484375000e+02
5.617525634765625000e+02
4.560469360351562500e+02
4.021583251953125000e+02
3.981222229003906250e+02
3.761889953613281250e+02
1.326682586669921875e+02
4.788180160522460938e+01
2.878606872558593750e+02
3.145745849609375000e+02
1.279372070312500000e+03
7.353688964843750000e+02
4.327486572265625000e+02
4.021942443847656250e+02
6.570328369140625000e+02
7.303435058593750000e+02
5.445433959960937500e+02
1.019201660156250000e+03
2.495904388427734375e+02
4.529321594238281250e+02
4.789521484375000000e+02
3.587861328125000000e+02
5.075704650878906250e+02
4.966527709960937500e+02
5.981184082031250000e+02
2.573010864257812500e+02
4.563888549804687500e+02
5.219267578125000000e+02
8.673796997070312500e+02
7.926646728515625000e+02
6.545918579101562500e+02
5.510632934570312500e+02
2.488617401123046875e+02
6.227015991210937500e+02
7.788293457031250000e+02
7.180463867187500000e+02
2.605256042480468750e+02
9.138153076171875000e+02
2.659992675781250000e+02
3.421403808593750000e+02
5.629006347656250000e+02
3.856201477050781250e+02
4.755056457519531250e+02
6.870581665039062500e+02
1.133851013183593750e+02
7.933920288085937500e+02
4.104067687988281250e+02
4.668937377929687500e+02
6.188613281250000000e+02
3.434920043945312500e+02
7.485970458984375000e+02
5.280842285156250000e+02
7.080663452148437500e+02
7.197377929687500000e+02
5.668940429687500000e+02
1.971874542236328125e+02
2.785087890625000000e+02
4.023492126464843750e+02
3.544215393066406250e+02
5.845994873046875000e+02
6.772664184570312500e+02
3.642427062988281250e+02
5.272592773437500000e+02
5.045871887207031250e+02
5.835370483398437500e+02
5.748720092773437500e+02
3.962614440917968750e+02
4.891327819824218750e+02
4.573493041992187500e+02
4.894626770019531250e+02
4.136864013671875000e+02
1.031093261718750000e+03
6.696005859375000000e+02
4.643804016113281250e+02
3.324667358398437500e+02
4.785165100097656250e+02
2.277959594726562500e+02
1.728886108398437500e+02
7.800916748046875000e+02
4.529170532226562500e+02
1.595115356445312500e+02
4.050605163574218750e+02
6.654126586914062500e+02
6.217588500976562500e+02
4.902807006835937500e+02
2.818640441894531250e+02
6.650335693359375000e+02
2.493541564941406250e+02
9.678173828125000000e+02
4.115090637207031250e+02
3.649728088378906250e+02
6.338636474609375000e+02
9.320941772460937500e+02
3.055254211425781250e+02
5.630397338867187500e+02
7.196764526367187500e+02
2.336377563476562500e+02
4.370193176269531250e+02
3.546370544433593750e+02
5.083507690429687500e+02
4.714853515625000000e+02
5.200083007812500000e+02
5.344380493164062500e+02
6.597298583984375000e+02
2.593402099609375000e+02
4.831467895507812500e+02
8.178779907226562500e+02
6.513287963867187500e+02
4.143065490722656250e+02
6.091909790039062500e+02
4.497721252441406250e+02
4.304770507812500000e+02
2.234980926513671875e+02
4.947697143554687500e+02
6.034592285156250000e+02
5.811199340820312500e+02
4.469647216796875000e+02
4.042283630371093750e+02
4.296158447265625000e+02
2.667227172851562500e+02
7.709949951171875000e+02
2.669674682617187500e+02
1.375704956054687500e+03
2.519589843750000000e+02
5.159398193359375000e+02
3.690507812500000000e+02
5.786830444335937500e+02
3.348610839843750000e+02
3.084201354980468750e+02
5.694864501953125000e+02
1.048461669921875000e+03
3.435451660156250000e+02
4.879392089843750000e+02
4.935627441406250000e+02
6.051101684570312500e+02
3.244913940429687500e+02
6.043575439453125000e+02
5.011545715332031250e+02
4.517867431640625000e+02
5.652250366210937500e+02
2.939655456542968750e+02
4.442546386718750000e+02
8.698049316406250000e+02
2.152380523681640625e+02
9.807107543945312500e+02
3.352993164062500000e+02
2.369552612304687500e+02
1.277773208618164062e+02
6.461603393554687500e+02
2.700228271484375000e+02
3.190543518066406250e+02
3.647565002441406250e+02
7.206847534179687500e+02
5.933561401367187500e+02
1.730813140869140625e+02
1.742105560302734375e+02
3.541530761718750000e+02
7.797276611328125000e+02
8.101845550537109375e+01
7.291793823242187500e+02
5.326229858398437500e+02
4.902456054687500000e+02
5.890376586914062500e+02
5.985664062500000000e+02
1.307820739746093750e+02
9.675368652343750000e+02
5.740478515625000000e+02
7.399129638671875000e+02
5.108699035644531250e+02
1.767526092529296875e+02
4.619704589843750000e+02
4.708365783691406250e+02
1.856143188476562500e+02
4.246504821777343750e+02
5.131036376953125000e+02
5.210547485351562500e+02
4.553998107910156250e+02
6.765844116210937500e+02
6.050499877929687500e+02
4.504254150390625000e+02
4.653024291992187500e+02
1.566908111572265625e+02
7.378248291015625000e+02
4.267239990234375000e+02
4.876459655761718750e+02
1.652565155029296875e+02
7.303799438476562500e+02
3.252305297851562500e+02
4.670916442871093750e+02
6.382916870117187500e+02
3.050302734375000000e+02
9.329574584960937500e+02
3.325471496582031250e+02
4.073281555175781250e+02
5.700123291015625000e+02
2.279143981933593750e+02
8.009831542968750000e+02
1.719659271240234375e+02
8.170657348632812500e+02
2.383772277832031250e+02
2.886078491210937500e+02
4.548666992187500000e+02
4.147477722167968750e+02
3.932663574218750000e+02
5.295478515625000000e+02
3.747156066894531250e+02
5.581017456054687500e+02
7.584558105468750000e+02
6.337552490234375000e+02
4.437809448242187500e+02
4.235835266113281250e+02
2.573362426757812500e+02
3.285092163085937500e+02
2.291243591308593750e+02
4.989172973632812500e+02
5.378514404296875000e+02
6.194196166992187500e+02
4.403442077636718750e+02
4.827690124511718750e+02
7.112701416015625000e+02
3.153915100097656250e+02
3.037008972167968750e+02
4.285973815917968750e+02
4.388258361816406250e+02
4.584921875000000000e+02
6.051712036132812500e+02
3.706062927246093750e+02
1.788080749511718750e+02
6.530516357421875000e+02
5.297839355468750000e+02
1.264943481445312500e+03
2.784894104003906250e+02
7.735649414062500000e+02
5.535763549804687500e+02
6.285681152343750000e+02
1.046354217529296875e+02
6.800083618164062500e+02
7.499317016601562500e+02
2.285974273681640625e+02
4.546034851074218750e+02
3.072353515625000000e+02
7.557563476562500000e+02
9.740443115234375000e+02
4.218955688476562500e+02
5.460003662109375000e+02
5.464299926757812500e+02
4.395283813476562500e+02
5.824851684570312500e+02
4.816164550781250000e+02
3.883179931640625000e+02
3.559835205078125000e+02
1.546098632812500000e+02
3.341095581054687500e+02
4.445339050292968750e+02
6.795759887695312500e+02
2.314745330810546875e+02
1.065977661132812500e+03
1.166214599609375000e+03
5.419178466796875000e+02
3.479006347656250000e+02
4.655001525878906250e+02
4.486641540527343750e+02
2.250436248779296875e+02
2.358203277587890625e+02
4.061553344726562500e+02
8.114049072265625000e+02
4.117418823242187500e+02
4.097146301269531250e+02
6.786186981201171875e+01
6.136913452148437500e+02
2.011405639648437500e+02
5.874423217773437500e+02
1.930504760742187500e+02
3.199301147460937500e+02
2.756046142578125000e+02
3.494991760253906250e+02
5.234982299804687500e+02
6.615089111328125000e+02
4.448514404296875000e+02
3.586575317382812500e+02
3.816795959472656250e+02
4.094441223144531250e+02
3.204576416015625000e+02
7.159461059570312500e+02
8.361760864257812500e+02
8.818490600585937500e+02
5.762941894531250000e+02
3.318632812500000000e+02
5.892926635742187500e+02
4.114661560058593750e+02
2.918958740234375000e+02
2.352278289794921875e+02
3.688792419433593750e+02
9.616004180908203125e+01
3.046792602539062500e+02
9.224675750732421875e+01
3.530175170898437500e+02
2.244586334228515625e+02
3.200574951171875000e+02
5.282577514648437500e+02
9.492843627929687500e+02
4.718299255371093750e+02
1.885982055664062500e+02
7.026340332031250000e+02
5.142257080078125000e+02
6.834628295898437500e+02
3.837988281250000000e+02
2.500930786132812500e+02
6.824063720703125000e+02
7.360255737304687500e+02
3.057973632812500000e+02
3.536619873046875000e+02
6.599879760742187500e+02
1.772256774902343750e+02
3.980058593750000000e+02
3.220789184570312500e+02
2.799897155761718750e+02
1.758678741455078125e+02
5.045185852050781250e+02
3.895388183593750000e+02
6.047678833007812500e+02
2.531452331542968750e+02
9.906863403320312500e+02
1.009761810302734375e+02
5.133870239257812500e+02
2.938381652832031250e+02
5.522534790039062500e+02
5.632378540039062500e+02
5.841450195312500000e+02
7.499615478515625000e+02
5.853328247070312500e+02
4.377634277343750000e+02
3.530646057128906250e+02
6.170455322265625000e+02
6.886817016601562500e+02
5.794912719726562500e+02
5.825264282226562500e+02
1.271243408203125000e+03
4.577387390136718750e+02
3.633040466308593750e+02
3.779907531738281250e+02
2.009020538330078125e+02
3.708228454589843750e+02
2.760689086914062500e+02
4.237491149902343750e+02
3.611593627929687500e+02
4.869163818359375000e+02
6.526163940429687500e+02
4.277384033203125000e+02
6.553073730468750000e+02
3.871203002929687500e+02
1.706413116455078125e+02
3.669239196777343750e+02
5.481105346679687500e+02
5.210135498046875000e+02
4.489494323730468750e+02
4.866966552734375000e+02
8.216689453125000000e+02
3.931525878906250000e+02
4.119067993164062500e+02
3.810364990234375000e+02
5.783610229492187500e+02
4.537404479980468750e+02
1.765042419433593750e+02
5.338193969726562500e+02
7.439260864257812500e+02
2.752646484375000000e+02
7.719595336914062500e+02
4.222887878417968750e+02
4.179196472167968750e+02
8.015648803710937500e+02
4.599973449707031250e+02
6.470278930664062500e+02
5.806018066406250000e+02
3.635083312988281250e+02
2.598001708984375000e+02
4.124701843261718750e+02
2.065474853515625000e+02
8.629227294921875000e+02
3.625177917480468750e+02
6.201478881835937500e+02
8.597189331054687500e+02
2.575609130859375000e+02
1.818017425537109375e+02
4.985072937011718750e+02
4.200470886230468750e+02
3.568471069335937500e+02
5.600339355468750000e+02
4.154162597656250000e+02
5.007731018066406250e+02
1.964399108886718750e+02
2.814281005859375000e+02
6.157775268554687500e+02
5.917908325195312500e+02
8.039331817626953125e+01
4.079355163574218750e+02
2.525683135986328125e+02
2.804934692382812500e+02
3.946153869628906250e+02
5.561448974609375000e+02
7.277296142578125000e+02
7.848794555664062500e+02
2.138786773681640625e+02
7.991831665039062500e+02
6.842509765625000000e+02
2.007487182617187500e+02
3.595492248535156250e+02
4.269465332031250000e+02
3.468495788574218750e+02
3.098373718261718750e+02
6.982781982421875000e+02
3.027277832031250000e+02
3.133120422363281250e+02
1.790939331054687500e+02
5.465932006835937500e+02
5.760034790039062500e+02
3.026670227050781250e+02
3.232021789550781250e+02
5.173562011718750000e+02
3.623164062500000000e+02
1.062003540039062500e+03
1.242966537475585938e+02
2.142725372314453125e+02
5.434969482421875000e+02
6.374890136718750000e+02
2.862234497070312500e+02
7.927453613281250000e+02
4.736437377929687500e+02
4.160209655761718750e+02
6.000703125000000000e+02
2.291134338378906250e+02
9.395615844726562500e+02
5.115516967773437500e+02
4.592756042480468750e+02
7.163503417968750000e+02
2.763996887207031250e+02
4.798551940917968750e+02
3.087020874023437500e+02
4.031178588867187500e+02
3.097782592773437500e+02
2.606688537597656250e+02
4.473765869140625000e+02
3.631055297851562500e+02
2.491536903381347656e+01
7.019785766601562500e+02
3.875514831542968750e+02
3.153219909667968750e+02
3.255371704101562500e+02
2.816477355957031250e+02
2.260363311767578125e+02
3.676281433105468750e+02
2.695870971679687500e+02
2.696869506835937500e+02
3.919034423828125000e+02
3.974043579101562500e+02
4.142544860839843750e+02
2.948212280273437500e+02
2.979775695800781250e+02
3.325293579101562500e+02
6.343269653320312500e+02
5.892914428710937500e+02
4.425968627929687500e+02
1.075625488281250000e+03
5.134359130859375000e+02
3.647644348144531250e+02
9.308453369140625000e+02
1.636054534912109375e+02
3.050172729492187500e+02
5.127064819335937500e+02
2.324219970703125000e+02
3.498545532226562500e+02
2.437381896972656250e+02
2.986756286621093750e+02
3.911903991699218750e+02
7.136260375976562500e+02
5.149175415039062500e+02
3.545947265625000000e+02
2.336461639404296875e+02
4.235524902343750000e+02
2.455159759521484375e+02
2.753033447265625000e+02
7.278097534179687500e+02
5.040192565917968750e+02
6.216901855468750000e+02
4.072644042968750000e+02
5.837195434570312500e+02
4.878788757324218750e+02
3.556832580566406250e+02
3.728416748046875000e+02
1.939911346435546875e+02
4.896789245605468750e+02
4.794049682617187500e+02
3.795443115234375000e+02
6.556748657226562500e+02
5.078932800292968750e+02
5.091636962890625000e+02
3.799159851074218750e+02
4.487541809082031250e+02
4.322225036621093750e+02
4.978734436035156250e+02
3.766306152343750000e+02
2.676441040039062500e+02
8.863372192382812500e+02
5.568109741210937500e+02
5.311167602539062500e+02
2.540040435791015625e+02
4.140381774902343750e+02
5.347401733398437500e+02
1.712825775146484375e+02
4.874487609863281250e+02
8.280376586914062500e+02
2.929540710449218750e+02
1.766161346435546875e+02
4.684514160156250000e+02
3.738854675292968750e+02
3.109151611328125000e+02
3.024878845214843750e+02
2.305315551757812500e+02
3.026310119628906250e+02
5.143117065429687500e+02
3.152390136718750000e+02
4.076688842773437500e+02
4.981201477050781250e+02
4.888538818359375000e+02
4.908584289550781250e+02
3.326722717285156250e+02
7.550753173828125000e+02
6.254094238281250000e+02
8.070010375976562500e+02
1.148215698242187500e+03
5.296682128906250000e+02
4.110579833984375000e+02
3.490834350585937500e+02
2.267490081787109375e+02
4.264867553710937500e+02
6.404788208007812500e+02
6.561589355468750000e+02
4.831394958496093750e+02
3.819048767089843750e+02
3.616883239746093750e+02
2.356098480224609375e+02
2.616015625000000000e+02
3.936077270507812500e+02
4.261156311035156250e+02
3.794423828125000000e+02
3.349011535644531250e+02
5.630993041992187500e+02
3.793473510742187500e+02
4.711152038574218750e+02
3.629854431152343750e+02
3.434186096191406250e+02
9.979815063476562500e+02
8.313046875000000000e+02
7.680446777343750000e+02
4.384953613281250000e+02
6.160869140625000000e+02
2.941667785644531250e+02
6.828505249023437500e+02
2.791910705566406250e+02
5.663170776367187500e+02
5.974421386718750000e+02
7.789817047119140625e+01
4.429588012695312500e+02
7.065703125000000000e+02
7.561446533203125000e+02
6.160550537109375000e+02
3.065703430175781250e+02
5.827791748046875000e+02
6.298502807617187500e+02
3.875370483398437500e+02
5.957199707031250000e+02
5.474905395507812500e+02
3.763535461425781250e+02
2.882647705078125000e+02
6.767564086914062500e+02
6.790632934570312500e+02
2.607335815429687500e+02
7.500907592773437500e+02
6.477656860351562500e+02
2.463097534179687500e+02
1.152954559326171875e+02
2.926191711425781250e+02
1.893927612304687500e+02
3.005990600585937500e+02
8.871403198242187500e+02
3.116945190429687500e+02
3.934982604980468750e+02
4.199982604980468750e+02
2.476103363037109375e+02
2.613941345214843750e+02
8.130739746093750000e+02
5.333278198242187500e+02
4.233190307617187500e+02
7.879026489257812500e+02
5.225275878906250000e+02
6.310084838867187500e+02
6.143907470703125000e+02
7.179212036132812500e+02
3.895799560546875000e+02
3.570939331054687500e+02
3.646295471191406250e+02
3.052799377441406250e+02
2.131103668212890625e+02
8.956076660156250000e+02
5.452553710937500000e+02
4.087949218750000000e+02
4.179524841308593750e+02
4.986264038085937500e+02
4.478037719726562500e+02
4.249070434570312500e+02
4.401944885253906250e+02
7.655397338867187500e+02
5.126345825195312500e+02
4.316725769042968750e+02
5.327937622070312500e+02
3.135566406250000000e+02
1.706029357910156250e+02
3.436260681152343750e+02
3.457837829589843750e+02
6.208093261718750000e+02
4.422956237792968750e+02
5.504750366210937500e+02
4.267230834960937500e+02
3.076476135253906250e+02
2.322423248291015625e+02
4.686173095703125000e+02
1.885361328125000000e+02
2.397701416015625000e+02
4.479368591308593750e+02
3.273508605957031250e+02
8.591416015625000000e+02
4.453081970214843750e+02
2.341686401367187500e+02
4.602228698730468750e+02
2.891375122070312500e+02
4.888892822265625000e+02
4.343355407714843750e+02
2.000774383544921875e+02
4.921719665527343750e+02
5.577503051757812500e+02
5.329862670898437500e+02
3.423783569335937500e+02
7.315748901367187500e+02
4.641880798339843750e+02
6.441900024414062500e+02
2.300519104003906250e+02
3.562990417480468750e+02
6.975938720703125000e+02
6.347346801757812500e+02
7.578586425781250000e+02
5.842147827148437500e+02
3.255868835449218750e+02
3.269871520996093750e+02
3.883598632812500000e+02
4.321035461425781250e+02
5.719691772460937500e+02
4.255468750000000000e+02
3.646837158203125000e+02
6.329126586914062500e+02
7.197847900390625000e+02
7.101201171875000000e+02
7.624848632812500000e+02
2.251156768798828125e+02
2.447683563232421875e+02
3.501725158691406250e+02
3.692820129394531250e+02
5.873189697265625000e+02
4.842341918945312500e+02
4.255914916992187500e+02
4.744843444824218750e+02
3.899129333496093750e+02
2.676548156738281250e+02
6.213871459960937500e+02
3.199575805664062500e+02
3.571132812500000000e+02
5.957888793945312500e+02
5.536929931640625000e+02
3.693065185546875000e+02
4.797848815917968750e+02
6.049940185546875000e+02
5.690420532226562500e+02
5.364567260742187500e+02
5.038088989257812500e+02
2.326975860595703125e+02
3.274590148925781250e+02
5.722164916992187500e+02
1.891906433105468750e+02
9.427067260742187500e+02
7.098975219726562500e+02
9.362828369140625000e+02
6.689006347656250000e+02
4.736143798828125000e+02
3.158497924804687500e+02
7.202417602539062500e+02
3.733369750976562500e+02
7.085301513671875000e+02
3.214823913574218750e+02
5.111213073730468750e+02
7.927181396484375000e+02
5.391160278320312500e+02
9.340505981445312500e+02
1.938186492919921875e+02
4.607478332519531250e+02
3.764974670410156250e+02
1.667502136230468750e+02
2.507347869873046875e+02
4.963905944824218750e+02
3.687846984863281250e+02
3.129053039550781250e+02
2.171075439453125000e+02
4.203464355468750000e+02
4.460756530761718750e+02
3.342862854003906250e+02
3.641632690429687500e+02
5.406271362304687500e+02
6.700469970703125000e+02
2.275726165771484375e+02
6.733048706054687500e+02
5.132770996093750000e+02
7.780482177734375000e+02
2.878940734863281250e+02
3.294764099121093750e+02
2.118036956787109375e+02
3.852758789062500000e+02
2.171988525390625000e+02
3.622771606445312500e+02
6.868494262695312500e+02
3.648887329101562500e+02
5.183020629882812500e+02
8.574523315429687500e+02
1.849211578369140625e+02
5.776122436523437500e+02
4.396733093261718750e+02
4.430418395996093750e+02
3.574705200195312500e+02
8.556785278320312500e+02
4.619183349609375000e+02
4.556184997558593750e+02
1.893906097412109375e+02
7.762257690429687500e+02
8.658264160156250000e+02
1.336435241699218750e+02
3.180513610839843750e+02
3.872333679199218750e+02
3.259588623046875000e+02
5.877174682617187500e+02
7.567339477539062500e+02
3.163835144042968750e+02
4.263840637207031250e+02
5.761002197265625000e+02
6.418985595703125000e+02
6.425125732421875000e+02
4.330372314453125000e+02
4.490511779785156250e+02
7.777520751953125000e+02
6.706881713867187500e+02
3.283816833496093750e+02
6.494776000976562500e+02
4.985524597167968750e+02
4.616953125000000000e+02
1.201446380615234375e+02
2.698767700195312500e+02
2.835591735839843750e+02
4.275274047851562500e+02
5.677741088867187500e+02
2.637525024414062500e+02
2.144622344970703125e+02
4.421038208007812500e+02
2.509908752441406250e+02
5.214038696289062500e+02
2.840017395019531250e+02
4.205426940917968750e+02
4.642093811035156250e+02
3.144773559570312500e+02
4.380814208984375000e+02
4.977085876464843750e+02
5.664272460937500000e+02
2.450199432373046875e+02
2.828324890136718750e+02
6.738401489257812500e+02
4.808890991210937500e+02
5.889808349609375000e+02
4.247029113769531250e+02
1.551412811279296875e+02
8.814548950195312500e+02
2.409279479980468750e+02
2.056862487792968750e+02
8.015335083007812500e+02
4.501207580566406250e+02
2.746788024902343750e+02
6.101258544921875000e+02
6.512942504882812500e+02
5.440133666992187500e+02
4.209218750000000000e+02
7.096155395507812500e+02
2.634412536621093750e+02
3.374157104492187500e+02
6.317787475585937500e+02
6.293074951171875000e+02
3.828199768066406250e+02
3.973311462402343750e+02
3.090888061523437500e+02
6.925599365234375000e+02
2.390858459472656250e+02
3.716312561035156250e+02
8.871256103515625000e+02
8.025894775390625000e+02
6.272550048828125000e+02
4.280237121582031250e+02
2.528488464355468750e+02
1.867463531494140625e+02
3.694515991210937500e+02
4.397537841796875000e+02
4.785015869140625000e+02
7.765542602539062500e+02
5.277462158203125000e+02
4.501134033203125000e+02
3.630888366699218750e+02
3.476674194335937500e+02
1.118271179199218750e+02
5.120402221679687500e+02
7.464044799804687500e+02
7.012244873046875000e+02
2.023756103515625000e+02
4.967210693359375000e+02
3.026528320312500000e+02
7.632609252929687500e+02
2.328248901367187500e+02
5.864138793945312500e+02
7.593032836914062500e+02
5.081943969726562500e+02
5.678093872070312500e+02
4.017022705078125000e+02
4.145586547851562500e+02
3.969457702636718750e+02
7.867201538085937500e+02
5.236543579101562500e+02
3.011398620605468750e+02
5.184238281250000000e+02
1.433178710937500000e+02
5.582962036132812500e+02
6.507253417968750000e+02
4.256503906250000000e+02
2.692197570800781250e+02
2.244553833007812500e+02
4.342754821777343750e+02
4.178345336914062500e+02
4.067352600097656250e+02
4.054187316894531250e+02
5.190104980468750000e+02
3.472058715820312500e+02
1.739027862548828125e+02
3.881833190917968750e+02
3.772179565429687500e+02
2.526552124023437500e+02
7.497786254882812500e+02
3.154142761230468750e+02
3.622667236328125000e+02
4.795792846679687500e+02
1.899506835937500000e+02
4.528954162597656250e+02
1.603098144531250000e+02
4.035215759277343750e+02
1.410937744140625000e+03
5.566563110351562500e+02
4.947466430664062500e+02
2.928242797851562500e+02
2.484927368164062500e+02
5.116636352539062500e+02
2.077381896972656250e+02
2.873679809570312500e+02
6.748262939453125000e+02
7.698876953125000000e+02
7.086871337890625000e+02
5.776535644531250000e+02
1.076781250000000000e+03
5.905404052734375000e+02
7.201389160156250000e+02
7.062423095703125000e+02
8.168701782226562500e+02
2.868365478515625000e+02
4.264866943359375000e+02
4.521354064941406250e+02
5.795219116210937500e+02
4.713330383300781250e+02
3.896350708007812500e+02
6.255518188476562500e+02
6.965552368164062500e+02
6.775924072265625000e+02
5.749848632812500000e+02
5.091472167968750000e+02
6.485037841796875000e+02
3.554135437011718750e+02
4.189436950683593750e+02
1.737422332763671875e+02
3.569708251953125000e+02
3.439661560058593750e+02
5.070228271484375000e+02
4.537340087890625000e+02
6.620294189453125000e+02
5.856609497070312500e+02
3.207880554199218750e+02
6.697761230468750000e+02
4.643839111328125000e+02
4.371328430175781250e+02
2.597169494628906250e+02
5.314837036132812500e+02
3.705864868164062500e+02
2.991376037597656250e+02
5.460840454101562500e+02
3.172509155273437500e+02
1.123308486938476562e+02
8.662276611328125000e+02
6.128709716796875000e+02
6.647073364257812500e+02
5.221465454101562500e+02
4.975223083496093750e+02
4.008843688964843750e+02
3.419202575683593750e+02
2.202666015625000000e+02
9.225616455078125000e+02
1.035414550781250000e+03
3.386904602050781250e+02
5.905379638671875000e+02
2.720124206542968750e+02
3.972929077148437500e+02
2.855005187988281250e+02
7.281005249023437500e+02
6.202410278320312500e+02
3.668310241699218750e+02
3.357814941406250000e+02
4.566495666503906250e+02
6.256295166015625000e+02
3.781155395507812500e+02
2.909234008789062500e+02
4.562875366210937500e+02
2.488351593017578125e+02
4.082207336425781250e+02
3.857415771484375000e+02
1.899438781738281250e+02
4.451521606445312500e+02
2.378150482177734375e+02
3.933957824707031250e+02
5.806203002929687500e+02
4.873877258300781250e+02
4.774880981445312500e+02
2.090214996337890625e+02
4.745909729003906250e+02
3.282836303710937500e+02
3.079240722656250000e+02
1.939159698486328125e+02
3.558057861328125000e+02
5.300036010742187500e+02
9.596328125000000000e+02
6.241585083007812500e+02
3.959825744628906250e+02
5.601190185546875000e+02
5.747354125976562500e+02
6.613698730468750000e+02
2.592342224121093750e+02
5.764177246093750000e+02
6.990457763671875000e+02
4.522815856933593750e+02
2.846482238769531250e+02
3.201253051757812500e+02
3.752049560546875000e+02
7.801261596679687500e+02
4.509404907226562500e+02
5.692456054687500000e+02
6.265579833984375000e+02
5.615380249023437500e+02
5.222302856445312500e+02
4.966607666015625000e+02
3.268278503417968750e+02
5.889750366210937500e+02
3.185266113281250000e+02
2.462065124511718750e+02
5.765563354492187500e+02
5.127413330078125000e+02
2.897056884765625000e+02
2.110837249755859375e+02
8.069167480468750000e+02
4.813325500488281250e+02
4.136149291992187500e+02
2.428284606933593750e+02
1.060619506835937500e+02
4.474927062988281250e+02
7.063383789062500000e+02
4.239947509765625000e+02
2.423371887207031250e+02
4.720509948730468750e+02
5.967078857421875000e+02
7.926645507812500000e+02
2.049851226806640625e+02
2.963123474121093750e+02
2.840948181152343750e+02
3.256884765625000000e+02
4.731502075195312500e+02
5.747349243164062500e+02
1.767225189208984375e+02
4.329969787597656250e+02
3.678283996582031250e+02
5.486712646484375000e+02
3.526699523925781250e+02
5.383397216796875000e+02
6.167722167968750000e+02
5.592154541015625000e+02
2.268968200683593750e+02
3.202198181152343750e+02
5.471234130859375000e+02
7.304992065429687500e+02
4.457334594726562500e+02
8.756497802734375000e+02
2.431925964355468750e+02
5.559944458007812500e+02
2.732809143066406250e+02
4.276353149414062500e+02
2.591978759765625000e+02
8.475916748046875000e+02
3.711302490234375000e+02
6.995217285156250000e+02
7.997585449218750000e+02
6.155924072265625000e+02
3.420539245605468750e+02
5.034947814941406250e+02
5.820092163085937500e+02
4.670172119140625000e+02
3.274807128906250000e+02
6.883685302734375000e+02
5.213311157226562500e+02
3.517715454101562500e+02
1.708099670410156250e+02
4.503143920898437500e+02
5.803840332031250000e+02
2.517034301757812500e+02
6.897212524414062500e+02
8.812640991210937500e+02
2.120906372070312500e+02
5.404615478515625000e+02
2.798577880859375000e+02
5.001161499023437500e+02
7.778410644531250000e+02
3.957728881835937500e+02
1.485628509521484375e+02
7.686506347656250000e+02
2.121443481445312500e+02
5.191445922851562500e+02
5.772423706054687500e+02
6.176761474609375000e+02
4.884046020507812500e+02
3.653432312011718750e+02
3.083268737792968750e+02
1.087214721679687500e+03
4.933710327148437500e+02
6.280274658203125000e+02
3.803675842285156250e+02
4.851721496582031250e+02
4.717601623535156250e+02
1.090675735473632812e+02
9.127886352539062500e+02
7.532189941406250000e+02
1.819893646240234375e+02
5.148505249023437500e+02
7.332447509765625000e+02
3.090315246582031250e+02
2.500994873046875000e+02
3.738893127441406250e+02
3.580017700195312500e+02
6.621017456054687500e+02
4.446777954101562500e+02
3.300592651367187500e+02
7.370697631835937500e+02
5.209915161132812500e+02
4.542354431152343750e+02
7.324335327148437500e+02
5.190468750000000000e+02
2.303539886474609375e+02
2.904100646972656250e+02
6.849406127929687500e+02
6.398320922851562500e+02
4.499636840820312500e+02
4.754670715332031250e+02
1.030117431640625000e+03
5.111931152343750000e+02
6.097591552734375000e+02
2.775000915527343750e+02
4.701283264160156250e+02
6.889188842773437500e+02
4.389937744140625000e+02
4.170282287597656250e+02
7.497471923828125000e+02
2.982908935546875000e+02
6.465402221679687500e+02
3.658866882324218750e+02
3.539301147460937500e+02
3.777731323242187500e+02
6.111234741210937500e+02
5.297722167968750000e+02
6.469187011718750000e+02
4.970145874023437500e+02
3.164994201660156250e+02
4.781083068847656250e+02
6.099295043945312500e+02
4.737359924316406250e+02
3.375698242187500000e+02
3.020096740722656250e+02
1.948775787353515625e+02
6.920518188476562500e+02
4.093324584960937500e+02
5.638796997070312500e+02
4.494555358886718750e+02
6.560385131835937500e+02
6.236742553710937500e+02
1.147083206176757812e+02
3.137078857421875000e+02
3.929081420898437500e+02
9.882472534179687500e+02
4.731154479980468750e+02
4.379097290039062500e+02
1.065837890625000000e+03
2.229685974121093750e+02
4.622974853515625000e+02
6.200482788085937500e+02
4.640915527343750000e+02
7.326539306640625000e+02
2.327039642333984375e+02
3.331611328125000000e+02
5.587144165039062500e+02
8.145885009765625000e+02
3.654031066894531250e+02
4.072058105468750000e+02
1.866319732666015625e+02
4.141151123046875000e+02
3.507995605468750000e+02
4.247682189941406250e+02
1.668458862304687500e+02
2.927702026367187500e+02
2.966386413574218750e+02
4.439996948242187500e+02
4.783399963378906250e+02
1.760840606689453125e+02
2.043722991943359375e+02
8.895399780273437500e+02
4.585661621093750000e+02
4.832487182617187500e+02
6.656347045898437500e+02
3.655575256347656250e+02
3.517011108398437500e+02
3.330548095703125000e+02
2.958235168457031250e+02
4.104882507324218750e+02
7.237845458984375000e+02
2.081085815429687500e+02
2.986733093261718750e+02
5.123919067382812500e+02
9.056405639648437500e+02
6.014087524414062500e+02
3.907761230468750000e+02
7.103027954101562500e+02
3.885146484375000000e+02
6.556555175781250000e+02
1.189909912109375000e+03
5.966025390625000000e+02
2.450063323974609375e+02
3.228453979492187500e+02
1.784578247070312500e+02
3.659800109863281250e+02
4.172882385253906250e+02
3.158774108886718750e+02
6.028252563476562500e+02
4.725830383300781250e+02
7.020180053710937500e+02
7.844369506835937500e+02
5.282567749023437500e+02
5.780150756835937500e+02
3.124306030273437500e+02
4.215238647460937500e+02
8.333636474609375000e+02
8.254248046875000000e+02
5.964793701171875000e+02
4.035455322265625000e+02
1.505792083740234375e+02
2.478909454345703125e+02
1.800461273193359375e+02
6.175135498046875000e+02
4.552289733886718750e+02
5.729000854492187500e+02
4.324573364257812500e+02
5.005313720703125000e+02
4.223496704101562500e+02
7.859142456054687500e+02
6.120292358398437500e+02
3.876750488281250000e+02
5.676022949218750000e+02
3.243982543945312500e+02
1.416006469726562500e+02
4.049141540527343750e+02
3.020079040527343750e+02
5.144332885742187500e+02
3.313324279785156250e+02
5.766889038085937500e+02
4.899826354980468750e+02
2.387786865234375000e+02
8.403142089843750000e+02
5.647951049804687500e+02
1.137966995239257812e+02
4.769793395996093750e+02
5.853900146484375000e+02
6.127760009765625000e+02
3.462936706542968750e+02
3.129998779296875000e+02
2.998089904785156250e+02
2.436926269531250000e+02
2.927800598144531250e+02
6.928391723632812500e+02
1.728791046142578125e+02
2.983638305664062500e+02
4.243646240234375000e+02
2.189623413085937500e+02
4.000173339843750000e+02
3.478912048339843750e+02
3.312764892578125000e+02
3.826087341308593750e+02
4.897451477050781250e+02
6.891105957031250000e+02
4.668224487304687500e+02
2.756566162109375000e+02
1.416996917724609375e+02
9.259420166015625000e+02
2.633251342773437500e+02
2.087951507568359375e+02
4.217523193359375000e+02
2.870343933105468750e+02
5.301041259765625000e+02
5.614874267578125000e+02
2.188529052734375000e+02
7.264829711914062500e+02
5.343883666992187500e+02
6.204717407226562500e+02
2.087584228515625000e+02
3.206287231445312500e+02
3.769096374511718750e+02
1.302542724609375000e+02
2.053041229248046875e+02
2.352325286865234375e+02
7.906380004882812500e+02
3.256911010742187500e+02
4.017266540527343750e+02
7.579129028320312500e+02
3.845998840332031250e+02
3.678466186523437500e+02
5.250535278320312500e+02
5.347926025390625000e+02
1.062178268432617188e+02
3.244079284667968750e+02
5.234818115234375000e+02
5.326378784179687500e+02
3.925268554687500000e+02
5.875583496093750000e+02
1.505293273925781250e+02
3.528733520507812500e+02
6.568481445312500000e+02
4.085451660156250000e+02
3.544651489257812500e+02
3.101242675781250000e+02
3.007788696289062500e+02
3.923888854980468750e+02
6.176973876953125000e+02
2.708648986816406250e+02
3.195428771972656250e+02
2.760184631347656250e+02
5.520665893554687500e+02
6.984860839843750000e+02
1.428847808837890625e+02
3.924083557128906250e+02
7.166851806640625000e+01
5.132455444335937500e+02
6.751547241210937500e+02
5.879736938476562500e+02
3.876174926757812500e+02
2.404882965087890625e+02
3.279978942871093750e+02
3.194457702636718750e+02
5.411271362304687500e+02
1.248577392578125000e+03
4.456410522460937500e+02
4.767379150390625000e+02
5.154687500000000000e+02
4.817504272460937500e+02
3.477056274414062500e+02
7.013519897460937500e+02
6.832970581054687500e+02
4.650289306640625000e+02
1.178013076782226562e+02
7.378730468750000000e+02
8.296677246093750000e+02
2.073401336669921875e+02
4.695938110351562500e+02
5.880899047851562500e+02
9.385333251953125000e+02
5.691325683593750000e+02
2.088301696777343750e+02
3.498689270019531250e+02
4.251962280273437500e+02
5.689634399414062500e+02
7.605389404296875000e+02
4.168547668457031250e+02
3.774756774902343750e+02
2.563584289550781250e+02
5.570561523437500000e+02
6.319971923828125000e+02
3.606839904785156250e+02
4.899279174804687500e+02
3.666224975585937500e+02
4.643696289062500000e+02
3.448514404296875000e+02
8.416863403320312500e+02
3.631303405761718750e+02
3.436856994628906250e+02
2.402105712890625000e+02
2.033845672607421875e+02
2.311856689453125000e+02
3.994393310546875000e+02
1.884808959960937500e+02
7.933142700195312500e+02
6.906042480468750000e+02
7.393843994140625000e+02
2.463030090332031250e+02
7.038357543945312500e+02
2.313034210205078125e+02
3.882215576171875000e+02
1.320669250488281250e+02
7.190211791992187500e+02
4.806848449707031250e+02
7.366142578125000000e+02
7.281099853515625000e+02
4.980233459472656250e+02
5.480000610351562500e+02
6.368673095703125000e+02
3.638190307617187500e+02
2.061082611083984375e+02
5.577026367187500000e+02
3.433646850585937500e+02
6.409899291992187500e+02
6.070499038696289062e+01
5.951383056640625000e+02
4.110434570312500000e+02
5.508699951171875000e+02
9.500860595703125000e+01
5.112856750488281250e+02
1.384098052978515625e+02
3.463152465820312500e+02
6.433969116210937500e+02
2.594846191406250000e+02
4.514687805175781250e+02
4.528912353515625000e+02
5.106223144531250000e+02
1.218586044311523438e+02
2.216041870117187500e+02
5.936000366210937500e+02
5.504149780273437500e+02
4.861614074707031250e+02
7.251380615234375000e+02
4.300108032226562500e+02
5.438222656250000000e+02
2.517687530517578125e+02
2.605938415527343750e+02
6.104079589843750000e+02
4.696969604492187500e+02
2.702694702148437500e+02
2.820200805664062500e+02
5.529656372070312500e+02
8.331286010742187500e+02
4.338939208984375000e+02
5.255013427734375000e+02
6.195276489257812500e+02
5.257258911132812500e+02
4.100984497070312500e+02
4.911983032226562500e+02
3.479422302246093750e+02
6.549070434570312500e+02
2.234625244140625000e+02
6.982306518554687500e+02
6.258698730468750000e+02
9.825752258300781250e+01
3.840425720214843750e+02
4.291818237304687500e+02
2.778039245605468750e+02
3.350600280761718750e+02
1.641148986816406250e+02
9.377761840820312500e+02
7.730026855468750000e+02
2.836154785156250000e+02
1.523596801757812500e+02
4.066996154785156250e+02
3.463475341796875000e+02
5.032657775878906250e+02
4.242716674804687500e+02
4.198223876953125000e+02
6.885780029296875000e+02
4.176502685546875000e+02
3.728703002929687500e+02
6.307702026367187500e+02
3.539833374023437500e+02
2.714396667480468750e+02
3.743971252441406250e+02
4.854508666992187500e+02
6.701517333984375000e+02
4.193574523925781250e+02
3.439191894531250000e+02
2.593410949707031250e+02
2.395294036865234375e+02
8.239603881835937500e+02
8.738651733398437500e+02
1.879231109619140625e+02
4.290857543945312500e+02
5.677973022460937500e+02
3.282334899902343750e+02
5.586743774414062500e+02
7.667923583984375000e+02
3.475437622070312500e+02
6.582557983398437500e+02
5.994830322265625000e+02
2.613068847656250000e+02
6.323941650390625000e+02
1.787581787109375000e+02
5.990371704101562500e+02
7.960753784179687500e+02
3.803113403320312500e+02
1.494327697753906250e+02
1.592426910400390625e+02
7.224159545898437500e+02
4.546887207031250000e+02
6.825880126953125000e+02
1.684285888671875000e+02
8.799263916015625000e+02
3.068125305175781250e+02
3.158695678710937500e+02
4.219723815917968750e+02
4.649211730957031250e+02
2.701001586914062500e+02
8.148543090820312500e+02
3.383629150390625000e+02
3.475154113769531250e+02
6.004470825195312500e+02
3.178573303222656250e+02
4.871386718750000000e+02
1.541394195556640625e+02
2.936193542480468750e+02
7.317755737304687500e+02
2.428961791992187500e+02
9.465383300781250000e+02
3.254231567382812500e+02
4.566113891601562500e+02
5.057963256835937500e+02
4.961983642578125000e+02
6.326614990234375000e+02
6.444486083984375000e+02
4.647657775878906250e+02
3.975665588378906250e+02
1.694113769531250000e+02
2.614946899414062500e+02
6.454384155273437500e+02
7.164883422851562500e+02
6.867148437500000000e+02
1.105996017456054688e+02
5.660465087890625000e+02
5.340890502929687500e+02
3.556043701171875000e+02
5.006398620605468750e+02
3.705511169433593750e+02
2.140074615478515625e+02
5.734337158203125000e+02
5.911078491210937500e+02
3.604998168945312500e+02
6.347092285156250000e+02
5.481973876953125000e+02
3.038594360351562500e+02
1.910001220703125000e+02
7.881682739257812500e+02
6.868215332031250000e+02
4.767199096679687500e+02
4.141224060058593750e+02
2.954682312011718750e+02
6.235588989257812500e+02
3.455173645019531250e+02
3.839612731933593750e+02
2.169546203613281250e+02
8.225683593750000000e+02
1.528903198242187500e+02
8.577982788085937500e+02
4.268285827636718750e+02
2.709300537109375000e+02
7.408612670898437500e+02
9.325057373046875000e+02
5.458112182617187500e+02
4.948193054199218750e+02
4.998609008789062500e+02
3.383238525390625000e+02
5.754450073242187500e+02
3.424131164550781250e+02
3.852874145507812500e+02
3.737789611816406250e+02
3.557544250488281250e+02
5.144090576171875000e+02
3.216271362304687500e+02
3.939845886230468750e+02
5.429979858398437500e+02
5.324089965820312500e+02
6.592545776367187500e+02
2.426998138427734375e+02
4.060489196777343750e+02
4.746941223144531250e+02
5.267910156250000000e+02
1.740660095214843750e+02
2.508387756347656250e+02
3.768109130859375000e+02
9.742001953125000000e+02
6.196975097656250000e+02
5.569929199218750000e+02
7.502709350585937500e+02
2.785465087890625000e+02
3.023944396972656250e+02
7.687480468750000000e+02
9.486973571777343750e+01
3.250233764648437500e+02
9.205897827148437500e+02
2.164931182861328125e+02
3.667659912109375000e+02
3.792426147460937500e+02
7.715353393554687500e+02
5.653909301757812500e+02
1.441764373779296875e+02
3.541015014648437500e+02
1.820370330810546875e+02
5.768065795898437500e+02
3.141898803710937500e+02
5.781865234375000000e+02
1.285389404296875000e+02
8.488131713867187500e+02
8.279667968750000000e+02
3.770926513671875000e+02
4.572098999023437500e+02
8.715076293945312500e+02
4.918320007324218750e+02
3.050671081542968750e+02
6.802846679687500000e+02
4.151660766601562500e+02
1.590086059570312500e+02
2.139685516357421875e+02
5.575162963867187500e+02
2.661701660156250000e+02
3.790874938964843750e+02
5.285933227539062500e+02
6.664307861328125000e+02
4.116473083496093750e+02
5.611478271484375000e+02
2.179709320068359375e+02
7.509148559570312500e+02
5.092062988281250000e+02
4.269551696777343750e+02
6.650651855468750000e+02
4.574703369140625000e+02
2.329459838867187500e+02
4.038663330078125000e+02
7.290141601562500000e+02
6.370154418945312500e+02
1.679532012939453125e+02
4.905742187500000000e+02
4.317794494628906250e+02
4.683343505859375000e+02
5.958018188476562500e+02
4.594211730957031250e+02
5.091271667480468750e+02
7.039858398437500000e+02
3.721366577148437500e+02
5.037048950195312500e+02
6.332611694335937500e+02
3.150634460449218750e+02
2.829656677246093750e+02
7.470496826171875000e+02
2.488273620605468750e+02
5.109649353027343750e+02
4.772605285644531250e+02
3.086510314941406250e+02
3.643672485351562500e+02
7.358492431640625000e+02
5.136608886718750000e+02
9.169660644531250000e+02
3.335442199707031250e+02
4.455317687988281250e+02
3.371342086791992188e+01
2.287601623535156250e+02
6.053879394531250000e+02
6.640787353515625000e+02
1.477871856689453125e+02
5.656712646484375000e+02
3.055224914550781250e+02
5.604671630859375000e+02
7.056199951171875000e+02
3.739684753417968750e+02
5.749137573242187500e+02
6.629540405273437500e+02
4.164714965820312500e+02
1.490710906982421875e+02
4.851317138671875000e+02
3.401577148437500000e+02
2.823972778320312500e+02
4.219310607910156250e+02
5.939089965820312500e+02
2.637236022949218750e+02
5.489014282226562500e+02
4.494031066894531250e+02
2.039638671875000000e+02
5.320027465820312500e+02
7.719100341796875000e+02
2.394203186035156250e+02
4.945087585449218750e+02
3.756705322265625000e+02
2.651916503906250000e+02
4.678540954589843750e+02
2.255437316894531250e+02
5.807926635742187500e+02
6.537293701171875000e+02
3.524590301513671875e+01
3.126889648437500000e+02
1.815108489990234375e+02
5.964171752929687500e+02
3.539647521972656250e+02
7.989241943359375000e+02
5.851876831054687500e+02
5.075967102050781250e+02
4.619191894531250000e+02
5.638201293945312500e+02
3.034165954589843750e+02
7.273198852539062500e+02
9.786244506835937500e+02
1.938547973632812500e+02
3.864946289062500000e+02
5.006669006347656250e+02
5.747627563476562500e+02
2.949551696777343750e+02
3.997489318847656250e+02
5.838294677734375000e+02
2.313156127929687500e+02
6.859835815429687500e+02
3.502686462402343750e+02
3.529185180664062500e+02
2.516331329345703125e+02
1.327828063964843750e+02
1.321481475830078125e+02
5.640673828125000000e+02
3.579390258789062500e+02
4.214288330078125000e+02
8.420523071289062500e+02
2.144560852050781250e+02
4.916209106445312500e+02
5.401837768554687500e+02
2.401396636962890625e+02
5.404389648437500000e+02
2.463865814208984375e+02
4.458913879394531250e+02
3.220410766601562500e+02
5.344110107421875000e+02
5.218632812500000000e+02
3.180148010253906250e+02
4.912629394531250000e+02
1.215477523803710938e+02
3.495652770996093750e+02
3.408128051757812500e+02
3.708282165527343750e+02
2.921406860351562500e+02
6.584733886718750000e+02
4.682458190917968750e+02
6.157028198242187500e+02
2.537276306152343750e+02
3.506051635742187500e+02
2.442950897216796875e+02
4.795445251464843750e+02
7.041978759765625000e+02
5.973257446289062500e+02
5.347324829101562500e+02
3.328952636718750000e+02
5.377366943359375000e+02
3.246924133300781250e+02
6.552794189453125000e+02
5.094143066406250000e+02
3.148187866210937500e+02
3.883191223144531250e+02
2.934614257812500000e+02
3.742079467773437500e+02
7.137283325195312500e+02
5.761651000976562500e+02
2.829309692382812500e+02
5.132161254882812500e+02
8.085887451171875000e+02
5.612070922851562500e+02
3.743894348144531250e+02
5.257572021484375000e+02
4.472635498046875000e+02
2.863532409667968750e+02
1.897119293212890625e+02
7.712657470703125000e+02
3.048342895507812500e+02
3.796894836425781250e+02
6.210386962890625000e+02
3.238446655273437500e+02
4.301836547851562500e+02
1.787757415771484375e+02
2.567311096191406250e+02
9.425933227539062500e+02
7.221413574218750000e+02
4.124089965820312500e+02
2.439900970458984375e+02
5.066618957519531250e+02
5.362404785156250000e+02
3.889140319824218750e+02
4.195506591796875000e+02
2.433251495361328125e+02
3.684672851562500000e+02
4.893255310058593750e+02
4.861839675903320312e+01
5.997603759765625000e+02
3.194514770507812500e+02
6.073376464843750000e+02
3.219033508300781250e+02
2.827259826660156250e+02
4.111600341796875000e+02
4.694469604492187500e+02
3.772748107910156250e+02
4.576009826660156250e+02
5.427133178710937500e+02
7.593766479492187500e+02
4.603861389160156250e+02
4.655833435058593750e+02
6.600473022460937500e+02
4.332689285278320312e+01
4.665951232910156250e+02
4.681814575195312500e+02
1.939970855712890625e+02
6.669923095703125000e+02
5.424429931640625000e+02
8.204808959960937500e+02
3.110731811523437500e+02
2.174566345214843750e+02
2.138544158935546875e+02
3.470709838867187500e+02
8.672946166992187500e+02
2.586015319824218750e+02
2.277012786865234375e+02
3.997088928222656250e+02
1.823903350830078125e+02
4.210149841308593750e+02
4.758868408203125000e+02
4.894990234375000000e+02
4.635152587890625000e+02
3.880306701660156250e+02
4.090763549804687500e+02
7.071401977539062500e+02
1.265537338256835938e+02
4.957601928710937500e+02
2.953113708496093750e+02
6.399432983398437500e+02
3.552715148925781250e+02
4.415540466308593750e+02
5.353810424804687500e+02
3.354347534179687500e+02
2.190845336914062500e+02
5.649444580078125000e+02
3.191924133300781250e+02
4.548305358886718750e+02
2.845033264160156250e+02
8.779336547851562500e+02
3.259890136718750000e+02
3.697517700195312500e+02
6.623585815429687500e+02
4.489115905761718750e+02
3.637882385253906250e+02
6.715781250000000000e+02
2.418087463378906250e+02
2.508174285888671875e+02
6.110278930664062500e+02
8.120242309570312500e+02
4.425968017578125000e+02
4.567458496093750000e+02
3.403934936523437500e+02
9.151181030273437500e+02
4.505598449707031250e+02
3.806050415039062500e+02
3.876773986816406250e+02
2.385841522216796875e+02
8.710936889648437500e+02
4.324982910156250000e+02
8.141296997070312500e+02
5.298327026367187500e+02
9.418268432617187500e+02
3.327555847167968750e+02
3.108688964843750000e+02
3.993350524902343750e+02
5.500195312500000000e+02
8.872795410156250000e+02
1.424906616210937500e+02
4.721180419921875000e+02
6.243742675781250000e+02
5.184831542968750000e+02
4.049339904785156250e+02
3.821802673339843750e+02
3.561969604492187500e+02
6.096264038085937500e+02
4.082488708496093750e+02
7.239055786132812500e+02
3.715423583984375000e+02
5.672568359375000000e+02
4.746586914062500000e+02
6.617223510742187500e+02
3.033146057128906250e+02
3.553136901855468750e+02
5.896715698242187500e+02
3.251144714355468750e+02
2.277257690429687500e+02
4.493364868164062500e+02
7.195266113281250000e+02
3.460093383789062500e+02
9.381525878906250000e+02
4.983332519531250000e+02
5.124101562500000000e+02
6.179061279296875000e+02
4.494679565429687500e+02
7.243806152343750000e+02
6.717949829101562500e+02
2.149300231933593750e+02
4.726289672851562500e+02
7.088384399414062500e+02
4.205006408691406250e+02
6.179897460937500000e+02
4.666979064941406250e+02
5.466773681640625000e+02
3.527775573730468750e+02
7.298601531982421875e+01
3.596940002441406250e+02
7.212799682617187500e+02
4.027276916503906250e+02
2.995582885742187500e+02
4.462241821289062500e+02
3.930015869140625000e+02
3.864918518066406250e+02
2.729104614257812500e+02
1.380102539062500000e+02
2.772731323242187500e+02
6.891066894531250000e+02
5.005890502929687500e+02
4.407708129882812500e+02
8.288508911132812500e+02
3.199756164550781250e+02
1.299177398681640625e+02
8.224035644531250000e+02
5.235548706054687500e+02
2.596488647460937500e+02
4.508153076171875000e+02
4.011306457519531250e+02
3.376018981933593750e+02
2.699281616210937500e+02
1.824638214111328125e+02
5.282404174804687500e+02
7.683417358398437500e+02
3.754918518066406250e+02
6.181159667968750000e+02
8.559391479492187500e+02
3.354672546386718750e+02
4.284627380371093750e+02
4.546420898437500000e+02
7.221735839843750000e+02
3.701254577636718750e+02
2.996029968261718750e+02
1.507759246826171875e+02
1.462345123291015625e+02
9.636864624023437500e+02
3.585199279785156250e+02
1.119834106445312500e+03
6.204794311523437500e+02
2.984015197753906250e+02
2.511436920166015625e+02
3.441742553710937500e+02
4.231627197265625000e+02
2.430097198486328125e+02
6.958566284179687500e+02
3.181768493652343750e+02
4.327888488769531250e+02
4.374643859863281250e+02
5.121171875000000000e+02
3.728723754882812500e+02
6.020827636718750000e+02
3.796480102539062500e+02
5.545227050781250000e+02
4.678598937988281250e+02
3.542718505859375000e+01
5.355394897460937500e+02
5.036213684082031250e+02
8.848181152343750000e+02
4.167081604003906250e+02
4.961234130859375000e+02
3.400791015625000000e+02
5.553484497070312500e+02
8.999511718750000000e+02
6.052883911132812500e+02
2.697335815429687500e+02
3.342363891601562500e+02
5.131540527343750000e+02
4.481157531738281250e+02
7.293801269531250000e+02
3.901665344238281250e+02
2.361937866210937500e+02
3.677033081054687500e+02
5.622254028320312500e+02
3.725016174316406250e+02
4.717008361816406250e+02
2.747030639648437500e+02
3.582929382324218750e+02
4.649427185058593750e+02
5.980802612304687500e+02
5.298082275390625000e+02
8.917260742187500000e+02
4.559683532714843750e+02
3.906621093750000000e+02
3.837226257324218750e+02
1.166054534912109375e+02
3.735842590332031250e+02
1.572167510986328125e+02
2.901796569824218750e+02
2.503091888427734375e+02
2.917868041992187500e+02
3.193787536621093750e+02
6.210701293945312500e+02
2.665956420898437500e+02
5.734923706054687500e+02
3.100097045898437500e+02
6.505907592773437500e+02
3.742919921875000000e+02
5.239940795898437500e+02
1.322397003173828125e+02
4.088475952148437500e+02
9.542144012451171875e+01
3.506513366699218750e+02
6.826250610351562500e+02
5.779531250000000000e+02
4.910801696777343750e+02
3.004620666503906250e+02
2.193188629150390625e+02
4.711581726074218750e+02
3.445113525390625000e+02
8.168028564453125000e+02
1.578344726562500000e+02
7.657925415039062500e+02
4.836479187011718750e+02
3.255885925292968750e+02
2.109130859375000000e+02
3.108204040527343750e+02
2.289807128906250000e+02
7.326354980468750000e+02
7.402983398437500000e+02
3.708464050292968750e+02
4.267672119140625000e+02
2.490804138183593750e+02
4.866837463378906250e+02
9.780081787109375000e+02
8.801227416992187500e+02
2.623752441406250000e+02
1.243547729492187500e+03
1.801097869873046875e+02
8.689872436523437500e+02
6.018854370117187500e+02
3.557384948730468750e+02
1.211128387451171875e+02
2.247252349853515625e+02
6.378171997070312500e+02
7.919898071289062500e+02
3.053798217773437500e+02
4.821838989257812500e+02
1.315342864990234375e+02
2.065453186035156250e+02
4.560678100585937500e+02
4.668129577636718750e+02
6.017540893554687500e+02
4.642326049804687500e+02
8.288833618164062500e+02
3.203272094726562500e+02
2.267756195068359375e+02
1.234185913085937500e+03
7.100047607421875000e+02
4.375738830566406250e+02
5.675740966796875000e+02
3.597268066406250000e+02
4.375996093750000000e+02
4.264689025878906250e+02
5.727586059570312500e+02
5.638300781250000000e+02
6.675839843750000000e+02
4.898144836425781250e+02
2.934135742187500000e+02
5.080218200683593750e+02
4.312635498046875000e+02
3.291046752929687500e+02
4.575539855957031250e+02
2.962663879394531250e+02
6.436020507812500000e+02
3.526428833007812500e+02
4.691253356933593750e+02
3.189406433105468750e+02
2.290615692138671875e+02
1.036634155273437500e+03
2.175314788818359375e+02
3.238256835937500000e+02
1.881606292724609375e+02
5.847821044921875000e+02
5.532730712890625000e+02
2.849363708496093750e+02
3.628959350585937500e+02
2.184839324951171875e+02
9.378878784179687500e+02
2.334316864013671875e+02
3.510352783203125000e+02
3.741703796386718750e+02
3.046317443847656250e+02
3.354772644042968750e+02
5.500761108398437500e+02
2.490790557861328125e+02
6.110965576171875000e+02
2.639723205566406250e+02
1.635787963867187500e+02
4.865079345703125000e+02
1.455428009033203125e+02
3.434054565429687500e+02
4.335802307128906250e+02
3.778836669921875000e+02
3.636745910644531250e+02
3.479839477539062500e+02
7.121336669921875000e+02
9.060985107421875000e+02
7.679259643554687500e+02
4.110276184082031250e+02
5.641953735351562500e+02
6.394362182617187500e+02
3.566080322265625000e+02
5.526705322265625000e+02
4.274016113281250000e+02
4.842041931152343750e+02
8.249470214843750000e+02
4.916161193847656250e+02
4.861151123046875000e+02
6.762872924804687500e+02
2.008300018310546875e+02
1.214270706176757812e+02
2.266884155273437500e+02
4.850161743164062500e+02
5.427094726562500000e+02
3.999696350097656250e+02
2.764039306640625000e+02
7.573777465820312500e+02
5.378011474609375000e+02
6.226697387695312500e+02
5.750183715820312500e+02
4.689325561523437500e+02
5.060951538085937500e+02
3.798902282714843750e+02
7.302589111328125000e+02
4.136944580078125000e+02
5.045037231445312500e+02
7.115675048828125000e+02
3.108211059570312500e+02
1.847847595214843750e+02
8.821807250976562500e+02
4.231871948242187500e+02
7.015742187500000000e+02
2.902592773437500000e+02
8.148248901367187500e+02
2.754703979492187500e+02
8.870968017578125000e+02
6.930322875976562500e+02
2.000442657470703125e+02
2.187142181396484375e+02
3.836039428710937500e+02
4.494511718750000000e+02
2.986985778808593750e+02
4.213536071777343750e+02
4.790679321289062500e+02
4.248905334472656250e+02
1.127566528320312500e+03
4.833518066406250000e+02
7.494573364257812500e+02
4.494437255859375000e+02
5.368793334960937500e+02
3.198479309082031250e+02
5.493827514648437500e+02
9.273176269531250000e+02
7.380525512695312500e+02
2.340066223144531250e+02
2.878356323242187500e+02
3.379007873535156250e+02
3.719851379394531250e+02
3.597341003417968750e+02
7.443002319335937500e+02
4.008746948242187500e+02
5.487541503906250000e+02
1.130101776123046875e+02
7.038118286132812500e+02
4.947469177246093750e+02
2.089414520263671875e+02
5.771318969726562500e+02
5.086589050292968750e+02
4.013911743164062500e+02
8.331460571289062500e+02
3.424733276367187500e+02
5.456278686523437500e+02
5.968950195312500000e+02
7.291846313476562500e+02
4.652630920410156250e+02
1.860036926269531250e+02
1.086257568359375000e+03
7.996687011718750000e+02
3.606280212402343750e+02
2.519847106933593750e+02
5.153948364257812500e+02
5.422639160156250000e+02
4.287111816406250000e+02
1.673249206542968750e+02
4.325646362304687500e+02
2.822072448730468750e+02
7.259393310546875000e+02
4.566869201660156250e+02
4.747488708496093750e+02
7.296876220703125000e+02
1.526485595703125000e+02
1.696415557861328125e+02
6.266720581054687500e+02
1.908842468261718750e+02
2.254491882324218750e+02
3.504950866699218750e+02
5.934252929687500000e+02
1.498534240722656250e+02
2.589269104003906250e+02
5.155838623046875000e+02
2.635327758789062500e+02
3.043930358886718750e+02
2.650791625976562500e+02
6.154097900390625000e+02
5.773718261718750000e+02
5.286165771484375000e+02
2.531382751464843750e+02
2.415001220703125000e+02
3.076528320312500000e+02
3.375564880371093750e+02
1.493210906982421875e+02
5.763341064453125000e+02
6.315145874023437500e+02
3.255118103027343750e+02
6.377736206054687500e+02
2.329808044433593750e+02
8.115244750976562500e+02
4.823846740722656250e+02
1.147109985351562500e+03
3.155559692382812500e+02
3.497177734375000000e+02
3.006632995605468750e+02
6.472922973632812500e+02
6.084423828125000000e+02
6.092560424804687500e+02
5.385284423828125000e+02
7.767172851562500000e+02
4.065841674804687500e+02
6.793563842773437500e+02
1.184317016601562500e+02
2.765754089355468750e+02
6.224587402343750000e+02
8.128690185546875000e+02
2.322668151855468750e+02
8.730864868164062500e+02
4.730222167968750000e+02
6.136905517578125000e+02
4.651292724609375000e+02
2.173350067138671875e+02
3.850769958496093750e+02
6.525953979492187500e+02
4.783091125488281250e+02
5.510853881835937500e+02
6.274151611328125000e+02
5.205311279296875000e+02
3.883435974121093750e+02
4.016502990722656250e+02
6.395095214843750000e+02
4.796829833984375000e+02
2.989334106445312500e+02
2.532275390625000000e+02
5.274317626953125000e+02
8.642255859375000000e+02
2.519035797119140625e+02
1.852518615722656250e+02
3.842140197753906250e+02
4.620070495605468750e+02
1.018475158691406250e+03
5.032030029296875000e+02
6.865893554687500000e+02
2.540116271972656250e+02
5.807028808593750000e+02
2.707378540039062500e+02
3.458439331054687500e+02
3.679520263671875000e+02
1.542311859130859375e+02
2.964141540527343750e+02
2.622379455566406250e+02
4.191589050292968750e+02
4.028291625976562500e+02
4.098638305664062500e+02
8.743937377929687500e+02
2.412707824707031250e+02
3.825504455566406250e+02
5.581765747070312500e+02
5.309027099609375000e+02
3.912569580078125000e+02
2.651468811035156250e+02
8.461607666015625000e+02
4.874446716308593750e+02
2.357245941162109375e+02
6.018016967773437500e+02
5.309993286132812500e+02
7.600485839843750000e+02
1.425264739990234375e+02
6.186793823242187500e+02
6.651159667968750000e+02
7.680385131835937500e+02
6.204302978515625000e+02
4.044707641601562500e+02
1.523905639648437500e+02
5.039398498535156250e+02
4.171636047363281250e+02
5.196674804687500000e+02
4.896453552246093750e+02
5.247283325195312500e+02
2.346624145507812500e+02
5.095078735351562500e+02
4.106957397460937500e+02
3.437384643554687500e+02
8.577695922851562500e+02
3.526774902343750000e+02
3.465726318359375000e+02
4.472968139648437500e+02
2.868046264648437500e+02
5.774738769531250000e+02
6.295629882812500000e+02
4.764916381835937500e+02
3.471115722656250000e+02
1.673293762207031250e+02
7.087758789062500000e+02
6.920209960937500000e+02
2.795440063476562500e+02
4.425020141601562500e+02
3.763369445800781250e+02
6.811390991210937500e+02
5.591954345703125000e+02
4.345928649902343750e+02
8.083255615234375000e+02
4.371973876953125000e+02
4.139164428710937500e+02
3.389146423339843750e+02
6.001643066406250000e+02
1.637075805664062500e+02
5.904456787109375000e+02
4.651227722167968750e+02
5.950698242187500000e+02
6.010896606445312500e+02
4.315547180175781250e+02
2.558069305419921875e+02
5.034999389648437500e+02
1.991454162597656250e+02
4.721465148925781250e+02
7.304747314453125000e+02
6.144578857421875000e+02
2.067978820800781250e+02
3.487148742675781250e+02
2.450437927246093750e+02
3.277462768554687500e+02
4.882290954589843750e+02
3.574973754882812500e+02
5.706875610351562500e+02
1.011647216796875000e+03
2.763137512207031250e+02
2.383780517578125000e+02
3.076059875488281250e+02
3.675612487792968750e+02
1.884483032226562500e+02
3.031055603027343750e+02
1.521344299316406250e+02
1.106755249023437500e+03
4.184945068359375000e+02
5.300976562500000000e+02
5.242169799804687500e+02
2.931951293945312500e+02
9.340065307617187500e+02
6.674514160156250000e+02
4.407960205078125000e+02
1.486147003173828125e+02
4.915079040527343750e+02
2.291949615478515625e+02
1.816819915771484375e+02
1.912995605468750000e+02
3.490126037597656250e+02
5.775335693359375000e+02
6.710004272460937500e+02
5.139212036132812500e+02
6.210321044921875000e+02
2.801442565917968750e+02
4.076979980468750000e+02
7.665298461914062500e+02
6.782868652343750000e+02
7.663721923828125000e+02
7.069429931640625000e+02
4.872802734375000000e+02
3.392407226562500000e+02
2.683091430664062500e+02
4.377633056640625000e+02
4.597337951660156250e+02
8.182568969726562500e+02
5.895199584960937500e+02
7.470852661132812500e+02
2.501085662841796875e+02
5.099099121093750000e+02
3.366232910156250000e+02
5.561594238281250000e+02
5.643838500976562500e+02
2.841832580566406250e+02
2.752950744628906250e+02
3.101856689453125000e+02
4.886546325683593750e+02
4.084363174438476562e+01
6.872359008789062500e+02
5.804093017578125000e+02
3.196819152832031250e+02
1.807872924804687500e+02
4.787913208007812500e+02
4.087932128906250000e+02
3.763152465820312500e+02
5.370413208007812500e+02
2.505235290527343750e+02
4.794565734863281250e+02
2.477663726806640625e+02
6.516159667968750000e+02
3.144263610839843750e+02
2.664151000976562500e+02
4.769996337890625000e+02
2.654322814941406250e+02
8.657460937500000000e+02
1.032638305664062500e+03
3.457379455566406250e+02
2.980826110839843750e+02
2.105747070312500000e+02
3.600964050292968750e+02
3.313834533691406250e+02
3.611357727050781250e+02
1.942975769042968750e+02
7.565350341796875000e+01
9.976909179687500000e+02
2.615628967285156250e+02
4.161837768554687500e+02
4.217545471191406250e+02
4.086721191406250000e+02
3.729221496582031250e+02
5.382804565429687500e+02
2.900938720703125000e+02
2.607754211425781250e+02
3.422274780273437500e+02
2.898772277832031250e+02
3.925892333984375000e+02
7.117235717773437500e+02
3.531857299804687500e+02
5.177531127929687500e+02
2.299705810546875000e+02
2.055844421386718750e+02
3.820345458984375000e+02
6.520894165039062500e+02
8.513793334960937500e+02
6.753801269531250000e+02
1.803897399902343750e+02
4.642255554199218750e+02
5.906593627929687500e+02
2.185848693847656250e+02
9.078888549804687500e+02
2.855475158691406250e+02
1.940447387695312500e+02
3.171536560058593750e+02
3.607706604003906250e+02
4.621064147949218750e+02
2.851555480957031250e+02
4.504955444335937500e+02
3.816332397460937500e+02
2.551259613037109375e+02
7.155293579101562500e+02
3.332582397460937500e+02
1.696462554931640625e+02
4.347499694824218750e+02
7.736551513671875000e+02
1.948198852539062500e+02
2.750782165527343750e+02
3.903948669433593750e+02
2.508817443847656250e+02
6.558849487304687500e+02
3.059042968750000000e+02
6.870914306640625000e+02
6.501263427734375000e+02
3.838271789550781250e+02
1.315872039794921875e+02
6.867932739257812500e+02
3.957873840332031250e+02
4.373829345703125000e+02
2.698789367675781250e+02
3.367976989746093750e+02
5.436607666015625000e+02
6.868966064453125000e+02
5.015111389160156250e+02
5.307687377929687500e+02
7.492201538085937500e+02
7.259686889648437500e+02
5.238692626953125000e+02
4.185948181152343750e+02
1.451880493164062500e+02
2.523103179931640625e+02
6.218973999023437500e+02
5.169426269531250000e+02
5.601173706054687500e+02
2.064242401123046875e+02
2.389639434814453125e+02
1.734028015136718750e+02
1.848179168701171875e+02
8.136640014648437500e+02
8.959202880859375000e+02
2.163361816406250000e+02
5.513911132812500000e+02
3.795832214355468750e+02
8.810847778320312500e+02
1.090322509765625000e+03
1.044820678710937500e+03
3.613007202148437500e+02
1.935753479003906250e+02
7.200028686523437500e+02
3.879255065917968750e+02
2.241567382812500000e+02
6.506112670898437500e+02
5.159616088867187500e+02
1.005909179687500000e+03
2.276979522705078125e+02
3.190675964355468750e+02
4.925974731445312500e+02
5.882189941406250000e+02
4.891293945312500000e+02
1.527601013183593750e+02
6.272593994140625000e+02
7.513099975585937500e+02
6.712154541015625000e+02
1.021241760253906250e+03
2.324212799072265625e+02
6.759065551757812500e+02
7.300814819335937500e+02
4.691287536621093750e+02
1.396364593505859375e+02
4.418309631347656250e+02
1.019243896484375000e+03
2.605512390136718750e+02
1.339276123046875000e+02
6.096711425781250000e+02
3.666913146972656250e+02
4.424729919433593750e+02
1.928271026611328125e+02
4.560460205078125000e+02
2.870815429687500000e+02
6.512424926757812500e+02
5.326850585937500000e+02
1.485597381591796875e+02
3.434493408203125000e+02
4.438325500488281250e+02
4.475838012695312500e+02
2.780771484375000000e+02
5.897438354492187500e+02
3.833279113769531250e+02
1.943756866455078125e+02
4.489656677246093750e+02
3.746898193359375000e+02
8.097893066406250000e+02
3.151442260742187500e+02
2.258760833740234375e+02
5.377302856445312500e+02
3.745654907226562500e+02
3.941813964843750000e+02
5.671318969726562500e+02
3.850754699707031250e+02
6.922415161132812500e+02
3.069581604003906250e+02
5.873707275390625000e+02
6.199929199218750000e+02
2.886484680175781250e+02
4.133271179199218750e+02
4.071369628906250000e+02
5.168587646484375000e+02
8.480142822265625000e+02
3.769706420898437500e+02
6.628922729492187500e+02
4.460406188964843750e+02
6.096820678710937500e+02
2.200917816162109375e+02
4.785516662597656250e+02
7.606037597656250000e+02
7.688742065429687500e+02
5.371331787109375000e+02
4.015528564453125000e+02
6.647653808593750000e+02
1.848419494628906250e+02
3.818170776367187500e+02
2.059557342529296875e+02
8.704390869140625000e+02
6.832645263671875000e+02
3.431233520507812500e+02
1.013463378906250000e+03
3.664347534179687500e+02
3.032029418945312500e+02
5.035752258300781250e+02
4.032611694335937500e+02
3.322109069824218750e+02
4.493673400878906250e+02
1.551663055419921875e+02
3.999207763671875000e+02
2.811548461914062500e+02
4.533914794921875000e+02
3.427091979980468750e+02
2.299393615722656250e+02
6.464721069335937500e+02
1.797907867431640625e+02
5.722957763671875000e+02
2.441487731933593750e+02
4.354281005859375000e+02
1.029292297363281250e+02
2.496020812988281250e+02
8.252634277343750000e+02
8.138510131835937500e+02
5.747863006591796875e+01
4.162018127441406250e+02
3.807236633300781250e+02
4.273678588867187500e+02
3.324085693359375000e+02
5.585188598632812500e+02
5.347639770507812500e+02
5.838417968750000000e+02
6.365873413085937500e+02
6.386052246093750000e+02
4.496600341796875000e+02
2.774729003906250000e+02
3.430541381835937500e+02
5.035883483886718750e+02
2.715363769531250000e+02
3.301948852539062500e+02
4.502084655761718750e+02
2.301451873779296875e+02
5.020226440429687500e+02
5.460257568359375000e+02
5.420380859375000000e+02
4.557969665527343750e+02
1.132560577392578125e+02
3.335886230468750000e+02
3.713900756835937500e+02
3.207233886718750000e+02
3.773612060546875000e+02
6.574075927734375000e+02
3.718950500488281250e+02
5.014511413574218750e+02
5.772984008789062500e+02
1.141713867187500000e+03
2.615618896484375000e+02
8.481803588867187500e+02
5.451867675781250000e+02
2.392455902099609375e+02
7.476074829101562500e+02
1.766169586181640625e+02
1.194990539550781250e+02
2.284010162353515625e+02
2.778783569335937500e+02
4.595468139648437500e+02
6.546825561523437500e+02
4.956470947265625000e+02
4.544868469238281250e+02
5.937119750976562500e+02
4.229333801269531250e+02
4.537099609375000000e+02
6.729463500976562500e+02
3.294298934936523438e+01
2.906314697265625000e+02
5.259039916992187500e+02
3.147870178222656250e+02
3.115686645507812500e+02
3.052780151367187500e+02
2.959351501464843750e+02
4.257037963867187500e+02
3.232718505859375000e+02
2.643368225097656250e+02
7.376256713867187500e+02
6.554125366210937500e+02
2.590252685546875000e+02
5.420168457031250000e+02
6.528600463867187500e+02
6.826885986328125000e+02
2.458504333496093750e+02
2.992293090820312500e+02
5.344752807617187500e+02
2.737762451171875000e+02
4.041395874023437500e+02
2.781225585937500000e+02
3.055991821289062500e+02
2.918363952636718750e+02
1.661758270263671875e+02
3.236059875488281250e+02
5.269122314453125000e+02
2.796516418457031250e+02
1.541534271240234375e+02
4.730622253417968750e+02
5.456375122070312500e+02
1.960270690917968750e+02
3.174773559570312500e+02
4.638199462890625000e+02
5.639838256835937500e+02
4.144652099609375000e+02
2.713366699218750000e+02
5.575244750976562500e+02
7.361441650390625000e+02
3.810435485839843750e+02
5.065748291015625000e+02
3.856265258789062500e+02
6.735243530273437500e+02
5.392373657226562500e+02
3.636587524414062500e+02
3.954788208007812500e+02
3.547063598632812500e+02
6.219730224609375000e+02
7.548076171875000000e+02
9.715521240234375000e+02
5.148847045898437500e+02
2.129988861083984375e+02
4.021521606445312500e+02
5.269835205078125000e+02
3.500203247070312500e+02
4.983531188964843750e+02
1.983919525146484375e+02
6.883776245117187500e+02
2.004841308593750000e+02
8.244170532226562500e+02
2.923233032226562500e+02
7.351126098632812500e+02
3.784236145019531250e+02
3.933110351562500000e+02
3.747043762207031250e+02
5.759851074218750000e+02
4.124062805175781250e+02
1.218450775146484375e+02
2.665214538574218750e+02
6.004338989257812500e+02
3.154548034667968750e+02
6.422717895507812500e+02
6.217804565429687500e+02
6.261737670898437500e+02
8.742544555664062500e+02
3.414396667480468750e+02
4.017005004882812500e+02
2.204794311523437500e+02
5.076434631347656250e+02
2.424447784423828125e+02
2.287545013427734375e+02
5.296544799804687500e+02
4.837726440429687500e+02
2.756197204589843750e+02
4.495685119628906250e+02
6.304606323242187500e+02
5.639779052734375000e+02
8.253704223632812500e+02
3.207023315429687500e+02
2.818589172363281250e+02
5.308269882202148438e+01
6.785513305664062500e+02
1.249617919921875000e+02
3.520015869140625000e+02
4.649898376464843750e+02
1.302278594970703125e+02
5.938283081054687500e+02
5.613875732421875000e+02
4.556151123046875000e+02
7.141121215820312500e+02
2.441966400146484375e+02
4.729378967285156250e+02
5.343866577148437500e+02
6.886346435546875000e+02
2.199121856689453125e+02
4.301887207031250000e+02
6.513931884765625000e+02
3.257510986328125000e+02
5.010518493652343750e+02
2.566677551269531250e+02
5.028332519531250000e+02
4.514403991699218750e+02
6.188630371093750000e+02
6.628973999023437500e+02
6.775774536132812500e+02
2.302135772705078125e+02
8.463273315429687500e+02
3.581897888183593750e+02
7.182654418945312500e+02
6.032437744140625000e+02
5.428390502929687500e+02
2.660101013183593750e+02
6.676919555664062500e+02
5.527656250000000000e+02
6.137921142578125000e+02
2.634555664062500000e+02
3.726270446777343750e+02
4.196625976562500000e+02
4.853688049316406250e+02
5.640524902343750000e+02
4.706106872558593750e+02
6.310835571289062500e+02
9.714988403320312500e+02
6.658046264648437500e+02
2.329047088623046875e+02
2.608640136718750000e+02
3.603685913085937500e+02
3.193328247070312500e+02
8.350960083007812500e+02
6.834263305664062500e+02
5.476864624023437500e+02
7.174117431640625000e+02
3.621026611328125000e+02
8.368147277832031250e+01
4.071048278808593750e+02
6.719729003906250000e+02
5.347909545898437500e+02
9.058413085937500000e+02
3.862931518554687500e+02
8.100613403320312500e+02
3.894583129882812500e+02
5.113018493652343750e+02
9.458416748046875000e+02
3.081244812011718750e+02
3.142560119628906250e+02
6.379836425781250000e+02
4.526093750000000000e+02
3.271240234375000000e+02
1.096856933593750000e+03
4.940470886230468750e+02
1.164790725708007812e+02
4.063930053710937500e+02
4.097607421875000000e+02
6.947079467773437500e+02
4.218832702636718750e+02
4.621631164550781250e+02
3.710246887207031250e+02
4.777581481933593750e+02
3.636854858398437500e+02
6.428602294921875000e+02
4.750116271972656250e+02
5.756910400390625000e+02
7.561774902343750000e+02
2.214940185546875000e+02
5.277288818359375000e+02
4.149633178710937500e+02
3.128468933105468750e+02
1.676692657470703125e+02
4.038727416992187500e+02
3.850154113769531250e+02
6.039470214843750000e+02
3.606531066894531250e+02
2.943895263671875000e+02
4.456821594238281250e+02
5.348461303710937500e+02
5.606726684570312500e+02
3.661812744140625000e+02
5.382984619140625000e+02
5.303145141601562500e+02
4.913547973632812500e+02
6.463746948242187500e+02
6.473339843750000000e+02
1.494577636718750000e+02
4.333086853027343750e+02
3.080852050781250000e+02
5.119907531738281250e+02
2.273284759521484375e+02
3.428544006347656250e+02
2.474271087646484375e+02
4.563439331054687500e+02
1.954293518066406250e+02
6.837087402343750000e+02
4.291732177734375000e+02
1.397961059570312500e+03
9.593035278320312500e+02
2.697672729492187500e+02
5.009326171875000000e+02
7.192540893554687500e+02
3.368511047363281250e+02
2.841926879882812500e+02
6.312084960937500000e+02
4.628345336914062500e+02
2.310927124023437500e+02
5.092007446289062500e+02
2.942781066894531250e+02
2.282245330810546875e+02
5.097707824707031250e+02
6.240634155273437500e+02
5.308260498046875000e+02
5.132069702148437500e+02
5.795563354492187500e+02
6.375426025390625000e+02
4.493473815917968750e+02
2.715263671875000000e+02
7.082047729492187500e+02
5.052394409179687500e+02
1.797775268554687500e+02
4.580132141113281250e+02
6.059799194335937500e+02
4.925581970214843750e+02
4.367954406738281250e+02
1.987149810791015625e+02
5.453383178710937500e+02
4.004656066894531250e+02
4.790647277832031250e+02
4.342781982421875000e+02
6.254968261718750000e+02
6.385284423828125000e+02
3.432413635253906250e+02
2.076426849365234375e+02
5.344464721679687500e+02
2.089277191162109375e+02
2.577257385253906250e+02
9.603516845703125000e+02
5.921595458984375000e+02
8.307729492187500000e+02
5.251465454101562500e+02
5.888727416992187500e+02
5.651654052734375000e+02
5.254697265625000000e+02
1.787417449951171875e+02
8.887832031250000000e+02
4.240284423828125000e+02
7.480093383789062500e+02
3.550641479492187500e+02
3.731349792480468750e+02
2.442773590087890625e+02
4.480045166015625000e+02
2.940265197753906250e+02
5.211083984375000000e+02
4.303173828125000000e+02
7.724450073242187500e+02
5.459057617187500000e+02
3.530487670898437500e+02
1.021978454589843750e+03
4.267267761230468750e+02
7.698131103515625000e+02
5.341631469726562500e+02
2.567217712402343750e+02
1.505211639404296875e+02
4.536912231445312500e+02
5.072803039550781250e+02
6.395460205078125000e+02
3.079673767089843750e+02
3.321644592285156250e+02
3.178538513183593750e+02
2.564425964355468750e+02
4.045621032714843750e+02
4.997526855468750000e+02
4.775790405273437500e+02
5.746661987304687500e+02
7.364324340820312500e+02
4.075044860839843750e+02
7.910627746582031250e+01
4.573023986816406250e+02
2.791536254882812500e+02
3.478817443847656250e+02
1.981297454833984375e+02
7.313273925781250000e+02
6.600762939453125000e+02
4.964652404785156250e+02
4.201807556152343750e+02
7.116691894531250000e+02
4.959020080566406250e+02
1.375045166015625000e+02
7.485246582031250000e+02
8.985007324218750000e+02
9.445020751953125000e+02
3.508811340332031250e+02
3.907678222656250000e+02
5.632004394531250000e+02
2.546907501220703125e+02
1.206571777343750000e+03
5.524399414062500000e+02
7.429868774414062500e+02
5.758788452148437500e+02
4.472063598632812500e+02
1.182611938476562500e+03
8.715520629882812500e+02
1.941171264648437500e+02
9.238499145507812500e+02
2.435466156005859375e+02
5.819746093750000000e+02
1.783545379638671875e+02
4.010520324707031250e+02
7.329063720703125000e+02
5.186021728515625000e+02
2.663676757812500000e+02
4.945108642578125000e+02
2.941425170898437500e+02
5.782476196289062500e+02
2.257970886230468750e+02
1.886555023193359375e+02
5.375262451171875000e+02
1.043896362304687500e+03
2.485518188476562500e+02
2.211858825683593750e+02
2.362538909912109375e+02
6.049476318359375000e+02
3.094364929199218750e+02
9.379869995117187500e+02
1.348953552246093750e+02
4.210947570800781250e+02
6.537133178710937500e+02
2.129431152343750000e+02
3.866555786132812500e+02
6.293032226562500000e+02
4.357937316894531250e+02
4.801072387695312500e+02
3.985898742675781250e+02
2.198486785888671875e+02
6.323781127929687500e+02
3.291019592285156250e+02
4.406004028320312500e+02
7.651334228515625000e+02
2.950590820312500000e+02
5.978464965820312500e+02
3.498479614257812500e+02
3.072912902832031250e+02
4.148218994140625000e+02
6.569597778320312500e+02
5.601961059570312500e+02
2.965896911621093750e+02
2.033153991699218750e+02
4.735599365234375000e+02
6.884585571289062500e+02
5.813358154296875000e+02
5.528201904296875000e+02
6.820556640625000000e+02
3.303223571777343750e+02
3.648503417968750000e+02
3.757072143554687500e+02
9.093814086914062500e+02
3.606863098144531250e+02
1.780756072998046875e+02
4.266430969238281250e+02
2.545504150390625000e+02
4.928938598632812500e+02
2.267533111572265625e+02
5.972103881835937500e+02
5.306377563476562500e+02
1.151760253906250000e+02
5.556906127929687500e+02
4.973836975097656250e+02
7.946881713867187500e+02
3.145971069335937500e+02
3.303055419921875000e+02
3.650711669921875000e+02
7.161790161132812500e+02
8.714266357421875000e+02
2.604915161132812500e+02
3.065140991210937500e+02
4.548022460937500000e+02
3.741787109375000000e+02
7.771625366210937500e+02
2.743941345214843750e+02
4.559999389648437500e+02
5.332615966796875000e+02
2.456682586669921875e+02
5.185632324218750000e+02
5.905714111328125000e+02
4.398940124511718750e+02
4.485224304199218750e+02
3.173131713867187500e+02
7.649789428710937500e+02
1.888093109130859375e+02
4.871206359863281250e+02
5.433712768554687500e+02
6.830505981445312500e+02
3.114822998046875000e+02
1.839569396972656250e+02
4.667987670898437500e+02
1.008971862792968750e+03
5.287109375000000000e+02
3.541429443359375000e+02
3.696312866210937500e+02
9.223618164062500000e+02
8.098377075195312500e+02
3.566510620117187500e+02
2.883045959472656250e+02
3.428837280273437500e+02
2.238105773925781250e+02
7.483823242187500000e+02
3.741893920898437500e+02
2.455614471435546875e+02
5.627200927734375000e+02
3.850422363281250000e+02
3.590298156738281250e+02
8.311491088867187500e+02
8.765451660156250000e+02
4.426691894531250000e+02
9.650279998779296875e+01
7.274940185546875000e+02
2.123153381347656250e+02
6.227094726562500000e+02
2.846772766113281250e+02
6.225954589843750000e+02
9.519776611328125000e+02
3.832098388671875000e+02
1.831006011962890625e+02
4.688450622558593750e+02
3.375895385742187500e+02
2.674662170410156250e+02
5.165897827148437500e+02
3.846878662109375000e+02
3.770193481445312500e+02
7.709895629882812500e+02
1.084921020507812500e+03
4.660418395996093750e+02
4.732222900390625000e+02
1.605345306396484375e+02
4.912479553222656250e+02
4.885970458984375000e+02
1.280056610107421875e+02
1.516279602050781250e+02
4.986612854003906250e+02
4.117519531250000000e+02
6.588336791992187500e+02
4.262475585937500000e+02
3.802969665527343750e+02
4.580536193847656250e+02
1.900811920166015625e+02
2.232165222167968750e+02
3.837891845703125000e+02
7.842797241210937500e+02
5.714221191406250000e+02
4.112842407226562500e+02
9.198242187500000000e+02
6.455575561523437500e+02
2.479465026855468750e+02
3.636727905273437500e+02
7.610603027343750000e+02
4.740953369140625000e+02
5.267557983398437500e+02
3.860365600585937500e+02
7.155584716796875000e+02
4.234198303222656250e+02
1.344458007812500000e+02
6.389045410156250000e+02
3.755895080566406250e+02
4.600681152343750000e+02
2.454222106933593750e+02
3.248729248046875000e+02
6.184844970703125000e+02
5.712945556640625000e+02
5.813467407226562500e+02
5.677718505859375000e+02
