4.279021301269531250e+02
4.713450317382812500e+02
2.851466064453125000e+02
5.765609130859375000e+02
5.188839111328125000e+02
5.994062500000000000e+02
2.880703430175781250e+02
2.610308532714843750e+02
3.696410217285156250e+02
2.367227783203125000e+02
2.487914886474609375e+02
4.156492004394531250e+02
4.633509826660156250e+02
6.142434082031250000e+02
4.340518569946289062e+01
3.030742492675781250e+02
4.758910827636718750e+02
6.261012573242187500e+02
3.432231445312500000e+02
1.056285156250000000e+03
3.967954406738281250e+02
5.503699340820312500e+02
2.441698608398437500e+02
4.511503601074218750e+02
4.807001037597656250e+02
3.609452514648437500e+02
5.178020019531250000e+02
5.161467285156250000e+02
3.495225219726562500e+02
4.219622497558593750e+02
4.835385437011718750e+02
2.948750610351562500e+02
3.211911010742187500e+02
4.975474243164062500e+02
1.851082000732421875e+02
2.777316894531250000e+02
5.255726928710937500e+02
4.319859008789062500e+02
3.677713623046875000e+02
8.273533935546875000e+02
4.284700012207031250e+02
3.818120727539062500e+02
7.400596923828125000e+02
5.942875976562500000e+02
5.417849121093750000e+02
6.066655883789062500e+02
4.673110961914062500e+02
3.048224487304687500e+02
4.686700744628906250e+02
7.848480224609375000e+02
2.317622528076171875e+02
5.921812133789062500e+02
2.637422180175781250e+02
4.243262939453125000e+02
4.751067199707031250e+02
6.508298950195312500e+02
3.765399169921875000e+02
4.914367980957031250e+02
3.529059753417968750e+02
7.942182617187500000e+02
3.818835449218750000e+02
6.428136596679687500e+02
8.023652648925781250e+01
3.220949401855468750e+02
4.226404113769531250e+02
6.639232788085937500e+02
1.955596160888671875e+02
5.598854370117187500e+02
3.363045959472656250e+02
2.933811340332031250e+02
3.376209106445312500e+02
3.140158691406250000e+02
5.900176391601562500e+02
4.336173400878906250e+02
6.965822143554687500e+02
1.188874053955078125e+02
5.955800170898437500e+02
3.986863098144531250e+02
5.069249572753906250e+02
4.104598693847656250e+02
2.782307434082031250e+02
4.558849487304687500e+02
2.222457427978515625e+02
1.586830139160156250e+02
3.603127136230468750e+02
8.627158203125000000e+02
6.226230468750000000e+02
2.633457641601562500e+02
7.709989013671875000e+02
3.648003845214843750e+02
2.869288024902343750e+02
3.651038513183593750e+02
4.149062194824218750e+02
2.192899627685546875e+02
6.116683959960937500e+02
4.023678283691406250e+02
7.712234497070312500e+02
1.914467468261718750e+02
1.046714477539062500e+03
4.619541320800781250e+02
6.845438842773437500e+02
9.048078613281250000e+02
4.086881103515625000e+02
5.842998657226562500e+02
5.784141845703125000e+02
6.010986328125000000e+02
3.109428405761718750e+02
8.103939819335937500e+02
3.754288635253906250e+02
2.657343139648437500e+02
5.571378173828125000e+02
7.311683349609375000e+02
3.766580505371093750e+02
4.092515563964843750e+02
2.758897705078125000e+02
3.668985900878906250e+02
3.729070434570312500e+02
6.536584472656250000e+01
4.399853820800781250e+02
4.084936523437500000e+02
9.956301879882812500e+02
4.137558593750000000e+02
5.174984741210937500e+02
3.749731750488281250e+02
3.111219482421875000e+02
6.877403564453125000e+02
2.950002136230468750e+02
2.556525421142578125e+02
3.727247924804687500e+02
6.644937133789062500e+02
3.132987060546875000e+02
6.577086181640625000e+02
4.135103454589843750e+02
2.353845367431640625e+02
2.838012695312500000e+02
4.759650268554687500e+02
4.285018615722656250e+02
8.225347290039062500e+02
4.679323425292968750e+02
2.943782348632812500e+02
2.811741333007812500e+02
6.931115722656250000e+02
2.867805480957031250e+02
9.745794067382812500e+02
5.561254272460937500e+02
5.546691894531250000e+02
4.851401367187500000e+02
3.302551269531250000e+02
6.542275390625000000e+02
4.695441589355468750e+02
4.768463745117187500e+02
3.455784606933593750e+02
2.753115539550781250e+02
2.542485504150390625e+02
3.460814514160156250e+02
5.254842529296875000e+02
6.569022827148437500e+02
2.316592102050781250e+02
3.894052429199218750e+02
3.856196899414062500e+02
6.175420532226562500e+02
7.096303710937500000e+02
5.676574707031250000e+02
2.364312286376953125e+02
5.726310424804687500e+02
5.122783203125000000e+02
3.217151184082031250e+02
4.452855224609375000e+02
7.309371948242187500e+02
5.162025146484375000e+02
6.786542358398437500e+02
6.353796386718750000e+02
2.668257446289062500e+02
3.472796936035156250e+02
4.478681030273437500e+02
2.164407653808593750e+02
7.443843841552734375e+01
6.753482666015625000e+02
1.900598144531250000e+02
6.643975830078125000e+02
5.027231140136718750e+02
2.170874786376953125e+02
5.949479980468750000e+02
4.268439025878906250e+02
6.271410522460937500e+02
6.396707763671875000e+02
7.357227172851562500e+02
4.144682006835937500e+02
4.682160034179687500e+02
1.023009155273437500e+03
6.817943725585937500e+02
3.741661071777343750e+02
4.688608703613281250e+02
3.943899841308593750e+02
3.376822509765625000e+02
2.396790771484375000e+02
2.735534667968750000e+02
5.089335632324218750e+02
4.293875427246093750e+02
3.064501342773437500e+02
5.311365356445312500e+02
3.287443847656250000e+02
3.873215637207031250e+02
4.848480834960937500e+02
6.950817260742187500e+02
6.722147827148437500e+02
3.698087463378906250e+02
1.513200378417968750e+02
2.955351867675781250e+02
4.646647338867187500e+02
1.525101623535156250e+02
1.524686431884765625e+02
1.726739044189453125e+02
4.548230895996093750e+02
4.307665405273437500e+02
3.273095397949218750e+02
1.370181121826171875e+02
6.257831420898437500e+02
4.419243164062500000e+02
4.041954650878906250e+02
3.954770202636718750e+02
3.993106079101562500e+02
5.325656738281250000e+02
3.954097290039062500e+02
3.330217285156250000e+02
8.350722503662109375e+01
3.174457092285156250e+02
1.383176116943359375e+02
4.304465332031250000e+02
8.097307128906250000e+02
4.772506408691406250e+02
4.326219787597656250e+02
1.558695526123046875e+02
2.481213836669921875e+02
1.057281417846679688e+02
1.134587173461914062e+02
5.387823486328125000e+02
2.118765258789062500e+02
7.969501342773437500e+02
3.237980651855468750e+02
3.974831848144531250e+02
4.442617492675781250e+02
5.275043945312500000e+02
2.710238342285156250e+02
6.577528076171875000e+02
3.148686828613281250e+02
2.037894744873046875e+02
6.207369995117187500e+02
1.930821990966796875e+02
5.587081909179687500e+02
2.426441650390625000e+02
7.698468627929687500e+02
8.714924926757812500e+02
4.783712463378906250e+02
5.241464843750000000e+02
3.857584533691406250e+02
2.228482055664062500e+02
5.297621459960937500e+02
6.403632812500000000e+02
2.989687805175781250e+02
2.881296386718750000e+02
4.587329101562500000e+02
2.658455505371093750e+02
4.867589721679687500e+02
4.261646423339843750e+02
2.388432922363281250e+02
4.045261535644531250e+02
6.101565551757812500e+02
1.307206726074218750e+02
2.265422058105468750e+02
8.983337402343750000e+02
9.385847778320312500e+02
5.427197875976562500e+02
7.201693725585937500e+02
2.533141479492187500e+02
7.436901855468750000e+02
3.887481994628906250e+02
4.388185424804687500e+02
3.598746643066406250e+02
6.792070312500000000e+02
4.024086914062500000e+02
9.885437622070312500e+02
5.808583984375000000e+02
4.459208374023437500e+02
6.036359405517578125e+01
4.962481994628906250e+02
4.550939331054687500e+02
2.479263000488281250e+02
5.826967163085937500e+02
6.071291503906250000e+02
3.726154174804687500e+02
3.765481872558593750e+02
9.318666381835937500e+02
1.195115661621093750e+02
5.891307373046875000e+02
5.259022216796875000e+02
7.044983520507812500e+02
4.851349182128906250e+02
2.733018493652343750e+02
8.559730224609375000e+02
1.941488037109375000e+02
2.226252593994140625e+02
7.831422119140625000e+02
6.321121826171875000e+02
7.690028686523437500e+02
6.936876831054687500e+02
5.666523437500000000e+02
3.749982910156250000e+02
2.953960571289062500e+02
4.003554992675781250e+02
5.485029907226562500e+02
8.092896728515625000e+02
2.386892242431640625e+02
3.309658813476562500e+02
2.633658447265625000e+02
7.030297851562500000e+02
3.983970947265625000e+02
2.340776062011718750e+02
2.991029968261718750e+02
5.122593383789062500e+02
1.646092071533203125e+02
1.161627197265625000e+03
3.686276245117187500e+02
4.159676818847656250e+02
5.187062988281250000e+02
1.114601928710937500e+03
6.174619140625000000e+02
5.000098266601562500e+02
3.227271728515625000e+02
6.285791015625000000e+02
4.448705749511718750e+02
4.361334838867187500e+02
2.789264831542968750e+02
2.871634216308593750e+02
4.383621215820312500e+02
8.013637695312500000e+02
4.544414062500000000e+02
4.869904174804687500e+02
6.680031738281250000e+02
5.264669799804687500e+02
2.274727478027343750e+02
4.646380615234375000e+02
3.042038269042968750e+02
4.452583312988281250e+02
3.924243164062500000e+02
1.365211791992187500e+02
5.841012573242187500e+02
3.731860351562500000e+02
7.087066650390625000e+02
1.181398468017578125e+02
1.848853912353515625e+02
3.822890625000000000e+02
4.300605468750000000e+02
2.508189697265625000e+02
4.328611145019531250e+02
3.473864746093750000e+02
4.536290893554687500e+02
3.801667175292968750e+02
2.797358703613281250e+02
3.807057800292968750e+02
2.954745788574218750e+02
3.238410339355468750e+02
3.464132690429687500e+02
7.187500610351562500e+02
3.259531250000000000e+02
2.738824768066406250e+02
6.280037231445312500e+02
5.827726440429687500e+02
1.091814697265625000e+03
1.911066894531250000e+02
3.472447814941406250e+02
3.590753479003906250e+02
7.582322998046875000e+02
1.799781036376953125e+02
4.378235778808593750e+02
9.809088897705078125e+01
6.387846069335937500e+02
4.686675109863281250e+02
4.216456298828125000e+02
6.656872558593750000e+02
9.777687988281250000e+02
1.899786987304687500e+02
2.583930053710937500e+02
5.168666381835937500e+02
1.469726715087890625e+02
5.152057495117187500e+02
4.305027465820312500e+02
1.607395935058593750e+02
3.640071411132812500e+02
6.834880371093750000e+02
2.831196289062500000e+02
4.859328308105468750e+02
3.580433044433593750e+02
4.947339172363281250e+02
7.307799072265625000e+02
6.065606689453125000e+02
1.532663269042968750e+02
2.548487243652343750e+02
4.151376342773437500e+02
3.251763916015625000e+02
2.236329650878906250e+02
4.552380676269531250e+02
4.378641357421875000e+02
5.088322143554687500e+02
1.018826965332031250e+03
1.262529525756835938e+02
2.852738342285156250e+02
2.387473907470703125e+02
7.644185180664062500e+02
1.526232910156250000e+02
2.803758239746093750e+02
2.477243194580078125e+02
4.438359069824218750e+02
5.466836547851562500e+02
7.495998535156250000e+02
1.809133148193359375e+02
6.167151489257812500e+02
5.700007934570312500e+02
5.254240722656250000e+02
7.103950195312500000e+02
4.968969421386718750e+02
2.643923339843750000e+02
3.850903015136718750e+02
5.737850341796875000e+02
7.084130249023437500e+02
3.331727294921875000e+02
1.309319458007812500e+02
4.440768737792968750e+02
3.747216186523437500e+02
2.249428710937500000e+02
5.197241210937500000e+02
4.795657043457031250e+02
5.985068359375000000e+02
3.527026977539062500e+02
5.141086425781250000e+02
4.924799194335937500e+02
4.690912170410156250e+02
4.478071594238281250e+02
3.800386047363281250e+02
3.421763610839843750e+02
2.493172607421875000e+02
4.776983947753906250e+02
8.416901245117187500e+02
2.322508087158203125e+02
4.756680908203125000e+02
2.013172607421875000e+02
4.315712890625000000e+02
9.646666870117187500e+02
1.561851959228515625e+02
4.532942504882812500e+02
2.329172363281250000e+02
3.265556335449218750e+02
5.896922607421875000e+02
8.129530029296875000e+02
5.828909301757812500e+02
1.743702087402343750e+02
7.738516845703125000e+02
9.151414794921875000e+02
3.178710937500000000e+02
2.738730163574218750e+02
5.079122009277343750e+02
5.299014282226562500e+02
2.513188476562500000e+02
4.113162536621093750e+02
7.589650878906250000e+02
3.394564208984375000e+02
3.700433654785156250e+02
3.333353271484375000e+02
5.026900939941406250e+02
5.781343383789062500e+02
4.018333129882812500e+02
5.561437377929687500e+02
6.201788940429687500e+02
4.804237976074218750e+02
3.125291748046875000e+02
5.437219848632812500e+02
2.350876464843750000e+02
5.146589355468750000e+02
6.298322143554687500e+02
4.497519531250000000e+02
2.553541564941406250e+02
2.080089416503906250e+02
1.815130310058593750e+02
4.699169921875000000e+02
8.684611206054687500e+02
7.945421142578125000e+02
2.869366760253906250e+02
7.039140625000000000e+02
3.886410522460937500e+02
5.156775512695312500e+02
4.582102966308593750e+02
4.557551574707031250e+02
5.149913940429687500e+02
2.223439636230468750e+02
6.050308227539062500e+02
6.158803100585937500e+02
3.890661926269531250e+02
4.522886657714843750e+02
3.497552490234375000e+02
4.299406127929687500e+02
4.596553955078125000e+02
2.453291625976562500e+02
1.192251205444335938e+02
4.841975708007812500e+02
2.402335662841796875e+02
7.045262451171875000e+02
4.351015625000000000e+02
3.634482116699218750e+02
5.128081054687500000e+02
3.672158813476562500e+02
3.694346923828125000e+02
6.128839111328125000e+02
5.668676757812500000e+02
8.749535522460937500e+02
3.204332275390625000e+02
1.968830108642578125e+02
3.233657531738281250e+02
6.220571899414062500e+02
5.285071411132812500e+02
7.347522583007812500e+02
3.493657226562500000e+02
6.539462280273437500e+02
5.212112426757812500e+02
1.622591094970703125e+02
3.262534484863281250e+02
7.190515747070312500e+02
2.815370483398437500e+02
5.360921020507812500e+02
3.381535034179687500e+02
2.310984344482421875e+02
1.952391815185546875e+02
3.672814941406250000e+02
9.103620605468750000e+02
4.564736633300781250e+02
2.692203369140625000e+02
6.341812744140625000e+02
5.469737548828125000e+02
4.038716430664062500e+02
2.464862976074218750e+02
2.037687683105468750e+02
4.288874511718750000e+02
3.437022094726562500e+02
6.144027099609375000e+02
6.860922241210937500e+02
4.833482360839843750e+02
5.591971435546875000e+02
6.642130126953125000e+02
7.027443237304687500e+02
4.685267333984375000e+02
5.208493041992187500e+02
4.835262451171875000e+02
1.252318191528320312e+02
3.887950439453125000e+02
4.940390625000000000e+02
1.539176788330078125e+02
1.142036621093750000e+03
6.263391113281250000e+02
5.774205932617187500e+02
1.893132171630859375e+02
4.701458129882812500e+02
4.158970336914062500e+02
3.251216735839843750e+02
4.736226806640625000e+02
4.725370178222656250e+02
3.056338195800781250e+02
3.102598571777343750e+02
5.161568603515625000e+02
4.740584106445312500e+02
4.622012023925781250e+02
5.177781982421875000e+02
1.258633956909179688e+02
4.403656616210937500e+02
3.450048217773437500e+02
2.185174102783203125e+02
8.070602416992187500e+02
6.774294433593750000e+02
4.074177246093750000e+02
2.915490112304687500e+02
4.230437622070312500e+02
7.533237304687500000e+02
9.025877075195312500e+02
4.103259582519531250e+02
3.034289550781250000e+02
2.784255065917968750e+02
6.528615722656250000e+02
4.228501586914062500e+02
9.591904296875000000e+02
2.781738891601562500e+02
5.584149169921875000e+02
3.982943420410156250e+02
7.165811157226562500e+02
1.529134674072265625e+02
6.599860839843750000e+02
3.646046752929687500e+02
9.853355102539062500e+02
3.614474182128906250e+02
9.533796386718750000e+02
2.926151733398437500e+02
3.716518554687500000e+02
4.674575195312500000e+02
6.302868652343750000e+02
4.756811828613281250e+02
1.896641693115234375e+02
4.617515258789062500e+02
6.657218017578125000e+02
5.126239013671875000e+02
2.467165374755859375e+02
2.613144531250000000e+02
1.054170410156250000e+03
2.712893371582031250e+02
2.077179718017578125e+02
3.013592224121093750e+02
4.582030334472656250e+02
2.555177001953125000e+02
2.143495025634765625e+02
8.062548828125000000e+02
6.366060180664062500e+02
3.997684936523437500e+02
4.738846740722656250e+02
3.203139648437500000e+02
3.564680786132812500e+02
4.663244628906250000e+02
5.729511108398437500e+02
3.310160827636718750e+02
4.011244812011718750e+02
1.074206787109375000e+03
3.894353942871093750e+02
4.025408020019531250e+02
5.263272094726562500e+02
1.220072998046875000e+03
6.424780273437500000e+02
4.860095520019531250e+02
1.284348907470703125e+02
3.212732238769531250e+02
1.979939270019531250e+02
6.526021728515625000e+02
6.848373413085937500e+02
5.017953796386718750e+02
5.047901916503906250e+02
5.588268432617187500e+02
7.119169921875000000e+02
3.228036193847656250e+02
2.251851654052734375e+02
3.668734741210937500e+02
2.820852966308593750e+02
9.168309326171875000e+02
1.790633544921875000e+02
2.705810546875000000e+02
4.273795471191406250e+02
8.735597534179687500e+02
6.670598754882812500e+02
6.930733032226562500e+02
4.891963806152343750e+02
4.219660644531250000e+02
3.504440307617187500e+02
9.273336791992187500e+01
2.296508483886718750e+02
7.666261596679687500e+02
3.087773132324218750e+02
2.506977844238281250e+02
4.811459045410156250e+02
3.442171020507812500e+02
3.562453613281250000e+02
5.351975708007812500e+02
6.032280273437500000e+02
5.661723632812500000e+02
5.091962585449218750e+02
4.215177917480468750e+02
2.584455261230468750e+02
4.104489746093750000e+02
2.943618774414062500e+02
1.904955291748046875e+02
6.352928466796875000e+02
3.004731445312500000e+02
4.063456420898437500e+02
5.004550170898437500e+02
4.369521179199218750e+02
3.334331359863281250e+02
4.221715393066406250e+02
3.614208068847656250e+02
3.157785034179687500e+02
3.579561157226562500e+02
5.680389404296875000e+02
5.798447265625000000e+02
3.922090148925781250e+02
3.734617919921875000e+02
5.154387207031250000e+02
4.303714904785156250e+02
8.646949462890625000e+02
7.545000000000000000e+02
5.012937316894531250e+02
2.234918518066406250e+02
2.583910522460937500e+02
3.768177490234375000e+02
1.321340026855468750e+02
2.495075683593750000e+02
3.639017028808593750e+02
3.056950073242187500e+02
2.682635803222656250e+02
5.425181274414062500e+02
4.061697692871093750e+02
3.821205139160156250e+02
5.013614196777343750e+02
2.420603179931640625e+02
3.491411437988281250e+02
3.927939758300781250e+02
3.916861877441406250e+02
7.367018127441406250e+01
5.168051757812500000e+02
6.973143310546875000e+02
5.847695922851562500e+02
2.862603149414062500e+02
2.623951416015625000e+02
5.091201782226562500e+02
2.286018676757812500e+02
6.039776611328125000e+02
1.770697631835937500e+02
3.842043762207031250e+02
4.984198608398437500e+02
4.530773620605468750e+02
2.410351257324218750e+02
2.843090515136718750e+02
5.993896484375000000e+02
1.485489196777343750e+02
6.475063476562500000e+02
2.274923095703125000e+02
3.574046325683593750e+02
2.688773193359375000e+02
2.839135437011718750e+02
3.616168518066406250e+02
2.661283874511718750e+02
4.674709472656250000e+02
2.692477416992187500e+02
6.335711669921875000e+02
4.185571899414062500e+02
4.967929077148437500e+02
5.872288208007812500e+02
5.252633666992187500e+02
4.454810180664062500e+02
4.744070129394531250e+02
6.039585571289062500e+02
5.117258300781250000e+02
3.427343444824218750e+02
3.767250671386718750e+02
3.946647338867187500e+02
3.739959106445312500e+02
5.301423339843750000e+02
3.727053527832031250e+02
2.433804321289062500e+02
3.757244567871093750e+02
2.863095092773437500e+02
3.200404052734375000e+02
8.417072753906250000e+02
6.087801513671875000e+02
4.620328674316406250e+02
2.555471343994140625e+02
1.709264831542968750e+02
5.224015502929687500e+02
6.177886962890625000e+02
4.969898681640625000e+02
3.331355590820312500e+02
4.789511108398437500e+02
3.248468017578125000e+02
3.181434326171875000e+02
5.527158203125000000e+02
4.209993286132812500e+02
3.532882690429687500e+02
4.848435974121093750e+02
6.334545288085937500e+02
3.270545043945312500e+02
1.147904785156250000e+03
6.509611206054687500e+02
3.121484680175781250e+02
7.367627563476562500e+02
6.592487792968750000e+02
3.274003906250000000e+02
3.986931457519531250e+02
2.431805419921875000e+02
3.285791015625000000e+02
3.637417602539062500e+02
5.184277954101562500e+02
1.678272705078125000e+02
1.712326049804687500e+02
5.160149536132812500e+02
2.078054962158203125e+02
2.903742065429687500e+02
5.538572387695312500e+02
3.276496582031250000e+02
6.361725463867187500e+02
3.095476989746093750e+02
1.926001739501953125e+02
8.162270355224609375e+01
3.865640869140625000e+02
5.441750488281250000e+02
2.761864318847656250e+02
2.729485168457031250e+02
4.761179809570312500e+02
3.248663330078125000e+02
5.240611572265625000e+02
9.841898193359375000e+02
3.330398864746093750e+02
6.290933227539062500e+02
6.467235717773437500e+02
5.322030029296875000e+02
2.903237304687500000e+02
2.487604370117187500e+02
4.777884216308593750e+02
4.338786621093750000e+02
3.534258117675781250e+02
2.539501342773437500e+02
3.913833618164062500e+02
8.918477783203125000e+02
3.527575683593750000e+02
9.957845458984375000e+02
7.270411987304687500e+02
3.418383789062500000e+02
2.582431640625000000e+02
4.932831115722656250e+02
3.247023010253906250e+02
7.412965698242187500e+02
6.445713500976562500e+02
6.527194213867187500e+02
2.371244201660156250e+02
5.278113403320312500e+02
1.700826721191406250e+02
5.438345947265625000e+02
2.578034057617187500e+02
2.386352233886718750e+02
1.954670715332031250e+02
2.870023193359375000e+02
3.929901733398437500e+02
2.651621398925781250e+02
2.744870300292968750e+02
4.402035217285156250e+02
5.286935424804687500e+02
1.043294433593750000e+03
4.757037353515625000e+02
8.298717651367187500e+02
3.911860046386718750e+02
3.021848449707031250e+02
4.003525390625000000e+02
3.374210205078125000e+02
2.259548339843750000e+02
9.000401611328125000e+02
3.099146728515625000e+02
1.284898315429687500e+03
1.107588958740234375e+02
1.582799530029296875e+02
5.244476318359375000e+02
2.034597473144531250e+02
3.121658325195312500e+02
5.240654907226562500e+02
4.099260559082031250e+02
2.326831512451171875e+02
2.849653320312500000e+02
5.988256835937500000e+02
3.617966918945312500e+02
2.917190856933593750e+02
4.099381408691406250e+02
5.958532714843750000e+02
6.125673217773437500e+02
2.662156982421875000e+02
1.470922698974609375e+02
6.831921386718750000e+02
3.478597412109375000e+02
2.820994262695312500e+02
4.546855163574218750e+02
8.856633758544921875e+01
6.080918579101562500e+02
6.810784912109375000e+02
1.228009262084960938e+02
6.051797485351562500e+02
8.224192504882812500e+02
3.279795532226562500e+02
5.195242309570312500e+02
2.048090209960937500e+02
1.963964233398437500e+02
4.638773193359375000e+02
3.545289916992187500e+02
2.453050231933593750e+02
3.721514587402343750e+02
4.958557128906250000e+02
1.225354461669921875e+02
3.930702209472656250e+02
9.988997650146484375e+01
4.429583129882812500e+02
5.362261352539062500e+02
7.789295654296875000e+02
2.556381835937500000e+02
6.812772216796875000e+02
7.639238281250000000e+02
3.119447937011718750e+02
2.382527618408203125e+02
4.411162719726562500e+02
4.696828918457031250e+02
3.930597839355468750e+02
5.050868225097656250e+02
4.347774658203125000e+02
4.502616577148437500e+02
6.347097167968750000e+02
5.855847778320312500e+02
1.016180419921875000e+03
4.744305419921875000e+02
3.616066284179687500e+02
3.581725463867187500e+02
5.726172485351562500e+02
2.021602325439453125e+02
4.364659118652343750e+02
3.814297790527343750e+02
3.893089904785156250e+02
3.563761291503906250e+02
2.765479736328125000e+02
3.837268371582031250e+02
5.991715087890625000e+02
3.574919128417968750e+02
4.134393920898437500e+02
4.641178894042968750e+02
5.177662963867187500e+02
3.768999023437500000e+02
4.683973693847656250e+02
5.157402954101562500e+02
5.082405395507812500e+02
4.859301452636718750e+02
3.494851989746093750e+02
4.779485778808593750e+02
6.068075561523437500e+02
7.643214111328125000e+02
8.427569580078125000e+02
3.440796813964843750e+02
2.652374877929687500e+02
6.254462280273437500e+02
4.863468322753906250e+02
4.494890441894531250e+02
2.866794738769531250e+02
7.577626953125000000e+02
2.653297119140625000e+02
5.988876342773437500e+02
3.963685302734375000e+02
5.969769897460937500e+02
5.383374633789062500e+02
1.734780883789062500e+02
7.165758056640625000e+02
8.962880706787109375e+01
3.419139709472656250e+02
3.560653381347656250e+02
6.352883911132812500e+02
2.552519836425781250e+02
5.349014892578125000e+02
4.862102966308593750e+02
9.083839721679687500e+02
2.167521667480468750e+02
6.057700195312500000e+02
5.274156494140625000e+02
7.823009033203125000e+02
3.827007751464843750e+02
3.358244934082031250e+02
5.751085205078125000e+02
6.435216064453125000e+02
2.558900299072265625e+02
2.842188415527343750e+02
7.465614624023437500e+02
6.095571899414062500e+02
3.382793884277343750e+02
6.608602905273437500e+02
1.010521240234375000e+03
5.605884399414062500e+02
4.690258483886718750e+02
6.319317016601562500e+02
1.337721557617187500e+02
5.684349975585937500e+02
4.577821960449218750e+02
2.463129577636718750e+02
4.082674255371093750e+02
4.414178161621093750e+02
2.114656982421875000e+02
4.407926025390625000e+02
6.289035034179687500e+02
1.979826354980468750e+02
1.591311645507812500e+02
5.209230957031250000e+02
1.512842712402343750e+02
7.301419677734375000e+02
2.862726745605468750e+02
2.818497314453125000e+02
5.866948852539062500e+02
4.245102539062500000e+02
4.263892822265625000e+02
2.282670745849609375e+02
2.623558044433593750e+02
1.718223266601562500e+02
6.378793945312500000e+02
2.794004821777343750e+02
3.974094848632812500e+02
1.682649841308593750e+02
3.717013244628906250e+02
6.271210327148437500e+02
4.277702331542968750e+02
2.499232940673828125e+02
1.442082977294921875e+02
5.730009155273437500e+02
6.071562500000000000e+02
4.527228698730468750e+02
3.159423522949218750e+02
1.589701385498046875e+02
3.559253234863281250e+02
3.933024902343750000e+02
2.892056884765625000e+02
4.594177551269531250e+02
3.680308227539062500e+02
1.817807159423828125e+02
2.173645172119140625e+02
6.801076049804687500e+02
5.759557495117187500e+02
2.289467010498046875e+02
7.405577392578125000e+02
2.390057067871093750e+02
3.104725952148437500e+02
5.401045532226562500e+02
3.598207397460937500e+02
3.581581726074218750e+02
2.176723937988281250e+02
6.615202026367187500e+02
8.938761596679687500e+02
1.092701034545898438e+02
4.401437683105468750e+02
6.230795288085937500e+02
2.262043762207031250e+02
3.565887451171875000e+02
3.697619628906250000e+02
7.464144897460937500e+02
3.362195739746093750e+02
5.989153442382812500e+02
3.441315612792968750e+02
2.067186279296875000e+02
2.068506011962890625e+02
1.991215667724609375e+02
3.309500427246093750e+02
3.814971313476562500e+02
8.081951293945312500e+02
3.955377502441406250e+02
6.912293701171875000e+02
1.448685150146484375e+02
4.600004882812500000e+02
4.372516479492187500e+02
4.122092590332031250e+02
8.945898437500000000e+02
2.274775390625000000e+02
2.727481689453125000e+02
2.363316192626953125e+02
1.928009185791015625e+02
1.567707366943359375e+02
3.066051635742187500e+02
4.720985412597656250e+02
3.176667175292968750e+02
4.676278686523437500e+02
3.173891906738281250e+02
5.441820678710937500e+02
2.779613647460937500e+02
3.230384521484375000e+02
5.774735717773437500e+02
5.008215026855468750e+02
2.055841369628906250e+02
8.072390136718750000e+02
2.737185058593750000e+02
5.053370056152343750e+02
3.512344665527343750e+02
4.835647583007812500e+02
3.955968322753906250e+02
4.410938720703125000e+02
4.266424560546875000e+02
7.140054321289062500e+02
7.137702636718750000e+02
3.894783020019531250e+02
6.268396606445312500e+02
5.299639282226562500e+02
8.576020507812500000e+02
5.417200317382812500e+02
2.224900512695312500e+02
6.005631103515625000e+02
2.629704589843750000e+02
6.544100341796875000e+02
6.265395507812500000e+02
9.568144989013671875e+01
4.591268615722656250e+02
8.344487304687500000e+02
1.945388641357421875e+02
5.911870727539062500e+02
3.594390258789062500e+02
5.502174072265625000e+02
7.670567016601562500e+02
3.894809570312500000e+02
1.948160858154296875e+02
7.944697875976562500e+02
6.490522460937500000e+02
8.021883544921875000e+02
2.335085296630859375e+02
4.142852172851562500e+02
3.542125549316406250e+02
2.302933654785156250e+02
5.880899658203125000e+02
4.918861083984375000e+02
2.936461486816406250e+02
5.273754882812500000e+02
4.863841552734375000e+02
7.587808227539062500e+02
4.250850830078125000e+02
9.151746826171875000e+02
1.644757995605468750e+02
4.342585754394531250e+02
6.741685791015625000e+02
6.653406372070312500e+02
4.257958068847656250e+02
2.739511718750000000e+02
2.567780761718750000e+02
4.293414001464843750e+02
4.127778625488281250e+02
1.302821807861328125e+02
4.404429626464843750e+02
7.991821899414062500e+02
4.002695007324218750e+02
7.651846313476562500e+02
9.101828002929687500e+02
3.514856872558593750e+02
3.607208557128906250e+02
8.026436157226562500e+02
2.878742980957031250e+02
4.621810607910156250e+02
1.873703002929687500e+02
5.222228393554687500e+02
1.860703277587890625e+02
3.021980285644531250e+02
3.407906799316406250e+02
4.143547363281250000e+02
2.657453308105468750e+02
2.521857452392578125e+02
1.523067626953125000e+02
4.891147155761718750e+02
3.190171203613281250e+02
3.759159545898437500e+02
5.769184570312500000e+02
4.915135803222656250e+02
9.431739044189453125e+01
4.000200805664062500e+02
3.079811096191406250e+02
7.105442504882812500e+02
5.237098388671875000e+02
1.636622924804687500e+02
4.189447937011718750e+02
3.551441650390625000e+02
1.564956054687500000e+02
4.224389648437500000e+02
9.510776519775390625e+01
3.798143310546875000e+02
2.227105407714843750e+02
4.279062194824218750e+02
3.831522521972656250e+02
3.157379150390625000e+02
6.048604736328125000e+02
6.402752685546875000e+02
6.213934326171875000e+02
3.205409851074218750e+02
5.701784667968750000e+02
5.379515991210937500e+02
6.215648803710937500e+02
4.008211669921875000e+02
7.571626586914062500e+02
4.836822814941406250e+02
2.684261779785156250e+02
4.595968933105468750e+02
5.564672851562500000e+02
3.613064270019531250e+02
5.151535644531250000e+02
5.664981079101562500e+02
5.944121704101562500e+02
3.459932250976562500e+02
5.086201477050781250e+02
2.908692016601562500e+02
1.314313049316406250e+02
4.585205383300781250e+02
2.939995422363281250e+02
5.484737548828125000e+02
4.673876953125000000e+02
4.297643737792968750e+02
2.853785095214843750e+02
6.979230957031250000e+02
5.938708496093750000e+02
5.964290771484375000e+02
4.077539062500000000e+02
5.142083358764648438e+01
4.261510009765625000e+02
2.757198791503906250e+02
2.995787963867187500e+02
4.898859863281250000e+02
6.572734375000000000e+02
2.627884521484375000e+02
3.722425842285156250e+02
8.922131347656250000e+01
5.396116943359375000e+02
6.706665649414062500e+02
7.159309082031250000e+02
2.648883361816406250e+02
7.939899291992187500e+02
2.076525573730468750e+02
1.574615783691406250e+02
4.049238891601562500e+02
6.841665649414062500e+02
5.183934326171875000e+02
4.821499328613281250e+02
5.785682373046875000e+02
1.591720581054687500e+02
4.702043457031250000e+02
3.342879943847656250e+02
1.092755126953125000e+03
3.751545410156250000e+02
9.256813354492187500e+02
4.088717956542968750e+02
7.065967407226562500e+02
5.779870605468750000e+02
3.158184204101562500e+02
1.882238159179687500e+02
4.394166259765625000e+02
4.762482910156250000e+02
1.107975692749023438e+02
5.198180541992187500e+02
2.410973358154296875e+02
4.396371765136718750e+02
4.797722778320312500e+02
8.301697998046875000e+02
5.635822753906250000e+02
4.026611022949218750e+02
6.315305175781250000e+02
4.652559814453125000e+02
2.944353637695312500e+02
8.062711181640625000e+02
3.615130004882812500e+02
3.348063659667968750e+02
1.374909515380859375e+02
9.168096923828125000e+02
2.698419799804687500e+02
6.418327636718750000e+02
5.472897949218750000e+02
3.617829284667968750e+02
3.685769653320312500e+02
3.491004943847656250e+02
4.279547729492187500e+02
4.375258483886718750e+02
2.969635314941406250e+02
4.645810241699218750e+02
4.280437622070312500e+02
5.938671264648437500e+02
4.222567443847656250e+02
2.251581878662109375e+02
4.107193298339843750e+02
3.170361022949218750e+02
5.208017578125000000e+02
7.438188476562500000e+02
1.403518981933593750e+02
2.780342407226562500e+02
1.015667907714843750e+03
4.461051635742187500e+02
5.473253173828125000e+02
1.017433288574218750e+03
6.473995971679687500e+02
2.883204650878906250e+02
3.180455932617187500e+02
4.632370910644531250e+02
2.843046875000000000e+02
4.361391906738281250e+02
3.495653991699218750e+02
6.772778930664062500e+02
5.677614135742187500e+02
2.280212860107421875e+02
1.884039611816406250e+02
5.971174316406250000e+02
1.797745666503906250e+02
4.381562500000000000e+02
2.996662292480468750e+02
4.195256652832031250e+02
8.093055419921875000e+02
3.374310607910156250e+02
4.889129028320312500e+02
1.793212127685546875e+02
4.503127136230468750e+02
5.524632568359375000e+02
1.850683898925781250e+02
4.822000122070312500e+02
6.472035522460937500e+02
3.259055786132812500e+02
2.141731109619140625e+02
1.044630737304687500e+03
6.604524536132812500e+02
5.159727172851562500e+02
5.919190063476562500e+02
4.117676696777343750e+02
4.438257446289062500e+02
3.736424255371093750e+02
4.534973449707031250e+02
5.028863830566406250e+02
5.203479003906250000e+02
3.019561462402343750e+02
5.917389526367187500e+02
7.031351928710937500e+02
1.073902465820312500e+03
1.146962661743164062e+02
8.493176269531250000e+02
5.039157714843750000e+02
2.348305969238281250e+02
1.265766143798828125e+02
5.926870117187500000e+02
5.145744018554687500e+02
4.173234558105468750e+02
1.424971466064453125e+02
6.613916015625000000e+02
6.272541503906250000e+02
3.541038513183593750e+02
4.974726562500000000e+02
1.907984771728515625e+02
3.934387207031250000e+02
3.751979064941406250e+02
5.199548339843750000e+02
8.535275268554687500e+02
8.706925048828125000e+02
4.727799072265625000e+02
5.615493164062500000e+02
4.393414611816406250e+02
7.075619506835937500e+02
3.671768798828125000e+02
7.145504760742187500e+02
2.994407653808593750e+02
6.931421508789062500e+02
2.190821533203125000e+02
1.050769897460937500e+03
8.373260498046875000e+02
1.887508697509765625e+02
2.886968078613281250e+02
5.536519165039062500e+02
4.276703491210937500e+02
2.893179626464843750e+02
5.190570678710937500e+02
3.838360595703125000e+02
3.808887634277343750e+02
5.104091186523437500e+02
6.654585571289062500e+02
4.987104797363281250e+02
1.782548522949218750e+02
3.629032897949218750e+02
3.695414733886718750e+02
4.420585937500000000e+02
5.914163818359375000e+02
5.069406738281250000e+02
3.892999572753906250e+02
3.582694396972656250e+02
7.489262084960937500e+02
5.476680908203125000e+02
1.590419769287109375e+02
5.534987792968750000e+02
5.127514038085937500e+02
4.590577087402343750e+02
6.325783081054687500e+02
1.714909301757812500e+03
4.273096008300781250e+02
3.524782714843750000e+02
4.395416259765625000e+02
9.171753540039062500e+02
3.820393371582031250e+02
2.919082336425781250e+02
3.366882629394531250e+02
7.274085693359375000e+02
2.929394531250000000e+02
4.252360229492187500e+02
4.138624572753906250e+02
3.026912536621093750e+02
3.399804077148437500e+02
2.634033813476562500e+02
8.719083862304687500e+02
1.274037399291992188e+02
6.565623779296875000e+02
3.354753112792968750e+02
2.523688201904296875e+02
6.316721801757812500e+02
3.193652038574218750e+02
4.448023376464843750e+02
7.216768798828125000e+02
6.314321289062500000e+02
3.484451293945312500e+02
2.174750976562500000e+02
4.807910156250000000e+02
1.171301498413085938e+02
2.341697235107421875e+02
4.301768188476562500e+02
5.738165283203125000e+02
6.928878173828125000e+02
4.542727355957031250e+02
3.005647277832031250e+02
4.814957580566406250e+02
4.541907348632812500e+02
3.475159912109375000e+02
2.658327941894531250e+02
5.340547485351562500e+02
4.622921447753906250e+02
6.064526367187500000e+02
2.277115020751953125e+02
1.735197296142578125e+02
2.858694763183593750e+02
8.241281127929687500e+02
7.138425292968750000e+02
2.702091369628906250e+02
2.252149200439453125e+02
2.708499145507812500e+02
5.141999511718750000e+02
3.505261840820312500e+02
3.921021728515625000e+02
2.385433349609375000e+02
2.785865478515625000e+02
5.014422607421875000e+02
8.234519653320312500e+02
9.108603515625000000e+02
2.515056457519531250e+02
7.268800659179687500e+02
4.580670776367187500e+02
4.028557739257812500e+02
5.544022827148437500e+02
4.208955993652343750e+02
3.683066101074218750e+02
9.216316528320312500e+02
3.758295593261718750e+02
7.599751586914062500e+02
3.147560119628906250e+02
7.966038208007812500e+02
5.031770324707031250e+02
2.563939514160156250e+02
9.076654052734375000e+01
3.769695434570312500e+02
1.861949310302734375e+02
5.387051391601562500e+02
5.782995605468750000e+02
4.789528503417968750e+02
5.405046997070312500e+02
4.496467590332031250e+02
3.955629577636718750e+02
2.117789306640625000e+02
4.196383666992187500e+02
1.438833465576171875e+02
3.330530090332031250e+02
4.148436584472656250e+02
1.723137207031250000e+02
3.713566894531250000e+02
2.655914611816406250e+02
1.983181610107421875e+02
3.310173950195312500e+02
4.196805419921875000e+02
2.210370483398437500e+02
4.710668945312500000e+02
3.332249755859375000e+02
3.721207885742187500e+02
3.621239013671875000e+02
4.483330383300781250e+02
6.574693603515625000e+02
3.152895202636718750e+02
5.262715454101562500e+02
5.422595825195312500e+02
3.553769226074218750e+02
2.123731079101562500e+02
3.484037475585937500e+02
2.744753112792968750e+02
3.288961181640625000e+02
3.517080383300781250e+02
9.300101928710937500e+02
7.799318237304687500e+02
3.601538696289062500e+02
3.324319152832031250e+02
3.827333068847656250e+02
6.564761352539062500e+02
2.642414550781250000e+02
1.512605712890625000e+03
4.262832946777343750e+02
5.025410461425781250e+02
6.138953247070312500e+02
9.299387207031250000e+02
2.648320312500000000e+02
6.028485107421875000e+02
6.565273437500000000e+02
3.084600219726562500e+02
4.341997070312500000e+02
3.913553466796875000e+02
6.019197387695312500e+02
3.090735473632812500e+02
2.501636505126953125e+02
9.968572998046875000e+02
2.955793151855468750e+02
2.955738525390625000e+02
3.025769958496093750e+02
3.666582336425781250e+02
5.581407470703125000e+02
3.731132812500000000e+02
7.608260498046875000e+02
5.439407958984375000e+02
1.946292877197265625e+02
4.802062988281250000e+02
5.401838989257812500e+02
5.936271972656250000e+02
1.838182830810546875e+02
6.575726928710937500e+02
1.449207458496093750e+02
4.433581848144531250e+02
3.070994567871093750e+02
5.482771606445312500e+02
7.087014160156250000e+02
5.469489746093750000e+02
2.868092041015625000e+02
4.800297851562500000e+02
2.275727081298828125e+02
3.439187622070312500e+02
4.016719665527343750e+02
5.094981079101562500e+02
2.780599365234375000e+02
5.170428466796875000e+02
5.488726196289062500e+02
4.618459167480468750e+02
2.367257843017578125e+02
3.281990051269531250e+02
5.101850280761718750e+02
7.216661987304687500e+02
5.287669677734375000e+02
2.210190582275390625e+02
2.051496124267578125e+02
3.853839111328125000e+02
4.364273986816406250e+02
2.834582824707031250e+02
4.639436950683593750e+02
3.191235656738281250e+02
2.658583679199218750e+02
4.699390869140625000e+02
4.355526733398437500e+02
5.073774108886718750e+02
2.146726684570312500e+02
4.183870849609375000e+02
5.931864013671875000e+02
1.960434417724609375e+02
6.872307739257812500e+02
3.274871215820312500e+02
4.409364929199218750e+02
4.762322387695312500e+02
3.265317687988281250e+02
2.684765930175781250e+02
1.873007659912109375e+02
3.851549987792968750e+02
9.395158081054687500e+02
1.551875305175781250e+02
3.756365356445312500e+02
3.646719360351562500e+02
6.402355346679687500e+02
3.904870605468750000e+02
6.755718383789062500e+02
3.579691772460937500e+02
3.717044372558593750e+02
4.241546325683593750e+02
3.446517944335937500e+02
4.174413146972656250e+02
6.995950317382812500e+02
3.568607788085937500e+02
5.326999511718750000e+02
2.839694519042968750e+02
2.302733306884765625e+02
1.944633026123046875e+02
2.836594238281250000e+02
3.278441467285156250e+02
3.912782897949218750e+02
2.785605163574218750e+02
2.822370605468750000e+02
1.909335327148437500e+02
1.272925567626953125e+02
2.514223937988281250e+02
4.338625183105468750e+02
4.323692932128906250e+02
4.132470703125000000e+02
3.024127807617187500e+02
3.949867858886718750e+02
4.561888427734375000e+02
4.677888183593750000e+02
3.547663879394531250e+02
8.464687500000000000e+02
4.364554443359375000e+02
4.414139709472656250e+02
4.196119689941406250e+02
5.620656738281250000e+02
1.039891510009765625e+02
4.555099182128906250e+02
5.828506469726562500e+02
4.920472717285156250e+02
3.904265441894531250e+02
5.057295837402343750e+02
6.737301025390625000e+02
1.398821533203125000e+03
5.322299804687500000e+02
1.067974731445312500e+03
1.946472320556640625e+02
3.060630798339843750e+02
7.765409545898437500e+02
2.543543701171875000e+02
8.619343872070312500e+02
7.995592041015625000e+02
2.697602844238281250e+02
3.154312438964843750e+02
1.995567779541015625e+02
4.718568725585937500e+02
7.417030029296875000e+02
1.725156097412109375e+02
3.235625000000000000e+02
3.923464050292968750e+02
5.034378356933593750e+02
2.155397949218750000e+02
1.847406463623046875e+02
5.613264770507812500e+02
6.567786865234375000e+02
3.520240478515625000e+02
6.484953002929687500e+02
4.912366943359375000e+02
1.935997619628906250e+02
5.463546752929687500e+02
4.534544982910156250e+02
4.373272399902343750e+02
7.382835693359375000e+02
4.327415771484375000e+02
7.937114868164062500e+02
4.834070434570312500e+02
6.398670654296875000e+02
1.870778656005859375e+02
4.184885864257812500e+02
4.693204040527343750e+02
2.089676208496093750e+02
5.223574218750000000e+02
3.332731628417968750e+02
3.975580749511718750e+02
7.130809326171875000e+02
4.589884033203125000e+02
7.208720703125000000e+02
4.830850524902343750e+02
3.975049438476562500e+02
4.075924682617187500e+02
6.338720703125000000e+02
3.832730712890625000e+02
3.566308288574218750e+02
4.165697021484375000e+02
4.109975585937500000e+02
2.497571411132812500e+02
6.600087890625000000e+02
2.098480987548828125e+02
4.727869873046875000e+02
8.254348754882812500e+02
4.973744506835937500e+02
4.047608947753906250e+02
3.726144104003906250e+02
6.778492431640625000e+02
5.137134399414062500e+02
4.521087036132812500e+02
8.206221771240234375e+01
4.550767211914062500e+02
5.384909667968750000e+02
6.468062744140625000e+02
5.526356201171875000e+02
3.263103942871093750e+02
7.658322753906250000e+02
4.544349975585937500e+02
2.189948272705078125e+02
2.681378784179687500e+02
4.231235961914062500e+02
4.759516906738281250e+02
4.490865173339843750e+02
2.654195861816406250e+02
4.809668273925781250e+02
5.945680541992187500e+02
6.418710937500000000e+02
1.510805969238281250e+02
2.318240356445312500e+02
3.472871398925781250e+02
4.121228027343750000e+02
7.307127380371093750e+01
3.413196411132812500e+02
4.668222656250000000e+02
3.337896423339843750e+02
5.253016967773437500e+02
4.290730895996093750e+02
2.420199432373046875e+02
3.452573547363281250e+02
4.430406494140625000e+02
4.872026367187500000e+02
2.152000885009765625e+02
5.534177246093750000e+02
1.921441650390625000e+02
3.044201354980468750e+02
4.760424804687500000e+02
3.387314453125000000e+02
4.654234924316406250e+02
4.466831665039062500e+02
4.495461120605468750e+02
6.854787597656250000e+02
5.764948120117187500e+02
1.025658569335937500e+03
7.342766723632812500e+02
4.628392639160156250e+02
5.631458129882812500e+02
6.845024414062500000e+02
6.742170410156250000e+02
2.604557189941406250e+02
6.494323730468750000e+02
4.789683837890625000e+02
6.091403808593750000e+02
5.444108276367187500e+02
3.591930541992187500e+02
5.720394287109375000e+02
2.828840332031250000e+02
1.508134307861328125e+02
1.544448699951171875e+02
2.501068878173828125e+02
3.855884704589843750e+02
1.640407104492187500e+02
7.753013305664062500e+02
6.903330078125000000e+02
4.804527282714843750e+02
2.360149383544921875e+02
3.487938232421875000e+02
2.612578430175781250e+02
3.426842346191406250e+02
3.093189697265625000e+02
3.402223205566406250e+02
4.923150939941406250e+02
8.962465820312500000e+02
9.195682373046875000e+02
2.885356445312500000e+02
2.467013397216796875e+02
2.013686828613281250e+02
6.653972167968750000e+02
7.550865478515625000e+02
3.072899780273437500e+02
2.867525634765625000e+02
3.078655090332031250e+02
1.680776367187500000e+02
6.739823608398437500e+02
5.470728759765625000e+02
3.221199340820312500e+02
7.207614135742187500e+02
4.251162109375000000e+02
1.947745513916015625e+02
6.514047241210937500e+02
3.551949462890625000e+02
9.689314575195312500e+02
5.298667602539062500e+02
9.779707031250000000e+02
4.801760559082031250e+02
1.173533935546875000e+03
1.956972503662109375e+02
7.883627319335937500e+02
1.181342086791992188e+02
1.860173187255859375e+02
4.447800903320312500e+02
6.588849487304687500e+02
6.927618408203125000e+02
5.771012573242187500e+02
3.842454528808593750e+02
3.587630615234375000e+02
2.483767395019531250e+02
5.626887817382812500e+02
2.924311828613281250e+02
5.278814697265625000e+02
3.704587097167968750e+02
6.367803344726562500e+02
3.609352111816406250e+02
2.144855499267578125e+02
6.291424560546875000e+02
3.758483581542968750e+02
3.215393981933593750e+02
3.635304260253906250e+02
6.041101074218750000e+02
4.478963623046875000e+02
2.786497192382812500e+02
7.419351196289062500e+02
1.337033996582031250e+02
1.109553833007812500e+03
3.334192810058593750e+02
2.224756164550781250e+02
7.045538940429687500e+02
1.032776855468750000e+03
4.267839355468750000e+02
3.478273315429687500e+02
2.977455749511718750e+02
1.830305328369140625e+02
4.344977416992187500e+02
6.681449584960937500e+02
2.420078430175781250e+02
6.590342407226562500e+02
5.996815795898437500e+02
8.048471069335937500e+02
5.552022705078125000e+02
5.547567749023437500e+02
2.968674316406250000e+02
4.301946411132812500e+02
4.537037658691406250e+02
9.362562866210937500e+02
4.915800476074218750e+02
4.658856506347656250e+02
1.518293762207031250e+02
6.045764160156250000e+02
1.613150634765625000e+02
2.572715759277343750e+02
2.125991516113281250e+02
8.211737670898437500e+02
6.192986450195312500e+02
6.009752197265625000e+02
3.883786010742187500e+02
3.746296386718750000e+02
4.349289855957031250e+02
5.388502807617187500e+02
5.090954284667968750e+02
5.176638183593750000e+02
4.207777709960937500e+02
6.900430908203125000e+02
2.218581695556640625e+02
5.806719360351562500e+02
4.461603088378906250e+02
4.472883911132812500e+02
4.573943176269531250e+02
6.039147338867187500e+02
5.532512207031250000e+02
5.318596191406250000e+02
4.542307434082031250e+02
5.287979736328125000e+02
2.201766052246093750e+02
4.162897644042968750e+02
4.065932312011718750e+02
7.691250610351562500e+02
3.870115966796875000e+02
3.221813659667968750e+02
4.161526794433593750e+02
3.369027404785156250e+02
6.619487304687500000e+02
7.219721679687500000e+02
2.332431030273437500e+02
2.387698516845703125e+02
8.554368286132812500e+02
1.134708740234375000e+03
6.437828369140625000e+02
6.723234252929687500e+02
4.551633911132812500e+02
1.972610168457031250e+02
7.161920166015625000e+02
5.622698974609375000e+02
1.612921752929687500e+02
2.916256713867187500e+02
6.540884399414062500e+02
4.034356994628906250e+02
5.627496337890625000e+02
5.531232299804687500e+02
6.173845214843750000e+02
5.438324584960937500e+02
3.720243225097656250e+02
1.406148681640625000e+02
3.141100158691406250e+02
6.048014526367187500e+02
5.257501831054687500e+02
6.045636596679687500e+02
4.070802307128906250e+02
3.149557800292968750e+02
5.838372802734375000e+02
3.125708312988281250e+02
1.273589706420898438e+02
3.622079772949218750e+02
4.553585205078125000e+02
2.423436737060546875e+02
3.375574035644531250e+02
6.206326904296875000e+02
6.367106323242187500e+02
4.354157714843750000e+02
3.519956970214843750e+02
3.951964416503906250e+02
4.953630065917968750e+02
5.890480957031250000e+02
4.073574523925781250e+02
1.240178955078125000e+03
2.713755493164062500e+02
3.854308471679687500e+02
3.751295166015625000e+02
5.059787902832031250e+02
2.684780273437500000e+02
3.384409179687500000e+02
2.260058746337890625e+02
3.007423400878906250e+02
4.104260559082031250e+02
5.085726318359375000e+02
4.524371032714843750e+02
3.491814575195312500e+02
5.618704833984375000e+02
4.437668457031250000e+02
4.962024230957031250e+02
2.083998413085937500e+02
3.081413574218750000e+02
5.794631347656250000e+02
4.244375305175781250e+02
6.364234008789062500e+02
7.988694458007812500e+02
6.342066650390625000e+02
5.278888549804687500e+02
3.949649047851562500e+02
5.522973022460937500e+02
6.650049438476562500e+02
2.917733764648437500e+02
8.683855590820312500e+02
5.922990722656250000e+02
4.929536437988281250e+02
9.554073486328125000e+02
7.646118164062500000e+02
3.241496582031250000e+02
4.536691284179687500e+02
3.324757080078125000e+02
6.134685058593750000e+02
3.066802368164062500e+02
3.895649719238281250e+02
7.741914672851562500e+02
5.809091186523437500e+02
2.367316436767578125e+02
6.618120117187500000e+02
1.577462768554687500e+02
3.558664855957031250e+02
3.989360961914062500e+02
6.989627075195312500e+02
6.893557128906250000e+02
3.502737426757812500e+02
2.686051940917968750e+02
4.799128723144531250e+02
4.490133666992187500e+02
3.314268493652343750e+02
3.702396545410156250e+02
3.321556091308593750e+02
5.631875000000000000e+02
2.052487030029296875e+02
4.671852722167968750e+02
5.849710083007812500e+02
2.724414367675781250e+02
2.057447052001953125e+02
3.508732604980468750e+02
4.380365905761718750e+02
5.390210571289062500e+02
4.751488647460937500e+02
3.318464965820312500e+02
6.445619506835937500e+02
2.703361511230468750e+02
3.986948547363281250e+02
1.100603027343750000e+03
2.076456756591796875e+02
2.120644226074218750e+02
5.100550842285156250e+02
4.647195739746093750e+02
2.668775329589843750e+02
5.732977294921875000e+02
2.840843811035156250e+02
2.113989868164062500e+02
4.307176513671875000e+02
5.009282226562500000e+02
3.664768066406250000e+02
2.591438903808593750e+02
3.478016052246093750e+02
5.390832519531250000e+02
2.899492187500000000e+02
4.142207641601562500e+02
6.644340209960937500e+02
6.713442382812500000e+02
2.663652648925781250e+02
2.767677612304687500e+02
9.319006958007812500e+02
2.064264526367187500e+02
2.802769470214843750e+02
4.231293640136718750e+02
6.230745239257812500e+02
6.253545532226562500e+02
1.501921081542968750e+02
6.978232421875000000e+02
3.350227966308593750e+02
3.149260559082031250e+02
8.023195800781250000e+02
5.026117858886718750e+02
2.392806243896484375e+02
5.029198913574218750e+02
2.781119384765625000e+02
9.297445068359375000e+02
7.955797729492187500e+02
3.611968688964843750e+02
8.338765258789062500e+02
2.361455688476562500e+02
4.340979919433593750e+02
4.727489624023437500e+02
3.741834411621093750e+02
1.454743652343750000e+02
3.588315734863281250e+02
3.462199401855468750e+02
7.896959838867187500e+02
5.116151123046875000e+02
2.773366088867187500e+02
3.203979797363281250e+02
8.515413208007812500e+02
5.642748413085937500e+02
6.582855224609375000e+02
6.665286865234375000e+02
2.839435119628906250e+02
3.469179382324218750e+02
6.779022216796875000e+02
5.863352050781250000e+02
7.014266357421875000e+02
3.551311035156250000e+02
5.041176147460937500e+02
6.896798706054687500e+02
3.792935180664062500e+02
2.464282379150390625e+02
4.928385314941406250e+02
5.572318115234375000e+02
6.319293212890625000e+02
6.491944885253906250e+01
8.081150512695312500e+02
2.798856201171875000e+02
2.894991149902343750e+02
4.633449401855468750e+02
4.441604919433593750e+02
8.420574951171875000e+01
6.123922729492187500e+02
4.760280761718750000e+02
6.373510131835937500e+02
3.002542724609375000e+02
4.424685668945312500e+02
1.512670898437500000e+02
1.294558715820312500e+02
5.466933593750000000e+02
8.847032165527343750e+01
5.097778625488281250e+02
7.719025878906250000e+02
3.606653442382812500e+02
8.597459716796875000e+02
3.073656005859375000e+02
1.115613281250000000e+03
6.746255493164062500e+02
1.555323944091796875e+02
3.881653137207031250e+02
2.267739105224609375e+02
3.818170471191406250e+02
5.148446044921875000e+02
9.668776855468750000e+02
5.747489013671875000e+02
2.391342163085937500e+02
8.461966552734375000e+02
7.251234130859375000e+02
5.960623779296875000e+02
3.973783569335937500e+02
1.462178192138671875e+02
3.850780639648437500e+02
1.099331665039062500e+02
1.917555084228515625e+02
8.292161254882812500e+02
1.964236450195312500e+02
5.578532104492187500e+02
5.146107788085937500e+02
5.154104614257812500e+02
4.547122802734375000e+02
6.977485961914062500e+02
5.620377807617187500e+02
4.302630004882812500e+02
7.567658691406250000e+02
1.993386993408203125e+02
7.184791870117187500e+02
3.909796447753906250e+02
3.226649475097656250e+02
4.017915039062500000e+02
4.386499023437500000e+02
7.887419433593750000e+02
3.748664245605468750e+02
2.523071441650390625e+02
4.401288452148437500e+02
5.117956848144531250e+02
3.218094482421875000e+02
5.490038452148437500e+02
3.074330444335937500e+02
3.439573364257812500e+02
6.735422973632812500e+02
3.649293518066406250e+02
3.214979858398437500e+02
4.669055480957031250e+02
4.209901123046875000e+02
3.085770874023437500e+02
4.417376403808593750e+02
6.329939575195312500e+02
4.540284729003906250e+02
2.109483642578125000e+02
5.190989990234375000e+02
6.829223632812500000e+02
4.830680541992187500e+02
5.680535278320312500e+02
4.203440856933593750e+02
6.122083740234375000e+02
3.840915832519531250e+02
3.869960021972656250e+02
4.401637878417968750e+02
2.669387817382812500e+02
3.032355346679687500e+02
5.628870239257812500e+02
6.215843505859375000e+02
4.094963378906250000e+02
2.015488586425781250e+02
6.579744262695312500e+02
3.279898071289062500e+02
9.391797485351562500e+02
4.391351623535156250e+02
2.822699890136718750e+02
7.976762084960937500e+02
4.311579589843750000e+02
7.282764892578125000e+02
1.177247314453125000e+02
4.226734313964843750e+02
3.274436035156250000e+02
5.198766479492187500e+02
5.077654418945312500e+02
3.950503540039062500e+02
6.930150756835937500e+02
3.756829528808593750e+02
7.988782348632812500e+02
4.637094421386718750e+02
4.218417663574218750e+02
1.618930664062500000e+02
7.019839477539062500e+02
4.084060974121093750e+02
6.222720336914062500e+02
8.136322631835937500e+02
2.956466979980468750e+02
5.205739746093750000e+02
5.226204833984375000e+02
5.708389282226562500e+02
4.412593383789062500e+02
2.113199920654296875e+02
8.553358764648437500e+02
2.962531127929687500e+02
5.975626831054687500e+02
7.709768066406250000e+02
6.351914062500000000e+02
3.583908081054687500e+02
1.733204193115234375e+02
7.840684204101562500e+02
5.424472045898437500e+02
8.359004974365234375e+01
1.536559143066406250e+02
7.913006591796875000e+02
4.837070312500000000e+02
4.708722839355468750e+02
5.875394287109375000e+02
5.201523437500000000e+02
4.228323364257812500e+02
5.155514526367187500e+02
3.812815246582031250e+02
4.038820190429687500e+02
1.918951263427734375e+02
5.112478332519531250e+02
4.678116149902343750e+02
7.518698730468750000e+02
4.010312500000000000e+02
2.946616821289062500e+02
7.069474487304687500e+02
3.650139160156250000e+02
5.654505615234375000e+02
3.216769104003906250e+02
4.838848266601562500e+02
2.933811340332031250e+02
3.174326477050781250e+02
5.521736450195312500e+02
4.094652099609375000e+02
1.264035797119140625e+02
3.007505187988281250e+02
4.267557373046875000e+02
5.842122802734375000e+02
6.564317321777343750e+01
5.534035034179687500e+02
6.286177368164062500e+02
5.373981323242187500e+02
3.031480712890625000e+02
5.890614013671875000e+02
2.695617370605468750e+02
4.372944030761718750e+02
2.252584533691406250e+02
5.193696899414062500e+02
1.575854797363281250e+02
2.864937438964843750e+02
1.799271545410156250e+02
5.084264221191406250e+02
2.144893951416015625e+02
3.649819335937500000e+02
2.421079864501953125e+02
6.867723388671875000e+02
6.971995849609375000e+02
3.845916442871093750e+02
3.377416381835937500e+02
2.190273895263671875e+02
2.336054077148437500e+02
5.199050292968750000e+02
2.105437927246093750e+02
5.196682128906250000e+02
3.240334167480468750e+02
6.271637573242187500e+02
6.247425537109375000e+02
1.531553497314453125e+02
3.555007934570312500e+02
5.838479003906250000e+02
1.662581024169921875e+02
4.478858947753906250e+02
3.308816223144531250e+02
3.585375366210937500e+02
5.858632202148437500e+02
4.096726989746093750e+02
7.541478881835937500e+02
4.957571716308593750e+02
3.328679809570312500e+02
2.202311706542968750e+02
4.535155029296875000e+02
5.635788574218750000e+02
3.822086791992187500e+02
2.073812561035156250e+02
3.865570678710937500e+02
5.018932800292968750e+02
6.349913330078125000e+02
1.036630126953125000e+03
1.500070190429687500e+02
7.474552612304687500e+02
4.307330017089843750e+02
4.015973815917968750e+02
4.755933532714843750e+02
1.229407104492187500e+03
5.727401123046875000e+02
4.242861022949218750e+02
3.785081481933593750e+02
5.233859863281250000e+02
6.931436157226562500e+02
6.385828247070312500e+02
4.345269470214843750e+02
4.870816955566406250e+02
3.825418395996093750e+02
3.410949401855468750e+02
2.369966735839843750e+02
8.839022216796875000e+02
3.848998718261718750e+02
8.325646362304687500e+02
4.028505554199218750e+02
6.576308593750000000e+02
2.393481140136718750e+02
7.745761108398437500e+02
2.254654541015625000e+02
6.412893676757812500e+02
1.944740905761718750e+02
4.681017456054687500e+02
2.172908477783203125e+02
6.248643188476562500e+02
4.802824401855468750e+02
3.668082885742187500e+02
5.727496337890625000e+02
2.698348083496093750e+02
5.457631225585937500e+02
5.260266113281250000e+02
5.483289794921875000e+02
4.204409179687500000e+02
4.347662963867187500e+02
8.254923095703125000e+02
1.296675262451171875e+02
5.688341064453125000e+02
4.039046325683593750e+02
4.692303161621093750e+02
1.106944213867187500e+03
5.342901000976562500e+02
6.194354248046875000e+02
4.744589233398437500e+02
5.397897338867187500e+02
2.863766479492187500e+02
5.918997802734375000e+02
8.944691162109375000e+02
4.144477844238281250e+02
3.485118103027343750e+02
7.321153564453125000e+02
4.783388366699218750e+02
1.325847015380859375e+02
5.871208496093750000e+02
3.835260009765625000e+02
1.873260498046875000e+02
3.403348388671875000e+02
2.448329162597656250e+02
2.417287445068359375e+02
4.851568603515625000e+02
3.157222595214843750e+02
4.714263305664062500e+02
2.944378051757812500e+02
1.827588653564453125e+02
5.156969604492187500e+02
3.198419189453125000e+02
2.130348663330078125e+02
4.810979003906250000e+02
6.776346435546875000e+02
2.405751037597656250e+02
7.280628662109375000e+02
4.791879882812500000e+02
1.815413513183593750e+02
2.470010528564453125e+02
3.556074523925781250e+02
3.987349853515625000e+02
1.635273437500000000e+02
4.836657104492187500e+02
6.194532470703125000e+02
5.676239013671875000e+02
4.227547912597656250e+02
5.447415161132812500e+02
2.057255706787109375e+02
9.074322509765625000e+02
4.023318481445312500e+02
1.479309692382812500e+02
6.593322143554687500e+02
2.701882019042968750e+02
4.741855163574218750e+02
5.626251831054687500e+02
3.618593139648437500e+02
6.437441406250000000e+02
3.213167419433593750e+02
6.023146362304687500e+02
6.825281982421875000e+02
5.228811645507812500e+02
1.319018554687500000e+02
4.897628784179687500e+02
6.280086059570312500e+02
4.617360534667968750e+02
6.954810180664062500e+02
4.959289245605468750e+02
3.174205932617187500e+02
6.237807006835937500e+02
3.016629028320312500e+02
3.632171325683593750e+02
4.251935119628906250e+02
3.477500000000000000e+02
4.774159240722656250e+02
5.431719970703125000e+02
4.403913269042968750e+02
2.811389770507812500e+02
5.343493041992187500e+02
3.206797485351562500e+02
4.242379760742187500e+02
8.828278350830078125e+01
6.550571289062500000e+02
3.622971191406250000e+02
4.492707214355468750e+02
3.492867431640625000e+02
3.990222473144531250e+02
1.049211547851562500e+03
3.772304382324218750e+02
4.809402160644531250e+02
1.820456085205078125e+02
5.903052978515625000e+02
3.832161560058593750e+02
4.485924377441406250e+02
2.695030517578125000e+02
4.161359558105468750e+02
7.627315063476562500e+02
1.781891937255859375e+02
5.532371826171875000e+02
5.818992309570312500e+02
5.219644165039062500e+02
4.612300720214843750e+02
1.939513702392578125e+02
3.366272277832031250e+02
1.985855560302734375e+02
5.291437988281250000e+02
2.858505249023437500e+02
2.209522857666015625e+02
4.392265319824218750e+02
5.763609008789062500e+02
1.529695587158203125e+02
4.696442565917968750e+02
5.220991210937500000e+02
6.831275024414062500e+02
4.349283752441406250e+02
6.334640502929687500e+02
6.002435302734375000e+02
4.680942993164062500e+02
7.011064453125000000e+02
8.407931518554687500e+02
2.934812316894531250e+02
5.489941406250000000e+02
1.166330108642578125e+02
5.224744873046875000e+02
5.413262939453125000e+02
4.889236755371093750e+02
5.748109130859375000e+02
4.905208740234375000e+02
3.669124450683593750e+02
9.080785522460937500e+02
2.809262084960937500e+02
4.262291870117187500e+02
3.465778808593750000e+02
3.365637512207031250e+02
6.217111206054687500e+02
3.984010620117187500e+02
2.553609924316406250e+02
5.423462524414062500e+02
2.438604125976562500e+02
2.760274963378906250e+02
3.023154296875000000e+02
3.924204406738281250e+02
2.128907928466796875e+02
6.914210205078125000e+02
3.393053283691406250e+02
3.823863220214843750e+02
3.827677307128906250e+02
4.120935058593750000e+02
7.403578491210937500e+02
2.794943847656250000e+02
1.490507507324218750e+02
7.056209106445312500e+02
3.065375061035156250e+02
2.461276245117187500e+02
2.394495849609375000e+02
3.923817443847656250e+02
2.662008056640625000e+02
3.606900939941406250e+02
6.143838500976562500e+02
5.073563232421875000e+02
4.680556335449218750e+02
2.161975402832031250e+02
6.086763305664062500e+02
5.088928527832031250e+02
2.589672546386718750e+02
5.146041259765625000e+02
8.267719116210937500e+02
2.349221649169921875e+02
1.572089996337890625e+02
4.795809020996093750e+02
7.331939697265625000e+02
2.705204162597656250e+02
8.207824707031250000e+02
3.049294738769531250e+02
5.662156982421875000e+02
3.132090454101562500e+02
7.677883911132812500e+02
5.894208984375000000e+02
5.487001953125000000e+02
3.048892822265625000e+02
6.199611816406250000e+02
3.695191650390625000e+02
6.197539672851562500e+02
9.352496948242187500e+02
3.505211181640625000e+02
2.131295318603515625e+02
1.100742263793945312e+02
3.801106567382812500e+02
7.041900024414062500e+02
1.307939147949218750e+02
3.322253723144531250e+02
6.388925781250000000e+02
1.157190933227539062e+02
2.687630004882812500e+02
5.376301879882812500e+02
6.572399291992187500e+02
4.742074584960937500e+02
2.672557373046875000e+02
8.614138183593750000e+02
4.739103393554687500e+02
3.380242309570312500e+02
9.341165161132812500e+02
5.675062255859375000e+02
7.723983154296875000e+02
1.588801727294921875e+02
8.148233642578125000e+02
7.701405029296875000e+02
3.020817260742187500e+02
7.394808349609375000e+02
5.174525146484375000e+02
2.897616271972656250e+02
1.649707794189453125e+02
3.897982482910156250e+02
3.738337402343750000e+02
1.309403076171875000e+02
5.959924316406250000e+02
5.417553710937500000e+02
4.158133850097656250e+02
3.273382568359375000e+02
6.772492675781250000e+02
1.057516326904296875e+02
2.382532958984375000e+02
3.302912902832031250e+02
4.018851623535156250e+02
4.407863159179687500e+02
5.300182495117187500e+02
3.555915527343750000e+02
7.532655239105224609e+00
3.208094787597656250e+02
5.757584838867187500e+02
3.427336425781250000e+02
2.277944488525390625e+02
2.082314453125000000e+02
3.491869506835937500e+02
4.957871704101562500e+02
4.277787170410156250e+02
6.493017578125000000e+02
4.899313964843750000e+02
7.388502197265625000e+02
4.453542480468750000e+02
5.779031372070312500e+02
1.811976165771484375e+02
2.483876190185546875e+02
3.741293640136718750e+02
3.525577392578125000e+02
5.292324218750000000e+02
1.648864440917968750e+02
4.751823425292968750e+02
4.734245605468750000e+02
3.482015380859375000e+02
8.958607482910156250e+01
5.904143066406250000e+02
3.575871887207031250e+02
3.298864135742187500e+02
5.039704284667968750e+02
4.765413818359375000e+02
5.338395996093750000e+02
5.243297119140625000e+02
8.199766845703125000e+02
5.443376464843750000e+02
2.691607055664062500e+02
3.836246643066406250e+02
5.532753295898437500e+02
1.016490905761718750e+03
3.858716735839843750e+02
2.595344238281250000e+02
2.807981872558593750e+02
3.825822143554687500e+02
1.446982269287109375e+02
3.709408569335937500e+02
4.735195007324218750e+02
2.134763946533203125e+02
2.688531494140625000e+02
8.508150634765625000e+02
9.845128784179687500e+02
5.730059204101562500e+02
4.875710144042968750e+02
6.032854614257812500e+02
4.977326354980468750e+02
5.162346191406250000e+02
1.865500488281250000e+02
4.530490417480468750e+02
3.395278625488281250e+02
4.707778930664062500e+02
3.280148010253906250e+02
3.359534606933593750e+02
6.966994018554687500e+02
2.246785125732421875e+02
5.301324462890625000e+02
1.975084838867187500e+02
6.369632720947265625e+01
3.432798461914062500e+02
5.848674316406250000e+02
3.537596740722656250e+02
6.229535522460937500e+02
2.448510894775390625e+02
5.031491088867187500e+02
4.923028259277343750e+02
5.767687988281250000e+02
2.960248413085937500e+02
4.813392944335937500e+02
1.706855010986328125e+02
5.815288696289062500e+02
8.468543090820312500e+02
1.226831665039062500e+02
2.480859527587890625e+02
4.688003234863281250e+02
4.487152404785156250e+02
5.445941162109375000e+02
4.182547302246093750e+02
2.714968872070312500e+02
6.910814819335937500e+02
5.141367797851562500e+02
1.560868835449218750e+02
6.170389404296875000e+02
4.172855834960937500e+02
6.903233642578125000e+02
3.952622375488281250e+02
4.801439208984375000e+02
3.510115356445312500e+02
1.046689941406250000e+03
3.254557189941406250e+02
5.000549011230468750e+02
6.401182250976562500e+02
5.385770874023437500e+02
3.455966186523437500e+02
3.502554931640625000e+02
4.377939453125000000e+02
3.240879211425781250e+02
2.830752563476562500e+02
3.721166992187500000e+02
1.995189361572265625e+02
6.017896118164062500e+02
2.052638702392578125e+02
6.842614746093750000e+02
5.554575195312500000e+02
3.970503234863281250e+02
4.332803344726562500e+02
8.595957641601562500e+02
3.360877990722656250e+02
2.055521087646484375e+02
8.162735595703125000e+02
6.193784790039062500e+02
6.398576660156250000e+02
5.291406250000000000e+02
6.790971679687500000e+02
4.527533874511718750e+02
3.744884033203125000e+02
3.130833740234375000e+02
4.102587280273437500e+02
2.959433593750000000e+02
5.462455444335937500e+02
3.072959594726562500e+02
3.452913513183593750e+02
3.709809265136718750e+02
5.470000000000000000e+02
6.070528564453125000e+02
5.947016601562500000e+02
2.692702026367187500e+02
4.558236389160156250e+02
5.891508178710937500e+02
4.748946838378906250e+02
3.753286743164062500e+02
4.763800048828125000e+02
5.578291625976562500e+02
6.712051391601562500e+02
7.658467407226562500e+02
4.406278686523437500e+02
5.379048461914062500e+02
9.335319824218750000e+02
6.540479125976562500e+02
4.109450378417968750e+02
6.549998779296875000e+02
4.598068542480468750e+02
3.529960632324218750e+02
3.015406188964843750e+02
2.852295837402343750e+02
3.748080444335937500e+02
4.191240539550781250e+02
6.133200073242187500e+02
5.660921020507812500e+02
4.538125610351562500e+02
3.292397460937500000e+02
1.933280029296875000e+02
7.594499511718750000e+02
5.045408325195312500e+02
4.706510620117187500e+02
2.815236511230468750e+02
3.370193481445312500e+02
1.816369628906250000e+02
3.230679321289062500e+02
5.295936279296875000e+02
2.206443481445312500e+02
2.555701599121093750e+02
4.322600097656250000e+02
6.848912963867187500e+02
4.183171691894531250e+02
6.261864013671875000e+02
5.541831665039062500e+02
2.713089599609375000e+02
5.812573852539062500e+02
3.600173034667968750e+02
3.744345092773437500e+02
3.543840026855468750e+02
6.014037475585937500e+02
5.461133422851562500e+02
4.555858154296875000e+02
3.776308898925781250e+02
3.277881164550781250e+02
7.902986145019531250e+01
4.420499267578125000e+02
4.889710998535156250e+02
5.887138061523437500e+02
1.572655181884765625e+02
4.055404663085937500e+02
4.202123107910156250e+02
3.428721923828125000e+02
3.555234375000000000e+02
4.138261718750000000e+02
2.968424987792968750e+02
4.280747680664062500e+02
7.998424682617187500e+02
3.789199829101562500e+02
3.735597229003906250e+02
4.924179382324218750e+02
5.321866455078125000e+02
8.420578002929687500e+01
4.027982788085937500e+02
1.992335357666015625e+02
1.867615203857421875e+02
4.465248413085937500e+02
2.290052947998046875e+02
4.924354553222656250e+02
3.613517761230468750e+02
6.611650390625000000e+02
4.711354446411132812e+01
5.793563842773437500e+02
2.148485260009765625e+02
4.942686462402343750e+02
2.440246429443359375e+02
3.457151489257812500e+02
4.021295776367187500e+02
5.003067932128906250e+02
4.465408325195312500e+02
2.915969848632812500e+02
6.523263549804687500e+02
3.347185058593750000e+02
4.928323059082031250e+02
3.679331665039062500e+02
7.699595642089843750e+01
4.036062011718750000e+02
4.022039794921875000e+02
3.632960815429687500e+02
6.042491455078125000e+02
4.505951232910156250e+02
2.755997314453125000e+02
1.964936828613281250e+02
5.133767700195312500e+02
2.083641815185546875e+02
6.840852661132812500e+02
1.266142349243164062e+02
2.448683166503906250e+02
2.142166748046875000e+02
2.967633666992187500e+02
5.213228149414062500e+02
5.041664123535156250e+02
3.999075012207031250e+02
4.267266845703125000e+02
6.029821777343750000e+02
7.070211791992187500e+01
3.183581848144531250e+02
1.537429504394531250e+02
5.052814025878906250e+02
5.181629028320312500e+02
6.846496582031250000e+02
7.251656494140625000e+02
2.474669494628906250e+02
3.090456237792968750e+02
4.558057861328125000e+02
3.345513000488281250e+02
5.472608032226562500e+02
4.242734375000000000e+02
2.923903198242187500e+02
5.197941894531250000e+02
4.046726684570312500e+02
3.691797485351562500e+02
3.662405395507812500e+02
8.170311889648437500e+02
5.362032470703125000e+02
3.498099670410156250e+02
1.765003662109375000e+02
6.013217163085937500e+02
2.665442810058593750e+02
3.856839904785156250e+02
2.965419006347656250e+02
9.929855346679687500e+02
4.438963317871093750e+02
6.403193359375000000e+02
5.189828491210937500e+02
5.017845153808593750e+02
4.501846923828125000e+02
4.446474304199218750e+02
5.323934936523437500e+02
2.072842559814453125e+02
2.127282714843750000e+02
2.535515594482421875e+02
3.324441833496093750e+02
2.982934265136718750e+02
3.177463378906250000e+02
4.830085144042968750e+02
3.244612731933593750e+02
4.362811584472656250e+02
5.081909790039062500e+02
7.324446411132812500e+02
2.851645507812500000e+02
7.488292236328125000e+02
6.570364379882812500e+02
7.160325927734375000e+02
6.277149047851562500e+02
2.927472534179687500e+02
7.285731201171875000e+02
3.332020263671875000e+02
4.947742919921875000e+02
5.012109680175781250e+02
1.209550933837890625e+02
5.833768310546875000e+02
6.626875000000000000e+02
5.997322387695312500e+02
3.874513549804687500e+02
1.693682403564453125e+02
3.820724792480468750e+02
2.722361145019531250e+02
4.562463684082031250e+02
7.301133422851562500e+02
3.782535400390625000e+02
3.033395996093750000e+02
1.496609344482421875e+02
3.648846435546875000e+02
5.081976623535156250e+02
2.847319641113281250e+02
3.610325622558593750e+02
4.897681579589843750e+02
9.196456909179687500e+01
3.239523315429687500e+02
2.675152282714843750e+02
1.913969421386718750e+02
5.036334838867187500e+02
3.602220764160156250e+02
4.591194763183593750e+02
7.527545166015625000e+02
3.068631591796875000e+02
8.088804931640625000e+02
5.792933349609375000e+02
4.407371826171875000e+02
2.891936950683593750e+02
5.032984924316406250e+02
6.301935424804687500e+02
1.735447998046875000e+02
6.007832031250000000e+02
2.264748840332031250e+02
5.010473937988281250e+02
3.233169250488281250e+02
3.387579345703125000e+02
7.169534912109375000e+02
1.082483749389648438e+02
5.738322753906250000e+02
4.039776000976562500e+02
4.824299621582031250e+02
4.919124755859375000e+02
2.720203857421875000e+02
2.750601501464843750e+02
4.881961059570312500e+02
5.219049682617187500e+02
5.719863891601562500e+02
2.998834533691406250e+02
8.686348266601562500e+02
3.207483520507812500e+02
4.144111022949218750e+02
8.541481933593750000e+02
9.865975341796875000e+02
1.413474731445312500e+03
6.554231567382812500e+02
1.131802246093750000e+03
4.725135803222656250e+02
5.407813720703125000e+02
4.594606933593750000e+02
3.961057434082031250e+02
3.438913879394531250e+02
2.846327819824218750e+02
6.519684448242187500e+02
2.778498535156250000e+02
5.057985534667968750e+02
2.651780090332031250e+02
8.958001708984375000e+02
3.302017822265625000e+02
7.838760986328125000e+02
5.459836425781250000e+02
4.742305603027343750e+02
4.586293334960937500e+02
3.591885681152343750e+02
2.826881103515625000e+02
5.151235351562500000e+02
1.268732421875000000e+03
6.465413818359375000e+02
9.049110717773437500e+02
4.760664978027343750e+02
4.196130065917968750e+02
5.377875976562500000e+02
6.561408081054687500e+02
5.686645507812500000e+02
4.223344039916992188e+01
2.813439636230468750e+02
2.690421142578125000e+02
4.642754516601562500e+02
3.590429077148437500e+02
4.108581237792968750e+02
4.312059631347656250e+02
3.794734191894531250e+02
1.433015747070312500e+02
5.598861083984375000e+02
3.991631774902343750e+02
2.500042572021484375e+02
3.873479614257812500e+02
1.992684783935546875e+02
4.912796020507812500e+02
7.244697875976562500e+02
4.389143066406250000e+02
5.828235473632812500e+02
2.803180847167968750e+02
3.997875061035156250e+02
2.659761657714843750e+02
4.492343444824218750e+02
5.099301452636718750e+02
5.836586914062500000e+02
5.039029541015625000e+02
4.995536499023437500e+02
2.065969390869140625e+02
1.576052856445312500e+02
4.117220764160156250e+02
4.411056823730468750e+02
3.453952026367187500e+02
5.664260864257812500e+02
5.983638916015625000e+02
4.229689941406250000e+02
4.901744079589843750e+02
4.891918029785156250e+02
4.840982360839843750e+02
2.439024658203125000e+02
4.927456665039062500e+02
3.635960083007812500e+02
2.286266899108886719e+01
8.409069213867187500e+02
4.891650390625000000e+02
3.643271179199218750e+02
5.155431518554687500e+02
4.444497070312500000e+02
6.959374237060546875e+01
4.838119812011718750e+02
2.407677764892578125e+02
3.774507141113281250e+02
4.333167419433593750e+02
2.720296325683593750e+02
3.749451904296875000e+02
1.047745483398437500e+03
4.239178466796875000e+02
1.213828277587890625e+02
3.779783325195312500e+02
4.113251953125000000e+02
4.403097839355468750e+02
2.717490234375000000e+02
3.005689086914062500e+02
5.182064208984375000e+02
8.272841186523437500e+02
6.302437744140625000e+02
4.809315185546875000e+02
4.157217102050781250e+02
4.261193847656250000e+02
3.278682861328125000e+02
4.781950683593750000e+02
3.568001403808593750e+02
6.053900146484375000e+02
4.668101806640625000e+02
6.845409545898437500e+02
5.796478271484375000e+02
9.525435791015625000e+02
2.857460632324218750e+02
3.922496337890625000e+02
4.778573303222656250e+02
4.289439392089843750e+02
1.007077575683593750e+03
4.890938110351562500e+02
4.154715270996093750e+02
2.610067443847656250e+02
4.386553039550781250e+02
3.621937561035156250e+02
2.598248596191406250e+02
5.593515014648437500e+02
5.071289062500000000e+02
1.836080627441406250e+02
3.812768554687500000e+02
5.943580932617187500e+02
4.192605590820312500e+02
4.998432617187500000e+02
6.974180908203125000e+02
6.258874511718750000e+02
5.333347778320312500e+02
5.642192382812500000e+02
3.627078857421875000e+02
1.953029632568359375e+02
3.679956359863281250e+02
1.044072265625000000e+03
3.939680480957031250e+02
7.052391357421875000e+02
6.782843627929687500e+02
6.554683837890625000e+02
6.592307739257812500e+02
4.479812316894531250e+02
3.621516113281250000e+02
4.140366210937500000e+02
4.797799377441406250e+02
3.129284057617187500e+02
3.216242675781250000e+02
2.902973022460937500e+02
2.802981262207031250e+02
4.595918273925781250e+02
4.959898071289062500e+02
6.304695434570312500e+02
4.110616455078125000e+02
2.887673645019531250e+02
7.782795410156250000e+02
7.177993164062500000e+02
2.215267028808593750e+02
4.392440185546875000e+02
3.901607971191406250e+02
4.197870788574218750e+02
2.854284362792968750e+02
2.172113037109375000e+02
3.506515808105468750e+02
5.950253906250000000e+02
3.009114990234375000e+02
5.245936889648437500e+02
3.417860412597656250e+02
5.863361206054687500e+02
3.074851379394531250e+02
3.563069152832031250e+02
9.141389770507812500e+02
4.942833862304687500e+02
3.406454162597656250e+02
7.301980590820312500e+02
2.213262634277343750e+02
2.131823158264160156e+01
2.762687988281250000e+02
4.015592651367187500e+02
4.540498046875000000e+02
1.177086563110351562e+02
4.915234680175781250e+02
1.979434204101562500e+02
4.823002624511718750e+02
5.190137329101562500e+02
1.868668823242187500e+02
4.192066955566406250e+02
2.033589477539062500e+02
5.641546020507812500e+02
3.476145935058593750e+02
1.873240661621093750e+02
2.740294799804687500e+02
4.009859313964843750e+02
7.323643188476562500e+02
4.097416992187500000e+02
2.404559478759765625e+02
5.888663330078125000e+02
4.329385375976562500e+02
3.742073364257812500e+02
1.741501464843750000e+02
6.352428588867187500e+02
2.108222961425781250e+02
2.932919616699218750e+02
4.869991760253906250e+02
7.445093994140625000e+02
7.201181030273437500e+02
6.718652954101562500e+02
9.315889282226562500e+02
2.893585205078125000e+02
3.910033264160156250e+02
3.984378967285156250e+02
5.709799804687500000e+02
3.098782043457031250e+02
3.463572387695312500e+02
4.645251464843750000e+02
3.676054382324218750e+02
6.467644653320312500e+02
4.937167358398437500e+02
5.353616333007812500e+02
4.611434020996093750e+02
1.634962158203125000e+02
2.794181518554687500e+02
4.495600585937500000e+02
4.435870361328125000e+02
6.122942504882812500e+02
5.411314086914062500e+02
5.329568481445312500e+02
1.939125061035156250e+02
2.937013549804687500e+02
2.878175354003906250e+02
4.071758117675781250e+02
2.236228179931640625e+02
6.238545532226562500e+02
5.296753540039062500e+02
3.618804321289062500e+02
5.602088623046875000e+02
3.865060119628906250e+02
3.209373168945312500e+02
2.252264099121093750e+02
5.369019165039062500e+02
3.578805847167968750e+02
4.411336364746093750e+02
5.768612670898437500e+02
4.607989501953125000e+02
1.997999114990234375e+02
6.611121215820312500e+02
2.733208923339843750e+02
6.432234497070312500e+02
3.706925659179687500e+02
3.828759460449218750e+02
5.379307861328125000e+02
4.154241943359375000e+02
3.252360839843750000e+02
3.481153259277343750e+02
3.663434143066406250e+02
4.640466613769531250e+02
4.893985595703125000e+02
2.337314453125000000e+02
6.036906738281250000e+02
1.482102050781250000e+02
4.441010437011718750e+02
3.920639648437500000e+02
6.717220458984375000e+02
5.393221435546875000e+02
2.488485565185546875e+02
7.758558349609375000e+02
6.543021850585937500e+02
3.329931945800781250e+02
8.186931152343750000e+02
3.522210998535156250e+02
3.153099670410156250e+02
2.023606719970703125e+02
4.825598449707031250e+02
2.727284240722656250e+02
1.131653198242187500e+03
5.642463989257812500e+02
4.824948425292968750e+02
6.840717773437500000e+02
5.127194824218750000e+02
7.463021850585937500e+02
2.748193054199218750e+02
2.111234283447265625e+02
2.876029968261718750e+02
3.702154541015625000e+02
3.092893676757812500e+02
2.426910400390625000e+02
4.912154846191406250e+02
5.958911132812500000e+02
5.073781433105468750e+02
4.197515563964843750e+02
7.607391357421875000e+02
4.667300415039062500e+02
2.688138427734375000e+02
5.910914306640625000e+02
2.661167602539062500e+02
5.381563110351562500e+02
4.544704589843750000e+02
9.452169036865234375e+01
6.403955688476562500e+02
2.947985229492187500e+02
5.510740356445312500e+02
4.616114501953125000e+02
1.757757568359375000e+02
5.044143981933593750e+02
5.103836364746093750e+02
1.752674102783203125e+02
1.483333587646484375e+02
5.233335571289062500e+02
3.649111328125000000e+02
6.513625488281250000e+02
3.531244506835937500e+02
4.359938964843750000e+02
2.122128448486328125e+02
6.234690551757812500e+02
1.550706939697265625e+02
5.460768432617187500e+02
7.017906494140625000e+02
4.491789245605468750e+02
2.820762939453125000e+02
6.518908081054687500e+02
4.975633239746093750e+02
5.904205322265625000e+01
2.235407409667968750e+02
3.902958068847656250e+02
2.945667114257812500e+02
2.275884552001953125e+02
4.459177551269531250e+02
4.730430603027343750e+02
4.204301452636718750e+02
2.141120147705078125e+02
3.085045471191406250e+02
3.922710266113281250e+02
2.956733398437500000e+02
6.162310180664062500e+02
2.771709899902343750e+02
6.012599487304687500e+02
5.675798950195312500e+02
5.810955200195312500e+02
5.957117919921875000e+02
2.442702636718750000e+02
5.593935546875000000e+02
4.364687805175781250e+02
4.778375549316406250e+02
2.770738525390625000e+02
2.638780212402343750e+02
7.583954467773437500e+02
4.118794250488281250e+02
2.490714874267578125e+02
4.336610717773437500e+02
3.103631286621093750e+02
4.245798950195312500e+02
2.191753234863281250e+02
5.265745849609375000e+02
5.715195922851562500e+02
7.238462066650390625e+01
2.300250854492187500e+02
2.594168701171875000e+02
5.952228393554687500e+02
2.451388549804687500e+02
5.045313720703125000e+02
4.520793151855468750e+02
1.521287384033203125e+02
3.986800231933593750e+02
4.143567199707031250e+02
5.784049072265625000e+02
4.242757873535156250e+02
7.123004760742187500e+02
5.496416625976562500e+02
5.600071411132812500e+02
2.590908203125000000e+02
5.645736694335937500e+02
9.363652954101562500e+02
5.972394561767578125e+01
2.238846282958984375e+02
5.379426269531250000e+02
4.104273376464843750e+02
5.387821655273437500e+02
3.256350708007812500e+02
4.705251159667968750e+02
5.817510986328125000e+02
6.719991455078125000e+02
2.571775512695312500e+02
2.004899291992187500e+02
3.618846435546875000e+02
8.468056030273437500e+02
7.200436401367187500e+02
4.818195800781250000e+02
4.643243103027343750e+02
4.451916198730468750e+02
7.456721801757812500e+02
6.512232055664062500e+02
3.747062377929687500e+02
4.839367675781250000e+02
6.995751342773437500e+02
6.222565917968750000e+02
5.059696044921875000e+02
3.864060363769531250e+02
6.792194213867187500e+02
1.834404907226562500e+02
2.999125366210937500e+02
7.059995727539062500e+02
5.841316528320312500e+02
3.979188232421875000e+02
1.514071197509765625e+02
5.369315185546875000e+02
1.701238708496093750e+02
6.444249877929687500e+02
4.589989013671875000e+02
6.447261352539062500e+02
4.089174194335937500e+02
5.660145263671875000e+02
3.597635498046875000e+02
1.108643951416015625e+02
5.878378906250000000e+02
3.182429504394531250e+02
6.694100952148437500e+02
3.414227600097656250e+02
4.149585266113281250e+02
2.192239685058593750e+02
