1.252301330566406250e+02
3.626166076660156250e+02
4.674205322265625000e+02
4.748896179199218750e+02
2.771578369140625000e+02
4.584524841308593750e+02
2.907403259277343750e+02
3.067691650390625000e+02
2.472087249755859375e+02
6.201317138671875000e+02
2.049696655273437500e+02
6.572440795898437500e+02
1.901375274658203125e+02
3.097490234375000000e+02
1.075289916992187500e+03
8.682224731445312500e+02
3.165638427734375000e+02
8.543686523437500000e+02
4.219153747558593750e+02
8.878851928710937500e+02
6.146674804687500000e+02
8.934378051757812500e+02
6.907202758789062500e+02
8.642215576171875000e+02
2.819163818359375000e+02
7.451325683593750000e+02
5.634695434570312500e+02
6.655507812500000000e+02
7.919799041748046875e+01
4.087899169921875000e+02
3.423891601562500000e+02
2.813468017578125000e+02
1.540543670654296875e+02
4.147556762695312500e+02
3.643511657714843750e+02
4.152749023437500000e+02
5.473071899414062500e+02
3.449707641601562500e+02
3.816149597167968750e+02
3.412398681640625000e+02
2.465924072265625000e+02
2.429671173095703125e+02
3.026475830078125000e+02
2.846672363281250000e+02
1.240665893554687500e+02
6.098659667968750000e+02
3.982846374511718750e+02
4.357254943847656250e+02
1.446686096191406250e+02
5.523209228515625000e+02
5.778331298828125000e+02
4.925205383300781250e+02
3.307942199707031250e+02
4.007574462890625000e+02
3.030503234863281250e+02
5.113871459960937500e+02
6.618013305664062500e+02
9.220825805664062500e+02
3.691358947753906250e+02
5.082444152832031250e+02
2.985197448730468750e+02
5.524634399414062500e+02
2.314097137451171875e+02
5.968480224609375000e+02
5.628950805664062500e+02
3.988876037597656250e+02
1.351387329101562500e+02
3.293696289062500000e+02
2.094090118408203125e+02
7.243218994140625000e+02
5.255622558593750000e+02
5.603383178710937500e+02
5.226311645507812500e+02
2.128403015136718750e+02
6.772192382812500000e+02
3.679048767089843750e+02
2.913673095703125000e+02
2.644400634765625000e+02
2.632546386718750000e+02
4.293986816406250000e+02
2.457534027099609375e+02
5.526479492187500000e+02
2.929707336425781250e+02
4.356543273925781250e+02
3.091752014160156250e+02
2.992868957519531250e+02
4.107295532226562500e+02
3.106808166503906250e+02
6.266253662109375000e+02
1.375814086914062500e+03
1.193069702148437500e+03
3.403017272949218750e+02
5.232537231445312500e+02
3.377561035156250000e+02
3.197655029296875000e+02
5.029616699218750000e+02
6.659274291992187500e+02
4.036372985839843750e+02
4.292951660156250000e+02
5.724462890625000000e+02
5.082548217773437500e+02
4.927575683593750000e+02
5.462401733398437500e+02
2.737103271484375000e+02
7.737209472656250000e+02
5.673286743164062500e+02
4.133438720703125000e+02
4.453847351074218750e+02
2.886673583984375000e+02
8.435291748046875000e+02
3.461432800292968750e+02
3.252897033691406250e+02
1.820445098876953125e+02
5.416790161132812500e+02
3.906956787109375000e+02
4.132022094726562500e+02
4.268551940917968750e+02
6.481348266601562500e+02
2.786258850097656250e+02
8.708724365234375000e+02
6.743271484375000000e+02
4.233625488281250000e+02
6.763117675781250000e+02
9.784636688232421875e+01
5.386043701171875000e+02
6.197640380859375000e+02
2.428079223632812500e+02
5.139267578125000000e+02
4.015082397460937500e+02
3.511404113769531250e+02
4.557553405761718750e+02
4.606586914062500000e+02
2.922927551269531250e+02
5.671325683593750000e+02
4.894775695800781250e+02
6.696614379882812500e+02
4.404681091308593750e+02
3.945272216796875000e+02
2.384316101074218750e+02
5.151456298828125000e+02
4.579715270996093750e+02
1.929123687744140625e+02
2.960693664550781250e+02
5.307795410156250000e+02
7.230117187500000000e+02
5.000080261230468750e+02
3.912736206054687500e+02
3.497563781738281250e+02
5.809946289062500000e+02
2.038938751220703125e+02
1.226908416748046875e+02
4.367821655273437500e+02
5.710557250976562500e+02
3.862382202148437500e+02
3.588375244140625000e+02
7.332230834960937500e+02
2.303383941650390625e+02
9.619307861328125000e+02
3.746240539550781250e+02
3.452211608886718750e+02
1.433378753662109375e+02
6.560270385742187500e+02
2.321896514892578125e+02
2.521970367431640625e+02
3.156712341308593750e+02
7.245096435546875000e+02
4.728108520507812500e+02
5.987655029296875000e+02
5.564541015625000000e+02
5.066398315429687500e+02
5.153596191406250000e+02
2.171704101562500000e+02
4.061902770996093750e+02
2.542277374267578125e+02
7.474497680664062500e+02
3.938883361816406250e+02
3.382590637207031250e+02
1.445323944091796875e+02
8.833478546142578125e+01
3.346167602539062500e+02
5.544749145507812500e+02
4.735330810546875000e+02
9.252529907226562500e+02
3.418753662109375000e+02
5.108768920898437500e+02
8.399892578125000000e+02
3.088729553222656250e+02
8.247125854492187500e+02
7.800281372070312500e+02
3.221347351074218750e+02
1.181926422119140625e+02
3.653513183593750000e+02
4.449073181152343750e+02
6.195426635742187500e+02
3.006022338867187500e+02
4.356435241699218750e+02
3.665844421386718750e+02
3.472052917480468750e+02
8.266547241210937500e+02
1.781148986816406250e+02
1.997296447753906250e+02
3.616821289062500000e+02
5.955993041992187500e+02
3.033527221679687500e+02
8.203863525390625000e+02
5.515887451171875000e+02
5.394727172851562500e+02
6.848290405273437500e+02
3.072801513671875000e+02
3.482783508300781250e+02
2.695842590332031250e+02
5.110764160156250000e+02
4.379492492675781250e+02
7.031504516601562500e+02
7.310775146484375000e+02
4.511875915527343750e+02
2.988141174316406250e+02
2.989152832031250000e+02
3.267257080078125000e+02
5.171749267578125000e+02
5.194411621093750000e+02
8.005288696289062500e+02
2.847940979003906250e+02
3.114220581054687500e+02
7.735460815429687500e+02
6.790906372070312500e+02
2.961186218261718750e+02
8.005711669921875000e+02
5.283682861328125000e+02
3.878082580566406250e+02
4.439132385253906250e+02
4.715466918945312500e+02
6.057434692382812500e+02
1.563190002441406250e+02
3.240694885253906250e+02
5.899476928710937500e+02
8.001703491210937500e+02
2.293904266357421875e+02
3.581768798828125000e+02
3.126131896972656250e+02
5.918569946289062500e+02
6.138863525390625000e+02
8.129028320312500000e+02
3.976723632812500000e+02
6.920773315429687500e+02
7.415650634765625000e+02
4.369735717773437500e+02
3.299902648925781250e+02
6.337006225585937500e+02
7.107187500000000000e+02
6.537216796875000000e+02
5.666759643554687500e+02
6.864229125976562500e+02
3.421354675292968750e+02
3.714574584960937500e+02
9.800237426757812500e+02
4.967023315429687500e+02
2.700597839355468750e+02
3.897033996582031250e+02
2.494435119628906250e+02
4.257203369140625000e+02
4.710719299316406250e+02
4.041084594726562500e+02
4.069465942382812500e+02
4.255157775878906250e+02
2.007276916503906250e+02
5.327053833007812500e+02
4.631711730957031250e+02
7.639915161132812500e+02
5.100237426757812500e+02
2.274816894531250000e+02
1.158933486938476562e+02
3.800917663574218750e+02
7.063800048828125000e+02
6.695538330078125000e+02
4.508798828125000000e+02
4.071016540527343750e+02
3.343639831542968750e+02
5.460061645507812500e+02
6.657907714843750000e+02
6.305911254882812500e+02
2.862870483398437500e+02
1.004499740600585938e+02
4.591300659179687500e+02
2.225511932373046875e+02
4.197627258300781250e+02
3.209607543945312500e+02
2.895827941894531250e+02
7.334291992187500000e+02
6.257392578125000000e+02
4.576470336914062500e+02
3.702746887207031250e+02
2.102487945556640625e+02
3.914396972656250000e+02
4.693889465332031250e+02
6.074232177734375000e+02
6.474542236328125000e+02
6.307854614257812500e+02
5.018319091796875000e+02
7.701530151367187500e+02
5.923389282226562500e+02
5.348204345703125000e+02
5.755099487304687500e+02
3.953754577636718750e+02
6.876385498046875000e+02
3.627508544921875000e+02
4.161113891601562500e+02
3.500116882324218750e+02
2.278166351318359375e+02
2.329826049804687500e+02
6.827243041992187500e+02
3.510089721679687500e+02
5.436414794921875000e+02
6.328045043945312500e+02
7.451545410156250000e+02
2.904183044433593750e+02
6.552224731445312500e+02
2.113557128906250000e+02
3.185345458984375000e+02
6.193315429687500000e+02
5.256646728515625000e+02
3.211968078613281250e+02
4.279797973632812500e+02
3.141651611328125000e+02
6.318698120117187500e+02
5.808555908203125000e+02
5.869817504882812500e+02
6.647563476562500000e+02
4.902112731933593750e+02
2.164203491210937500e+02
4.374498901367187500e+02
2.900325012207031250e+02
3.752517089843750000e+02
9.240444946289062500e+02
7.075506591796875000e+02
4.391391906738281250e+02
2.838637390136718750e+02
7.287312011718750000e+02
3.671748046875000000e+02
5.009639892578125000e+02
6.204282226562500000e+02
8.380612182617187500e+02
4.546719665527343750e+02
4.112033081054687500e+02
7.259051513671875000e+02
3.510407409667968750e+02
6.362088012695312500e+02
5.060103454589843750e+02
2.911557922363281250e+02
3.055079956054687500e+02
6.626043701171875000e+02
2.884172973632812500e+02
3.107149963378906250e+02
2.027042541503906250e+02
2.917544860839843750e+02
4.509167480468750000e+02
5.467178955078125000e+02
4.530813598632812500e+02
4.567353820800781250e+02
4.569999694824218750e+02
4.708298645019531250e+02
2.422950439453125000e+02
3.766518859863281250e+02
3.458249206542968750e+02
3.228536682128906250e+02
4.472256164550781250e+02
5.304642944335937500e+02
6.884689331054687500e+02
7.920737915039062500e+02
3.499940490722656250e+02
4.506227722167968750e+02
3.040619201660156250e+02
7.141820068359375000e+02
8.982108764648437500e+02
5.040111694335937500e+02
3.695403442382812500e+02
1.790793762207031250e+02
9.248654785156250000e+02
7.594166259765625000e+02
3.665648498535156250e+02
4.718337097167968750e+02
1.685712432861328125e+02
2.643425903320312500e+02
2.740391845703125000e+02
5.098874206542968750e+02
3.182069091796875000e+02
7.978073120117187500e+02
3.108645019531250000e+02
5.692594604492187500e+02
1.644611968994140625e+02
6.374199218750000000e+02
4.919926147460937500e+02
4.489036254882812500e+02
4.642258911132812500e+02
6.417136230468750000e+02
3.004688720703125000e+02
2.106897125244140625e+02
6.541730957031250000e+02
3.500996093750000000e+02
4.162680053710937500e+02
6.149130249023437500e+02
6.207529296875000000e+02
1.841408538818359375e+02
7.874625854492187500e+02
3.711253662109375000e+02
4.887779846191406250e+02
8.287600097656250000e+02
5.860973510742187500e+02
6.708547363281250000e+02
6.063927001953125000e+02
9.044086303710937500e+02
6.676130981445312500e+02
3.538453063964843750e+02
1.288671112060546875e+02
3.843704833984375000e+02
7.834338378906250000e+02
1.403919372558593750e+02
5.472409667968750000e+02
4.531676330566406250e+02
9.094928588867187500e+02
7.396881713867187500e+02
1.790554962158203125e+02
1.514618072509765625e+02
6.872503662109375000e+02
5.030001831054687500e+02
5.085798950195312500e+02
3.604679870605468750e+02
6.040208740234375000e+02
7.968355102539062500e+02
4.285519104003906250e+02
8.035181427001953125e+01
3.139010620117187500e+02
2.740632019042968750e+02
4.628385009765625000e+02
4.404526367187500000e+02
4.384202575683593750e+02
2.411415100097656250e+02
4.550626525878906250e+02
5.485514526367187500e+02
3.443101196289062500e+02
6.337051391601562500e+02
1.082771759033203125e+02
2.639165649414062500e+02
4.936031799316406250e+02
3.508589782714843750e+02
3.713359375000000000e+02
1.394612731933593750e+02
4.104628906250000000e+02
4.870146484375000000e+02
2.952378234863281250e+02
3.120527038574218750e+02
7.086430664062500000e+02
3.466293945312500000e+02
5.898604125976562500e+02
4.305025634765625000e+02
3.956139526367187500e+02
3.723405151367187500e+02
2.483508453369140625e+02
4.622055969238281250e+02
3.825010070800781250e+02
6.254942016601562500e+02
2.316179046630859375e+02
2.411766510009765625e+02
4.034998779296875000e+02
5.900856323242187500e+02
3.848636779785156250e+02
2.202488098144531250e+02
1.530930633544921875e+02
3.936157836914062500e+02
5.732104492187500000e+02
2.505372009277343750e+02
7.771376342773437500e+02
8.790949707031250000e+02
3.040338439941406250e+02
7.191962432861328125e+01
6.240590209960937500e+02
3.669418334960937500e+02
4.190581665039062500e+02
4.578389892578125000e+02
9.684485473632812500e+02
2.592099914550781250e+02
1.033834838867187500e+03
2.195564117431640625e+02
4.129354248046875000e+02
5.936342773437500000e+02
9.135395507812500000e+02
6.250151367187500000e+02
2.383291015625000000e+02
3.470558776855468750e+02
2.810944519042968750e+02
5.815733642578125000e+02
9.393934326171875000e+02
3.072016296386718750e+02
6.483217163085937500e+02
5.688561401367187500e+02
7.066752929687500000e+02
1.493624420166015625e+02
6.239502563476562500e+02
6.352426757812500000e+02
6.354089355468750000e+02
7.254418334960937500e+02
4.594735107421875000e+02
4.264227294921875000e+02
1.006269653320312500e+03
6.026645507812500000e+02
2.422851715087890625e+02
7.941500854492187500e+02
5.577019653320312500e+02
5.273486328125000000e+02
9.619882202148437500e+02
6.879569702148437500e+02
4.593189697265625000e+02
5.406423339843750000e+02
5.173303222656250000e+02
3.256489868164062500e+02
5.055806884765625000e+02
4.833760375976562500e+02
4.040789489746093750e+02
2.795095520019531250e+02
1.144631729125976562e+02
6.574719238281250000e+02
1.830074310302734375e+02
3.916600036621093750e+02
4.820941467285156250e+02
1.777046966552734375e+02
1.855785369873046875e+02
4.337326965332031250e+02
3.377187500000000000e+02
6.668283691406250000e+02
2.509486389160156250e+02
4.805238647460937500e+02
9.671600341796875000e+02
5.988962402343750000e+02
5.696432495117187500e+02
6.253048706054687500e+02
2.529641113281250000e+02
8.466917114257812500e+02
8.513317260742187500e+02
4.003103027343750000e+02
1.040368286132812500e+03
3.642103271484375000e+02
8.136436767578125000e+02
2.553630828857421875e+02
1.169118957519531250e+02
2.115865325927734375e+02
5.279024658203125000e+02
3.088580017089843750e+02
7.175581054687500000e+02
5.207845687866210938e+01
1.955216407775878906e+01
3.872137756347656250e+02
4.149500427246093750e+02
4.594032592773437500e+02
2.615033874511718750e+02
5.048056945800781250e+02
4.546491394042968750e+02
6.220925292968750000e+02
4.446361694335937500e+02
1.626987915039062500e+02
3.621299743652343750e+02
4.892681884765625000e+02
3.205538940429687500e+02
3.025721130371093750e+02
7.114051513671875000e+02
5.972662353515625000e+02
6.607666625976562500e+02
3.194143981933593750e+02
5.397122192382812500e+02
5.934299926757812500e+02
7.193737182617187500e+02
1.174383300781250000e+03
5.672659912109375000e+02
1.824754943847656250e+02
2.528983612060546875e+02
2.838146667480468750e+02
2.001013183593750000e+02
1.343419494628906250e+02
6.534245605468750000e+02
5.046339111328125000e+02
4.604016113281250000e+02
3.767997131347656250e+02
3.841668395996093750e+02
4.174313354492187500e+02
4.864840087890625000e+02
4.467781982421875000e+02
4.521732788085937500e+02
3.943013000488281250e+02
7.323978271484375000e+02
1.842544860839843750e+02
4.578215332031250000e+02
1.925981750488281250e+02
2.197760162353515625e+02
3.238251953125000000e+02
1.759281768798828125e+02
3.966582031250000000e+02
5.410371704101562500e+02
7.087728881835937500e+02
2.468278656005859375e+02
6.877602539062500000e+02
9.315016479492187500e+02
5.957757568359375000e+02
5.498729858398437500e+02
3.952230529785156250e+02
3.670027160644531250e+02
7.351392822265625000e+02
3.485092163085937500e+02
1.689617767333984375e+02
3.982532653808593750e+02
5.998696289062500000e+02
6.402761840820312500e+02
3.384729919433593750e+02
7.390855712890625000e+02
4.079025878906250000e+02
3.130280761718750000e+02
5.407988891601562500e+02
4.279274597167968750e+02
3.100375976562500000e+02
6.609930419921875000e+02
3.920513305664062500e+02
6.406787109375000000e+02
6.070377807617187500e+02
7.041757812500000000e+02
6.370427246093750000e+02
3.928536682128906250e+02
2.147414398193359375e+02
1.442236022949218750e+02
2.668610839843750000e+02
3.164034423828125000e+02
4.228997802734375000e+02
2.618702087402343750e+02
4.444009094238281250e+02
5.146605834960937500e+02
2.977872314453125000e+02
5.103139648437500000e+02
4.100459899902343750e+02
3.745495910644531250e+02
3.197094116210937500e+02
6.267465820312500000e+02
5.080709533691406250e+02
1.826413574218750000e+02
3.126292114257812500e+02
4.314533386230468750e+02
6.682813110351562500e+02
5.480614624023437500e+02
3.659599304199218750e+02
1.587353973388671875e+02
4.646936950683593750e+02
3.306533203125000000e+02
5.887778320312500000e+02
4.322182922363281250e+02
1.099037704467773438e+02
3.914758605957031250e+02
6.348603515625000000e+02
4.214683837890625000e+02
1.439817199707031250e+02
5.943015747070312500e+02
3.561139526367187500e+02
1.041978836059570312e+02
4.693037109375000000e+02
3.917324218750000000e+02
5.744589233398437500e+02
3.448606262207031250e+02
4.096086883544921875e+01
8.586319580078125000e+02
4.983116760253906250e+02
4.327107543945312500e+02
4.469781494140625000e+02
5.627324218750000000e+02
1.220207397460937500e+03
8.317432861328125000e+02
1.612240142822265625e+02
1.568322753906250000e+02
1.614289703369140625e+02
3.589128112792968750e+02
3.964335937500000000e+02
3.364554138183593750e+02
2.635403442382812500e+02
7.011229248046875000e+02
2.566787719726562500e+02
3.525980529785156250e+02
3.369641723632812500e+02
3.721293029785156250e+02
3.290318298339843750e+02
2.767088317871093750e+02
1.026982788085937500e+03
5.713146972656250000e+02
3.689984436035156250e+02
8.207708740234375000e+02
1.789655609130859375e+02
4.461770935058593750e+02
7.419835205078125000e+02
4.816185302734375000e+02
6.044765014648437500e+02
4.131023254394531250e+02
1.794962310791015625e+02
4.800399780273437500e+02
3.120287170410156250e+02
2.075760650634765625e+02
3.579420166015625000e+02
3.485006408691406250e+02
3.798135986328125000e+02
4.627521667480468750e+02
4.461560363769531250e+02
8.157026977539062500e+02
7.855692291259765625e+01
6.508375244140625000e+02
5.342696533203125000e+02
6.927432861328125000e+02
1.248409271240234375e+02
4.138927001953125000e+02
7.050051269531250000e+02
4.942357788085937500e+02
5.092881164550781250e+02
2.845708923339843750e+02
1.278293380737304688e+02
5.115486145019531250e+02
4.124463195800781250e+02
4.234402160644531250e+02
2.517060546875000000e+02
2.701993713378906250e+02
2.211034088134765625e+02
5.653376464843750000e+02
6.358539428710937500e+02
2.885439147949218750e+02
4.664337768554687500e+02
2.975294494628906250e+02
3.542447509765625000e+02
3.305959472656250000e+02
6.267695312500000000e+02
7.540348510742187500e+02
3.447272949218750000e+02
3.343902893066406250e+02
3.710299682617187500e+02
9.491865539550781250e+01
9.099924316406250000e+02
3.005512695312500000e+02
3.856628112792968750e+02
8.272836303710937500e+02
8.305804443359375000e+01
1.428638305664062500e+02
3.422832031250000000e+02
3.905621032714843750e+02
4.795963745117187500e+02
1.712011871337890625e+02
2.263826446533203125e+02
7.152860107421875000e+02
3.632949829101562500e+02
7.430144653320312500e+02
3.466447753906250000e+02
3.642059326171875000e+02
2.336781311035156250e+02
2.312373352050781250e+02
4.170828247070312500e+02
4.224996948242187500e+02
7.961153564453125000e+02
3.711218566894531250e+02
3.852301025390625000e+02
6.832976074218750000e+02
2.230631103515625000e+02
2.756145629882812500e+02
3.707851562500000000e+02
3.630092773437500000e+02
5.862277832031250000e+02
4.798233947753906250e+02
6.772107543945312500e+02
4.142362060546875000e+02
7.898438720703125000e+02
2.339155273437500000e+02
9.439659118652343750e+01
3.584442749023437500e+02
4.166840209960937500e+02
6.569171752929687500e+02
3.466343383789062500e+02
3.682711181640625000e+02
5.031011962890625000e+02
7.251895141601562500e+02
4.728546142578125000e+02
5.034570922851562500e+02
5.214004516601562500e+02
3.927709960937500000e+02
7.872116699218750000e+02
1.634709930419921875e+02
6.903192138671875000e+02
2.778459472656250000e+02
4.674418029785156250e+02
6.407550659179687500e+02
5.832678222656250000e+02
4.416336059570312500e+02
5.369592895507812500e+02
2.739622497558593750e+02
4.399121093750000000e+02
5.450302124023437500e+02
4.946573181152343750e+02
5.793690185546875000e+02
4.382882690429687500e+02
3.026582336425781250e+02
1.827823181152343750e+02
6.130266113281250000e+02
4.625663757324218750e+02
8.913710327148437500e+02
2.424432678222656250e+02
3.647810058593750000e+02
1.261848266601562500e+03
5.526628417968750000e+02
2.466609954833984375e+02
6.348440551757812500e+02
4.953282165527343750e+02
1.038766708374023438e+02
2.106809234619140625e+02
2.302093353271484375e+02
2.859961547851562500e+02
5.584750976562500000e+02
2.510735168457031250e+02
4.738057861328125000e+02
6.649779663085937500e+02
4.185434875488281250e+02
2.804674072265625000e+02
4.530850830078125000e+02
5.830331420898437500e+02
4.040105590820312500e+02
2.671833801269531250e+02
3.963500671386718750e+02
3.946102905273437500e+02
2.537228698730468750e+02
5.043306884765625000e+02
8.788679809570312500e+02
4.251042175292968750e+02
7.562360229492187500e+02
3.209393005371093750e+02
1.087441711425781250e+02
1.966078796386718750e+02
7.631196899414062500e+02
5.770755004882812500e+02
6.278853149414062500e+02
7.832709960937500000e+02
2.885123291015625000e+02
4.557479553222656250e+02
8.906802978515625000e+02
6.112105712890625000e+02
4.346397399902343750e+02
3.240523071289062500e+02
2.424613342285156250e+02
6.923400268554687500e+02
6.603637084960937500e+02
3.890910949707031250e+02
8.216735839843750000e+02
1.703074493408203125e+02
2.870304565429687500e+02
4.627603759765625000e+02
4.480822448730468750e+02
1.867606353759765625e+02
6.864064331054687500e+02
6.031439208984375000e+02
5.909551391601562500e+02
5.655884399414062500e+02
1.872832641601562500e+02
4.639713134765625000e+02
7.702711791992187500e+02
2.522404327392578125e+02
3.028099670410156250e+02
6.523395385742187500e+02
3.463884277343750000e+02
5.846671142578125000e+02
9.160833740234375000e+01
2.962706604003906250e+02
3.283035278320312500e+02
1.578339996337890625e+02
4.870579223632812500e+02
2.412215881347656250e+02
4.812650451660156250e+02
6.292293090820312500e+02
6.293392944335937500e+02
3.951231384277343750e+02
4.431957702636718750e+02
6.461907348632812500e+02
5.222353515625000000e+02
7.890717163085937500e+02
9.154456176757812500e+02
6.703422851562500000e+02
6.272078247070312500e+02
3.830093688964843750e+02
2.713792114257812500e+02
3.153411560058593750e+02
5.997637329101562500e+02
2.466968383789062500e+02
2.913328857421875000e+02
3.616109313964843750e+02
5.940487670898437500e+02
4.972277221679687500e+02
4.362286071777343750e+02
3.798867797851562500e+02
9.881649780273437500e+02
4.613912353515625000e+02
1.885204772949218750e+02
4.731633300781250000e+02
4.259793090820312500e+02
2.337864685058593750e+02
3.454261474609375000e+02
5.924261474609375000e+02
2.894356384277343750e+02
5.244920654296875000e+02
4.502130126953125000e+02
4.056107482910156250e+02
2.426163482666015625e+02
3.982294616699218750e+02
5.553884277343750000e+02
2.966826477050781250e+02
5.434897460937500000e+02
4.177758483886718750e+02
6.436480102539062500e+02
6.737158203125000000e+02
6.068420410156250000e+02
5.717912597656250000e+02
4.288928222656250000e+02
1.957907409667968750e+02
6.592858886718750000e+02
3.214403076171875000e+02
2.656917724609375000e+02
7.041840209960937500e+02
4.192850646972656250e+02
2.300008544921875000e+02
8.814498291015625000e+02
7.193484497070312500e+02
3.211313476562500000e+02
7.612504272460937500e+02
3.331208496093750000e+02
3.912717285156250000e+02
4.130711059570312500e+02
3.751057434082031250e+02
5.603302001953125000e+02
5.195381469726562500e+02
5.315654907226562500e+02
2.548851165771484375e+02
4.578096618652343750e+02
3.369119873046875000e+02
4.883397521972656250e+02
2.381034240722656250e+02
2.528545989990234375e+02
5.543570556640625000e+02
3.941831665039062500e+02
6.704387817382812500e+02
8.061454467773437500e+02
1.724155273437500000e+02
5.197921752929687500e+02
4.864026184082031250e+02
1.758686401367187500e+03
3.293301696777343750e+02
2.487336273193359375e+02
5.496848754882812500e+02
4.338334960937500000e+02
5.050007629394531250e+02
9.967688598632812500e+02
1.768806457519531250e+02
2.594663391113281250e+02
4.427721862792968750e+02
5.556119384765625000e+02
6.214789428710937500e+02
8.445293579101562500e+02
5.628072509765625000e+02
3.663551330566406250e+02
5.868272705078125000e+02
3.474212646484375000e+02
4.417429199218750000e+02
5.230302124023437500e+02
4.059684753417968750e+02
2.588580932617187500e+02
7.651972656250000000e+02
4.647684020996093750e+02
3.778039245605468750e+02
7.018855590820312500e+02
6.470648803710937500e+02
6.131815185546875000e+02
6.830755004882812500e+02
1.662296142578125000e+02
4.507441101074218750e+02
5.063954162597656250e+02
3.464699401855468750e+02
4.154627075195312500e+02
4.980056152343750000e+02
6.190691528320312500e+02
9.863420410156250000e+02
7.580761718750000000e+02
2.907820129394531250e+02
4.703280639648437500e+02
4.455224914550781250e+02
9.143710937500000000e+02
2.579622497558593750e+02
5.064954833984375000e+02
2.139582366943359375e+02
6.617481079101562500e+02
2.860299987792968750e+02
4.773432922363281250e+02
2.257863616943359375e+02
6.322564086914062500e+02
3.403285522460937500e+02
6.392089843750000000e+02
4.263916320800781250e+02
5.153692016601562500e+02
6.425861816406250000e+02
2.747857971191406250e+02
1.657741851806640625e+02
2.818992309570312500e+02
2.833006896972656250e+02
2.816572875976562500e+02
5.969256591796875000e+02
7.202333984375000000e+02
6.623906250000000000e+02
4.307971801757812500e+02
5.377727661132812500e+02
4.116341400146484375e+01
4.582706604003906250e+02
8.565719604492187500e+02
6.118332519531250000e+02
4.928363647460937500e+02
2.519780578613281250e+02
4.284959411621093750e+02
5.022330627441406250e+02
5.252400512695312500e+02
4.539626770019531250e+02
6.631149902343750000e+02
3.099875183105468750e+02
3.383219604492187500e+02
4.125740966796875000e+02
3.251544799804687500e+02
3.354265136718750000e+02
7.578686523437500000e+02
4.975972290039062500e+02
6.769390869140625000e+02
5.708972167968750000e+02
3.460410156250000000e+02
7.228715820312500000e+02
3.717232971191406250e+02
8.639535522460937500e+02
5.452246704101562500e+02
7.388828125000000000e+02
3.422580566406250000e+02
5.770446166992187500e+02
6.308749389648437500e+02
8.761998901367187500e+02
2.234829101562500000e+02
4.854047851562500000e+02
5.246104125976562500e+02
5.051091613769531250e+02
5.149615478515625000e+02
3.959678344726562500e+02
2.860739440917968750e+02
6.935438842773437500e+02
5.363503417968750000e+02
6.364575195312500000e+02
4.657886352539062500e+02
5.841156616210937500e+02
8.519329223632812500e+02
4.429972229003906250e+02
8.210989379882812500e+02
1.227263031005859375e+02
3.272407226562500000e+02
7.392511596679687500e+02
7.326964111328125000e+02
3.933591308593750000e+02
4.745021362304687500e+02
7.340256347656250000e+02
3.066306762695312500e+02
2.620137023925781250e+02
2.062626495361328125e+02
6.171530761718750000e+02
5.849807128906250000e+02
2.728111877441406250e+02
8.376118164062500000e+02
4.482242126464843750e+02
2.630346984863281250e+02
4.514208679199218750e+02
5.467950439453125000e+02
1.112712631225585938e+02
3.735112609863281250e+02
1.186643753051757812e+02
3.083695678710937500e+02
8.505468139648437500e+02
2.950228576660156250e+02
1.690713195800781250e+02
5.723158569335937500e+02
8.563000488281250000e+02
3.192106018066406250e+02
8.752186889648437500e+02
2.720945129394531250e+02
8.600471801757812500e+02
1.521698608398437500e+02
2.142714080810546875e+02
3.469522399902343750e+02
2.726931457519531250e+02
3.929469299316406250e+02
1.519061279296875000e+02
4.604667358398437500e+02
4.590628356933593750e+02
7.809660034179687500e+02
2.625095214843750000e+02
4.998886413574218750e+02
2.520099334716796875e+02
3.742768859863281250e+02
5.742534790039062500e+02
2.219517669677734375e+02
7.407790527343750000e+02
7.698068237304687500e+02
8.948648071289062500e+02
3.444467773437500000e+02
5.276718750000000000e+02
3.469726562500000000e+02
2.395858612060546875e+02
7.035642089843750000e+02
2.095573425292968750e+02
7.411673583984375000e+02
3.049597167968750000e+02
5.400560913085937500e+02
5.914702758789062500e+02
6.437899169921875000e+02
4.472463378906250000e+02
3.916302795410156250e+02
5.195000610351562500e+02
4.610362243652343750e+02
1.978663177490234375e+02
3.528029174804687500e+02
2.964581909179687500e+02
2.763001708984375000e+02
1.018407714843750000e+03
8.696687011718750000e+02
1.572472229003906250e+02
2.539803009033203125e+02
3.790278625488281250e+02
2.844128723144531250e+02
1.040664596557617188e+02
3.723802185058593750e+02
4.787150573730468750e+02
3.661046447753906250e+02
4.488133544921875000e+02
5.413656616210937500e+02
5.452229003906250000e+02
2.856605834960937500e+02
5.209369506835937500e+02
9.831194458007812500e+02
2.292405395507812500e+02
4.993957519531250000e+02
5.166024780273437500e+02
5.137935180664062500e+02
4.858552551269531250e+02
5.331207885742187500e+02
2.833479003906250000e+02
2.562447814941406250e+02
1.970388336181640625e+02
4.311210327148437500e+02
4.796529235839843750e+02
7.189384460449218750e+01
3.348666076660156250e+02
3.783684387207031250e+02
1.104588851928710938e+02
2.088582916259765625e+02
3.886318054199218750e+02
7.880871582031250000e+02
7.144281616210937500e+02
2.338656311035156250e+02
7.850424194335937500e+02
6.996438598632812500e+02
5.209321899414062500e+02
5.291685791015625000e+02
2.596635437011718750e+02
8.289860839843750000e+02
7.317988281250000000e+02
2.940707092285156250e+02
7.602431640625000000e+02
4.468441467285156250e+02
8.448247680664062500e+02
1.095483032226562500e+03
3.613657836914062500e+02
6.211696166992187500e+02
4.526546020507812500e+02
4.137546691894531250e+02
2.528846282958984375e+02
7.629696655273437500e+02
6.933652343750000000e+02
9.293580322265625000e+02
5.543545532226562500e+02
3.311460876464843750e+02
3.287714538574218750e+02
2.511600646972656250e+02
3.878705444335937500e+02
2.965297241210937500e+02
2.863215332031250000e+02
5.357031860351562500e+02
5.272136840820312500e+02
1.547302398681640625e+02
1.707784729003906250e+02
4.201004943847656250e+02
3.751970214843750000e+02
3.856172485351562500e+02
6.158214111328125000e+02
6.292604370117187500e+02
6.724734497070312500e+02
2.667725830078125000e+02
6.855312500000000000e+02
4.250256958007812500e+02
2.100782623291015625e+02
5.338748168945312500e+02
7.143265380859375000e+02
3.937015991210937500e+02
7.634544067382812500e+02
2.417730712890625000e+02
5.807593383789062500e+02
3.579995727539062500e+02
4.329136962890625000e+02
2.040986328125000000e+02
5.674148559570312500e+02
2.345157470703125000e+02
4.755731506347656250e+02
4.960393371582031250e+02
4.369636840820312500e+02
4.744706115722656250e+02
4.361419982910156250e+02
5.740687255859375000e+02
4.707276916503906250e+02
4.279745178222656250e+02
5.608547363281250000e+02
6.587929687500000000e+02
4.031355285644531250e+02
5.974652709960937500e+02
5.541785888671875000e+02
1.076370117187500000e+03
4.807398681640625000e+02
3.356087036132812500e+02
4.716807250976562500e+02
5.624908447265625000e+02
2.695348815917968750e+02
5.433347778320312500e+02
4.212561340332031250e+02
1.926425170898437500e+02
3.734102478027343750e+02
1.835764312744140625e+02
4.913285522460937500e+02
1.449496917724609375e+02
6.674077148437500000e+02
2.768482360839843750e+02
1.973937377929687500e+02
3.241421508789062500e+02
4.500209045410156250e+02
5.220830078125000000e+02
6.257736206054687500e+02
4.654270629882812500e+02
2.841297607421875000e+02
9.397167358398437500e+02
1.679579772949218750e+02
6.222023315429687500e+02
7.053563842773437500e+02
3.302577514648437500e+02
4.459153442382812500e+02
3.906821289062500000e+02
7.396492309570312500e+02
8.944898071289062500e+02
3.570468750000000000e+02
4.073657836914062500e+02
8.595629272460937500e+02
9.434781494140625000e+02
6.845078125000000000e+02
3.537803039550781250e+02
2.403955078125000000e+02
3.747825622558593750e+02
3.354978942871093750e+02
2.487016448974609375e+02
7.791074829101562500e+02
2.114786987304687500e+02
7.333398437500000000e+02
6.648212890625000000e+02
9.446813964843750000e+01
6.342672119140625000e+02
6.161004638671875000e+02
6.846347045898437500e+02
3.225429077148437500e+02
3.684065551757812500e+02
2.649253540039062500e+02
5.323439331054687500e+02
3.122210998535156250e+02
9.026757812500000000e+02
4.459196472167968750e+02
2.287369384765625000e+02
2.409034881591796875e+02
4.624235839843750000e+02
2.848974609375000000e+02
6.533250732421875000e+02
5.351160888671875000e+02
5.352250366210937500e+02
3.219162597656250000e+02
6.984567871093750000e+02
6.174110107421875000e+02
6.474333496093750000e+02
5.988920288085937500e+02
2.428468475341796875e+02
4.514567260742187500e+02
3.630776977539062500e+02
2.611524353027343750e+02
9.410536499023437500e+02
4.050302429199218750e+02
4.314067687988281250e+02
3.264360351562500000e+02
6.550461425781250000e+02
3.264083557128906250e+02
4.493372497558593750e+02
4.324458923339843750e+02
1.991999206542968750e+02
7.714409179687500000e+02
6.798437500000000000e+02
1.027449707031250000e+03
3.751017761230468750e+02
1.596891174316406250e+02
5.508810424804687500e+02
5.491504516601562500e+02
8.510908813476562500e+02
2.037520141601562500e+02
2.271021575927734375e+02
4.070993041992187500e+02
1.548595428466796875e+02
4.388218994140625000e+02
1.236994323730468750e+02
4.426717834472656250e+02
5.891631469726562500e+02
5.162319946289062500e+02
4.120488891601562500e+02
1.066306518554687500e+03
2.610787048339843750e+02
3.272692260742187500e+02
2.692946166992187500e+02
5.290760498046875000e+02
3.959857177734375000e+02
8.554978637695312500e+02
5.919425048828125000e+02
4.062812805175781250e+02
6.433074951171875000e+02
1.051623901367187500e+03
5.929615478515625000e+02
2.679095153808593750e+02
4.147806091308593750e+02
2.882185058593750000e+02
3.568479003906250000e+02
4.597440185546875000e+02
2.664054260253906250e+02
7.708999023437500000e+02
8.199919433593750000e+02
6.024192504882812500e+02
4.537609558105468750e+02
5.804279174804687500e+02
2.430143432617187500e+02
1.136959533691406250e+02
8.464494628906250000e+02
3.077102966308593750e+02
4.602066040039062500e+02
5.504990844726562500e+02
4.949536437988281250e+02
5.837430419921875000e+02
5.231772460937500000e+02
6.452083740234375000e+02
5.864804687500000000e+02
7.127327880859375000e+02
5.402256469726562500e+02
4.227637023925781250e+02
1.996144256591796875e+02
3.189208679199218750e+02
2.598424682617187500e+02
7.500466918945312500e+02
1.549395141601562500e+02
4.760534362792968750e+02
7.198748779296875000e+02
4.392869262695312500e+02
1.365219726562500000e+02
2.487477722167968750e+02
1.642440032958984375e+02
8.915068359375000000e+02
4.771991882324218750e+02
1.842351074218750000e+02
2.841499633789062500e+02
2.870409240722656250e+02
5.139405517578125000e+02
6.836360473632812500e+02
5.176187133789062500e+02
5.382636108398437500e+02
4.180506286621093750e+02
3.121883850097656250e+02
3.528153076171875000e+02
3.354458618164062500e+02
6.310017089843750000e+02
6.866193237304687500e+02
1.191959075927734375e+02
2.465605163574218750e+02
4.574992675781250000e+02
5.793853149414062500e+02
6.578550415039062500e+02
4.956640014648437500e+02
9.935609741210937500e+02
1.130947723388671875e+02
4.708056945800781250e+02
3.543805847167968750e+02
6.238880615234375000e+02
8.584483032226562500e+02
5.047278442382812500e+02
3.403549194335937500e+02
7.246488037109375000e+02
5.160303955078125000e+02
6.374102172851562500e+02
4.713692932128906250e+02
3.072276611328125000e+02
5.122934570312500000e+02
2.759669494628906250e+02
6.619232177734375000e+02
8.738357543945312500e+02
5.939542846679687500e+02
1.387395324707031250e+02
6.139388427734375000e+02
7.186932373046875000e+02
5.246694946289062500e+02
5.226176147460937500e+02
2.709408264160156250e+02
5.406838989257812500e+02
3.941036376953125000e+02
6.712007446289062500e+02
6.964201049804687500e+02
5.488121948242187500e+02
3.443068542480468750e+02
3.080615539550781250e+02
1.053999786376953125e+02
3.925804748535156250e+02
3.614062500000000000e+02
3.637146606445312500e+02
2.004516143798828125e+02
5.640460205078125000e+02
1.313429565429687500e+02
4.397308349609375000e+02
3.661547546386718750e+02
1.426911987304687500e+03
5.657468872070312500e+02
3.721877441406250000e+02
4.096770019531250000e+02
4.597575378417968750e+02
9.127385864257812500e+02
3.967435913085937500e+02
3.816567077636718750e+02
4.720090026855468750e+02
7.789370727539062500e+02
4.603688964843750000e+02
1.498396911621093750e+02
1.480419464111328125e+02
3.399096984863281250e+02
5.692128295898437500e+02
5.398976440429687500e+02
4.997753295898437500e+02
7.087527465820312500e+02
8.732237548828125000e+02
4.143997802734375000e+02
7.401920166015625000e+02
4.199480285644531250e+02
4.765353088378906250e+02
2.878814392089843750e+02
2.631258544921875000e+02
5.005925903320312500e+02
3.597028808593750000e+02
1.926278381347656250e+02
4.699929809570312500e+02
1.887984008789062500e+02
3.249903259277343750e+02
2.961880798339843750e+02
5.064100341796875000e+02
3.550162963867187500e+02
7.621854858398437500e+02
5.525369873046875000e+02
8.751741333007812500e+02
3.367554626464843750e+02
8.998334960937500000e+02
1.337988281250000000e+02
5.091468811035156250e+02
7.630712890625000000e+02
3.300516052246093750e+02
8.307321929931640625e+01
3.993270874023437500e+02
1.997888031005859375e+02
3.643785705566406250e+02
6.750006713867187500e+02
4.127147827148437500e+02
4.614464416503906250e+02
2.839324951171875000e+02
4.371134948730468750e+02
7.265191650390625000e+02
4.492800598144531250e+02
5.029595642089843750e+02
1.839297943115234375e+02
2.526112060546875000e+02
3.113416137695312500e+02
1.866424407958984375e+02
5.356598510742187500e+02
4.353952941894531250e+02
3.499730834960937500e+02
4.436746826171875000e+02
3.451413879394531250e+02
2.828522033691406250e+02
6.443086547851562500e+02
7.435520629882812500e+02
3.691231079101562500e+02
3.127503967285156250e+02
5.193152465820312500e+02
3.096108398437500000e+02
8.320037841796875000e+02
5.256730346679687500e+02
2.167248229980468750e+02
2.993372497558593750e+02
4.750039367675781250e+02
6.004553222656250000e+02
2.433850708007812500e+02
9.116038208007812500e+02
1.009465515136718750e+03
2.353060455322265625e+02
5.691782836914062500e+02
5.951845703125000000e+02
4.712038574218750000e+02
3.271226501464843750e+02
4.069071350097656250e+02
7.293638916015625000e+02
3.479465637207031250e+02
1.088127807617187500e+03
7.139887695312500000e+02
4.301045227050781250e+02
6.801337890625000000e+02
4.129113769531250000e+02
5.070641784667968750e+02
4.977303466796875000e+02
3.157702636718750000e+02
1.007085083007812500e+03
3.007291870117187500e+02
4.332479858398437500e+02
1.595467681884765625e+02
1.958900604248046875e+02
8.611766967773437500e+02
5.208952026367187500e+02
8.436291503906250000e+02
3.014910278320312500e+02
1.812806396484375000e+02
6.884945068359375000e+02
2.234332733154296875e+02
6.262307739257812500e+02
4.797908020019531250e+02
3.696949462890625000e+02
2.224066314697265625e+02
8.071178588867187500e+02
1.281395111083984375e+02
3.822400817871093750e+02
3.181035156250000000e+02
6.924246826171875000e+02
6.110861816406250000e+02
4.873129272460937500e+02
6.067646484375000000e+02
3.738616943359375000e+02
2.625596008300781250e+02
8.137266845703125000e+02
2.194345550537109375e+02
5.809003906250000000e+02
4.996600646972656250e+02
4.190132446289062500e+02
2.996774291992187500e+02
5.076055908203125000e+02
4.832940673828125000e+02
5.964087524414062500e+02
2.545066375732421875e+02
1.972345581054687500e+02
1.078375366210937500e+03
8.157648925781250000e+02
6.211786499023437500e+02
6.808982543945312500e+02
3.247154541015625000e+02
4.142172241210937500e+02
5.410291137695312500e+02
5.662836914062500000e+02
5.176972656250000000e+02
5.361687622070312500e+02
6.878280639648437500e+02
2.486399383544921875e+02
3.736626586914062500e+02
3.794044494628906250e+02
4.480893859863281250e+02
6.142785034179687500e+02
4.453099365234375000e+02
6.835273437500000000e+02
3.000299682617187500e+02
6.680717773437500000e+02
5.283808593750000000e+02
5.898839111328125000e+02
5.932105102539062500e+02
1.826278076171875000e+02
3.972750244140625000e+02
8.144711303710937500e+02
4.093749694824218750e+02
3.559686889648437500e+02
1.410966186523437500e+02
1.882505035400390625e+02
1.367096252441406250e+02
4.738218383789062500e+02
4.513763122558593750e+02
2.861146240234375000e+02
3.727142639160156250e+02
9.807838745117187500e+02
1.364913635253906250e+02
5.592714843750000000e+02
2.170450134277343750e+02
6.674880371093750000e+02
3.863893432617187500e+02
3.817657165527343750e+02
7.265874633789062500e+02
4.006808776855468750e+02
4.444911804199218750e+02
4.869601135253906250e+02
5.223497924804687500e+02
2.465068054199218750e+02
8.029088745117187500e+02
4.488401794433593750e+02
6.347687988281250000e+02
5.662399291992187500e+02
2.292931518554687500e+02
2.170186920166015625e+02
5.513928222656250000e+02
4.859017639160156250e+02
4.796666259765625000e+02
1.427802581787109375e+02
1.448168182373046875e+02
4.989870910644531250e+02
7.341833496093750000e+02
1.154888763427734375e+02
7.589459838867187500e+02
2.330658264160156250e+02
3.646210021972656250e+02
4.888278198242187500e+02
2.395882720947265625e+02
6.396008300781250000e+02
5.249182128906250000e+02
3.831774902343750000e+02
3.237022781372070312e+01
4.043973388671875000e+02
2.582601013183593750e+02
3.508018798828125000e+02
3.887532348632812500e+02
2.865667114257812500e+02
1.901459808349609375e+02
3.624958801269531250e+02
4.921347351074218750e+02
3.711991577148437500e+02
3.449883422851562500e+02
4.223218078613281250e+02
4.522407531738281250e+02
8.572094116210937500e+02
4.603094482421875000e+02
7.390904541015625000e+02
7.149730834960937500e+02
3.080662231445312500e+02
3.124393920898437500e+02
2.261307220458984375e+02
4.234313964843750000e+02
5.060650634765625000e+02
3.649591979980468750e+02
2.732153015136718750e+02
9.390627288818359375e+01
5.602390747070312500e+02
3.992443237304687500e+02
3.571882019042968750e+02
3.866007080078125000e+02
2.696941528320312500e+02
5.653941040039062500e+02
4.916719055175781250e+02
3.937538146972656250e+02
3.998882751464843750e+02
6.048543090820312500e+02
5.564426879882812500e+02
8.728141479492187500e+02
3.462860107421875000e+02
3.707187194824218750e+02
7.801515502929687500e+02
3.558498229980468750e+02
6.351864624023437500e+02
2.344894104003906250e+02
4.287719116210937500e+02
1.304049530029296875e+02
7.394688720703125000e+02
2.822577514648437500e+02
3.484141845703125000e+02
7.376804809570312500e+02
4.349340209960937500e+02
4.321895446777343750e+02
5.562081909179687500e+02
3.062532653808593750e+02
2.752339782714843750e+02
3.826854248046875000e+02
8.292197875976562500e+02
2.343437652587890625e+02
2.013858489990234375e+02
3.141268615722656250e+02
2.691480712890625000e+02
5.955762939453125000e+02
6.972780761718750000e+02
7.415290527343750000e+02
2.202120208740234375e+02
2.262025451660156250e+02
4.048266906738281250e+02
3.714117126464843750e+02
5.364943847656250000e+02
7.965487670898437500e+02
3.456796264648437500e+02
1.556585388183593750e+02
3.806695861816406250e+02
5.546781616210937500e+02
2.341583557128906250e+02
5.180004882812500000e+02
7.020203247070312500e+02
5.102736206054687500e+02
7.426589355468750000e+02
2.806311950683593750e+02
5.979573364257812500e+02
4.447498474121093750e+02
7.573087158203125000e+02
2.555725402832031250e+02
1.044619873046875000e+03
4.780251464843750000e+02
6.255253906250000000e+02
3.184444885253906250e+02
2.215515747070312500e+02
2.398110809326171875e+02
3.289177551269531250e+02
9.160910644531250000e+02
5.991584472656250000e+02
4.864170532226562500e+02
3.348837280273437500e+02
7.292583007812500000e+02
3.087453002929687500e+02
5.102297973632812500e+02
3.582781982421875000e+02
2.412684783935546875e+02
1.567595062255859375e+02
6.817727050781250000e+02
5.344031372070312500e+02
3.456371459960937500e+02
5.945098266601562500e+02
1.518934631347656250e+02
4.065517272949218750e+02
3.212536926269531250e+02
8.671638183593750000e+02
2.136925201416015625e+02
6.352516479492187500e+02
7.497026062011718750e+01
4.947822570800781250e+02
3.334487304687500000e+02
4.695384216308593750e+02
7.136975097656250000e+02
5.480386352539062500e+02
4.828960266113281250e+02
9.215821533203125000e+02
8.694197998046875000e+02
6.039882202148437500e+02
5.323545532226562500e+02
5.061856994628906250e+02
3.385604858398437500e+02
7.022617797851562500e+02
3.844148254394531250e+02
3.517420349121093750e+02
4.920221862792968750e+02
5.154638671875000000e+02
5.558152465820312500e+02
2.701873474121093750e+02
8.082159423828125000e+02
4.036869506835937500e+02
3.962377014160156250e+02
4.079786376953125000e+02
2.995821228027343750e+02
4.628418579101562500e+02
5.677548217773437500e+02
8.380914916992187500e+02
4.351436462402343750e+02
6.246865844726562500e+02
5.419938964843750000e+02
5.268810424804687500e+02
3.371241760253906250e+02
3.138627319335937500e+02
2.712379455566406250e+02
6.741848754882812500e+02
6.196461791992187500e+02
4.898852233886718750e+02
2.607912597656250000e+02
5.981577758789062500e+02
4.362166442871093750e+02
5.292708129882812500e+02
6.949436035156250000e+02
6.162797241210937500e+02
9.614024047851562500e+02
9.679343872070312500e+02
5.558422851562500000e+02
4.277872924804687500e+02
4.222746887207031250e+02
5.669183349609375000e+02
6.331107788085937500e+02
5.614664306640625000e+02
7.374253540039062500e+02
5.420263671875000000e+02
3.470068359375000000e+02
3.333163146972656250e+02
2.977586669921875000e+02
5.957318725585937500e+02
7.882602539062500000e+02
4.738347778320312500e+02
2.722689819335937500e+02
1.331266326904296875e+02
3.409434204101562500e+02
3.768864135742187500e+02
3.355758972167968750e+02
3.080959777832031250e+02
1.838569641113281250e+02
5.023818054199218750e+02
3.493069763183593750e+02
5.128634033203125000e+02
5.116588745117187500e+02
1.748646850585937500e+02
1.339658050537109375e+02
3.449294738769531250e+02
2.304108123779296875e+02
6.017322998046875000e+02
4.452019348144531250e+02
2.683557739257812500e+02
5.773117675781250000e+02
4.281412353515625000e+02
6.003890991210937500e+02
1.453241271972656250e+02
3.841260070800781250e+02
7.077537231445312500e+02
6.776387329101562500e+02
3.353261108398437500e+02
8.386459960937500000e+02
5.519854125976562500e+02
4.509883422851562500e+02
6.030806884765625000e+02
9.661145782470703125e+01
5.606279296875000000e+02
2.503407440185546875e+02
4.443017272949218750e+02
4.888129882812500000e+02
6.101016845703125000e+02
2.974945373535156250e+02
7.142914581298828125e+01
7.374805297851562500e+02
4.283755187988281250e+02
6.018508911132812500e+02
2.289830169677734375e+02
2.784105834960937500e+02
8.740375976562500000e+02
7.600079956054687500e+02
3.836339721679687500e+02
3.209532470703125000e+02
5.585298461914062500e+02
2.747203674316406250e+02
3.288925170898437500e+02
3.129573059082031250e+02
4.183966674804687500e+02
3.537289733886718750e+02
5.766983642578125000e+02
7.484761352539062500e+02
6.971467895507812500e+02
9.112264404296875000e+02
4.025367126464843750e+02
7.868128051757812500e+02
4.335635375976562500e+02
4.483304138183593750e+02
6.244301147460937500e+02
3.317054443359375000e+02
3.352502441406250000e+02
2.415651397705078125e+02
4.150652770996093750e+02
4.730025634765625000e+02
4.854122619628906250e+02
3.395111694335937500e+02
3.010766601562500000e+02
2.938610229492187500e+02
4.074596557617187500e+02
7.790556640625000000e+02
6.157685546875000000e+02
3.733217468261718750e+02
4.939032592773437500e+02
2.291558837890625000e+02
6.918763427734375000e+02
3.973394470214843750e+02
8.124176025390625000e+02
7.518297729492187500e+02
4.195408630371093750e+02
4.159331359863281250e+02
6.133623657226562500e+02
3.443940124511718750e+02
1.429464111328125000e+02
6.504933471679687500e+02
1.505863342285156250e+02
5.190875854492187500e+02
2.275998992919921875e+02
4.566155395507812500e+02
5.548086547851562500e+02
5.333810424804687500e+02
4.489453125000000000e+02
4.891556701660156250e+02
6.007431030273437500e+02
3.692832336425781250e+02
7.489175415039062500e+02
7.588350830078125000e+02
9.430686645507812500e+02
8.407064819335937500e+02
1.649914550781250000e+02
4.499678039550781250e+02
2.894426574707031250e+02
4.236720581054687500e+02
1.526455993652343750e+02
4.366447448730468750e+02
2.020592346191406250e+02
2.767221679687500000e+02
3.160338745117187500e+02
4.766847839355468750e+02
5.256738891601562500e+02
4.420878295898437500e+02
5.357368164062500000e+02
7.183233032226562500e+02
2.719417114257812500e+02
3.905960693359375000e+02
3.134266357421875000e+02
8.368376464843750000e+02
5.698197021484375000e+02
1.012219848632812500e+03
4.958305969238281250e+02
2.856140441894531250e+02
3.299121093750000000e+02
6.047495117187500000e+02
4.608315124511718750e+02
4.476624145507812500e+02
2.251270599365234375e+02
2.962863769531250000e+02
2.358701934814453125e+02
3.098193054199218750e+02
2.000522460937500000e+02
6.029302368164062500e+02
5.292187500000000000e+02
4.632273559570312500e+02
6.064081420898437500e+02
2.896360473632812500e+02
7.286557617187500000e+02
6.018948974609375000e+02
6.889544067382812500e+02
3.375974121093750000e+02
8.309160766601562500e+02
4.660921020507812500e+02
2.994886474609375000e+02
1.542590789794921875e+02
2.676895751953125000e+02
2.304272003173828125e+02
1.251511352539062500e+03
6.825590820312500000e+02
9.617388305664062500e+02
4.400877685546875000e+02
2.695529785156250000e+02
5.554385375976562500e+02
5.081767578125000000e+02
7.276323242187500000e+02
3.131464538574218750e+02
4.337322082519531250e+02
2.016035919189453125e+02
5.734913330078125000e+02
5.035799560546875000e+02
5.473836059570312500e+02
5.704848022460937500e+02
3.082695007324218750e+02
6.707409057617187500e+02
5.010406799316406250e+02
2.477824096679687500e+02
8.138731079101562500e+02
2.527684173583984375e+02
5.344145507812500000e+02
1.375403564453125000e+03
7.001005859375000000e+02
4.504749755859375000e+02
1.880553588867187500e+02
2.458569641113281250e+02
1.931295166015625000e+02
2.739559936523437500e+02
2.264388122558593750e+02
3.444051818847656250e+02
2.424511260986328125e+02
5.343547363281250000e+02
2.649255676269531250e+02
2.628991699218750000e+02
7.293564453125000000e+02
5.539145507812500000e+02
9.541642456054687500e+02
3.147071838378906250e+02
2.819944458007812500e+02
1.158581314086914062e+02
4.797192993164062500e+02
6.247908935546875000e+02
7.469042968750000000e+02
3.899521179199218750e+02
2.526031646728515625e+02
4.506238708496093750e+02
5.291147460937500000e+02
2.906811828613281250e+02
9.482162475585937500e+02
7.042965087890625000e+02
4.682272338867187500e+02
5.115625000000000000e+02
7.143624267578125000e+02
3.168192138671875000e+02
1.586354370117187500e+02
6.373976440429687500e+02
2.748788452148437500e+02
6.911981201171875000e+02
3.795525207519531250e+02
7.955760498046875000e+02
3.260615234375000000e+02
4.280664672851562500e+02
3.852476806640625000e+02
2.191620025634765625e+02
4.714022216796875000e+02
5.846846923828125000e+02
3.313464965820312500e+02
3.359902343750000000e+02
1.680368957519531250e+02
5.788272094726562500e+02
1.680245971679687500e+02
4.533066711425781250e+02
7.931090087890625000e+02
8.089286499023437500e+02
5.782589111328125000e+02
3.657584533691406250e+02
2.981459960937500000e+02
3.966184692382812500e+02
4.121249694824218750e+02
5.094407348632812500e+02
1.642055816650390625e+02
7.614473266601562500e+02
2.113546142578125000e+02
3.108026123046875000e+02
3.035106201171875000e+02
4.566301574707031250e+02
4.148829040527343750e+02
4.713782043457031250e+02
4.665895385742187500e+02
4.839361267089843750e+02
7.932393798828125000e+02
5.338421630859375000e+02
7.780161743164062500e+02
3.076158447265625000e+02
3.582427368164062500e+02
5.033673706054687500e+02
6.862480468750000000e+02
6.384420776367187500e+02
4.883871459960937500e+02
1.227232666015625000e+02
2.263981933593750000e+02
3.648638000488281250e+02
6.530314941406250000e+02
2.577970886230468750e+02
7.433764038085937500e+02
6.846480102539062500e+02
1.997697906494140625e+02
2.388053436279296875e+02
4.478365783691406250e+02
2.425484466552734375e+02
6.132462768554687500e+02
3.381530761718750000e+02
9.237840576171875000e+02
6.099687500000000000e+02
9.120867919921875000e+02
4.058656311035156250e+02
5.656347045898437500e+02
3.254626770019531250e+02
5.107233276367187500e+02
2.657485656738281250e+02
7.442089233398437500e+02
9.597896575927734375e+01
4.844147644042968750e+02
8.543375244140625000e+02
2.665614624023437500e+02
1.949759674072265625e+02
4.901372680664062500e+02
3.486086120605468750e+02
3.249635314941406250e+02
7.610073852539062500e+02
3.937936706542968750e+02
1.256596313476562500e+03
4.307351684570312500e+02
5.571786499023437500e+02
1.955099487304687500e+02
2.601220092773437500e+02
4.849786071777343750e+02
4.621451721191406250e+02
4.031182861328125000e+02
3.554600830078125000e+02
3.645160827636718750e+02
2.507052612304687500e+02
1.537425689697265625e+02
5.214414672851562500e+02
5.525375366210937500e+02
1.860444335937500000e+02
4.701166381835937500e+02
4.044298706054687500e+02
8.947175292968750000e+02
1.616319885253906250e+02
1.890964050292968750e+02
9.493158569335937500e+02
2.473206481933593750e+02
5.488937377929687500e+02
4.052684631347656250e+02
5.073451232910156250e+02
2.657262878417968750e+02
5.305840454101562500e+02
1.763346862792968750e+02
1.954684906005859375e+02
4.034805908203125000e+02
4.201743164062500000e+02
6.263593139648437500e+02
5.870691528320312500e+02
3.168425598144531250e+02
5.687411499023437500e+02
3.696696166992187500e+02
8.710791625976562500e+02
2.536546173095703125e+02
6.966015014648437500e+02
3.555511169433593750e+02
2.733190917968750000e+02
5.573335571289062500e+02
5.335436401367187500e+02
2.133533935546875000e+02
5.910449829101562500e+02
5.900346069335937500e+02
3.886796264648437500e+02
5.181587524414062500e+02
5.084509582519531250e+02
3.593657531738281250e+02
5.057084960937500000e+02
7.041779785156250000e+02
2.256892242431640625e+02
6.568154296875000000e+02
1.421166381835937500e+02
3.378002014160156250e+02
4.168191833496093750e+02
5.357094726562500000e+02
1.619419250488281250e+02
3.744525451660156250e+02
5.083676147460937500e+02
3.526065368652343750e+02
2.406602478027343750e+02
2.308836517333984375e+02
3.827763366699218750e+02
4.938299865722656250e+02
1.119277648925781250e+02
6.764409790039062500e+02
5.709558105468750000e+02
4.923129272460937500e+02
7.188116455078125000e+02
9.632692871093750000e+02
2.356312561035156250e+02
3.442934265136718750e+02
3.548705444335937500e+02
2.328732299804687500e+02
1.221860046386718750e+02
2.002868041992187500e+02
4.628154296875000000e+02
4.033770446777343750e+02
4.791919250488281250e+02
3.509209899902343750e+02
3.621284179687500000e+02
4.296435546875000000e+02
4.394364318847656250e+02
6.513521728515625000e+02
5.092362060546875000e+02
5.221563720703125000e+02
6.395394287109375000e+02
5.216035156250000000e+02
1.026139404296875000e+03
7.169597167968750000e+02
5.778206176757812500e+02
4.627911987304687500e+02
9.178237915039062500e+02
7.044826049804687500e+02
6.257946166992187500e+02
4.074902648925781250e+02
1.963320312500000000e+02
1.356497955322265625e+02
4.815179443359375000e+02
3.102443542480468750e+02
3.698202209472656250e+02
3.740936279296875000e+02
5.545278320312500000e+02
3.766207275390625000e+02
8.937718963623046875e+01
3.286088562011718750e+02
4.679678039550781250e+02
3.174622497558593750e+02
2.379817810058593750e+02
4.564894104003906250e+02
3.842264404296875000e+02
1.114321899414062500e+02
3.354532165527343750e+02
6.580695190429687500e+02
6.327156372070312500e+02
5.446329956054687500e+02
3.351206359863281250e+02
6.528328857421875000e+02
2.697084350585937500e+02
3.793768615722656250e+02
4.217911682128906250e+02
5.903987426757812500e+02
5.536936645507812500e+02
7.858093872070312500e+02
4.352492370605468750e+02
2.663896484375000000e+02
3.621168212890625000e+02
5.061335754394531250e+02
5.600189208984375000e+02
5.504395751953125000e+02
3.273023376464843750e+02
2.677466430664062500e+02
4.850701599121093750e+02
7.393803710937500000e+02
4.270438232421875000e+02
3.313927307128906250e+02
5.938482666015625000e+02
4.105708007812500000e+02
1.699175872802734375e+02
5.223708496093750000e+02
3.703875122070312500e+02
3.013852844238281250e+02
3.423787841796875000e+02
6.924035644531250000e+02
5.179260864257812500e+02
1.826921691894531250e+02
2.566965637207031250e+02
3.123886413574218750e+02
3.007294006347656250e+02
2.053724670410156250e+02
3.944324645996093750e+02
4.997498474121093750e+02
5.417873535156250000e+02
2.823402404785156250e+02
4.356098327636718750e+02
4.531780700683593750e+02
7.437500610351562500e+02
2.603956604003906250e+02
6.780181274414062500e+02
3.346574401855468750e+02
4.553020019531250000e+02
1.998315429687500000e+02
5.221287841796875000e+02
4.076532287597656250e+02
3.267495727539062500e+02
2.686426696777343750e+02
2.192890472412109375e+02
6.672420043945312500e+02
4.032138977050781250e+02
4.851725463867187500e+02
3.007206726074218750e+02
3.106946716308593750e+02
1.863729095458984375e+02
3.573261413574218750e+02
7.089554443359375000e+02
2.397463989257812500e+02
5.981688232421875000e+02
6.336401977539062500e+02
8.007531738281250000e+02
2.957532958984375000e+02
4.729598083496093750e+02
2.995370483398437500e+02
1.721248931884765625e+02
3.501874694824218750e+02
3.184934997558593750e+02
3.554348754882812500e+02
3.540458068847656250e+02
4.082005615234375000e+02
3.720994262695312500e+02
3.200845336914062500e+02
1.094237182617187500e+03
4.815492553710937500e+02
2.055696105957031250e+02
1.780533905029296875e+02
6.113331298828125000e+02
4.113756408691406250e+02
4.291498718261718750e+02
8.160938110351562500e+02
3.200489196777343750e+02
3.442195434570312500e+02
3.353334350585937500e+02
5.284898071289062500e+02
5.301452026367187500e+02
3.753177490234375000e+02
4.847719116210937500e+02
6.813833007812500000e+02
5.313114624023437500e+02
5.266110839843750000e+02
7.761898803710937500e+02
2.873778686523437500e+02
2.280577545166015625e+02
5.584241333007812500e+02
4.484151306152343750e+02
2.760378112792968750e+02
4.184783020019531250e+02
7.748775024414062500e+02
6.035365600585937500e+02
4.896699829101562500e+02
9.053635864257812500e+02
5.661499633789062500e+02
4.117368469238281250e+02
2.739378662109375000e+02
5.911973266601562500e+02
4.516683044433593750e+02
3.085848388671875000e+02
5.420981445312500000e+02
7.449340820312500000e+02
3.820379638671875000e+02
6.707908935546875000e+02
4.724752502441406250e+02
3.913719787597656250e+02
1.614254150390625000e+02
5.016511230468750000e+02
3.836551208496093750e+02
2.448134002685546875e+02
5.783234863281250000e+02
5.151412353515625000e+02
8.075404663085937500e+02
5.945316772460937500e+02
6.788341064453125000e+02
2.505741882324218750e+02
3.828911132812500000e+02
4.198945922851562500e+02
4.473106689453125000e+02
3.120541992187500000e+02
2.886687622070312500e+02
3.568677673339843750e+02
3.722791442871093750e+02
6.731661376953125000e+02
2.659139404296875000e+02
4.941814880371093750e+02
6.854243164062500000e+02
2.988132019042968750e+02
4.705691528320312500e+02
2.597587890625000000e+02
8.386235961914062500e+02
3.972810668945312500e+02
3.514409484863281250e+02
4.698990783691406250e+02
7.205680541992187500e+02
9.521550292968750000e+02
5.271472778320312500e+02
4.896882019042968750e+02
4.109353027343750000e+02
6.264077758789062500e+02
7.772418212890625000e+02
4.627015686035156250e+02
7.113297271728515625e+01
5.291624755859375000e+02
2.767254333496093750e+02
7.850308227539062500e+02
2.136015930175781250e+02
4.423843994140625000e+02
4.830554504394531250e+02
4.407209167480468750e+02
6.123522338867187500e+02
2.847664489746093750e+02
5.255379638671875000e+02
4.801524963378906250e+02
7.651492309570312500e+02
2.756213073730468750e+02
5.648588867187500000e+02
7.296397094726562500e+02
3.254836425781250000e+02
2.749908752441406250e+02
1.180969604492187500e+03
4.041578674316406250e+02
5.730775146484375000e+02
5.128787231445312500e+02
2.565685729980468750e+02
2.036146087646484375e+02
4.498056030273437500e+02
3.083659667968750000e+02
3.786200256347656250e+02
7.225665893554687500e+02
2.391431732177734375e+02
4.414215393066406250e+02
2.215184173583984375e+02
1.693603515625000000e+02
4.398398437500000000e+02
5.095152282714843750e+02
1.810571289062500000e+02
4.270460510253906250e+02
5.306286621093750000e+02
9.309952392578125000e+02
3.221103820800781250e+02
2.798916931152343750e+02
6.605452270507812500e+02
2.162065734863281250e+02
6.100457153320312500e+02
4.889619445800781250e+02
5.967103271484375000e+02
1.663337554931640625e+02
6.365357666015625000e+02
5.308487548828125000e+02
3.018477783203125000e+02
3.969749145507812500e+02
6.012713623046875000e+02
5.434428100585937500e+02
5.367030029296875000e+02
3.216547546386718750e+02
2.479455108642578125e+02
4.116527099609375000e+02
3.117078857421875000e+02
7.156378173828125000e+02
5.226889038085937500e+02
4.578411865234375000e+02
5.489642944335937500e+02
9.615997314453125000e+01
4.450795898437500000e+02
7.714183959960937500e+02
1.924036102294921875e+02
4.540289001464843750e+02
1.915923614501953125e+02
1.854889831542968750e+02
6.441190185546875000e+02
3.782209472656250000e+02
2.404552764892578125e+02
4.126467285156250000e+02
2.075443267822265625e+02
1.318799896240234375e+02
1.221107559204101562e+02
3.066187744140625000e+02
7.562911987304687500e+02
4.292160339355468750e+02
2.553983001708984375e+02
1.799516601562500000e+02
9.330034637451171875e+01
9.558562622070312500e+02
2.866477355957031250e+02
4.246125183105468750e+02
5.469378662109375000e+02
2.064747772216796875e+02
2.384222869873046875e+02
5.071416320800781250e+02
3.407633361816406250e+02
7.231327514648437500e+02
4.449255981445312500e+02
2.625602722167968750e+02
4.774053955078125000e+02
1.803358459472656250e+02
3.851729736328125000e+02
4.453828735351562500e+02
2.882997131347656250e+02
4.085744323730468750e+02
9.847290039062500000e+02
4.744595642089843750e+02
6.237027587890625000e+02
2.613153381347656250e+02
3.595557250976562500e+02
5.127774658203125000e+02
1.128556213378906250e+02
5.946331787109375000e+02
3.765933227539062500e+02
6.161151733398437500e+02
2.798003234863281250e+02
3.358197021484375000e+02
2.960193481445312500e+02
4.734423217773437500e+02
4.095797729492187500e+02
3.838661804199218750e+02
7.236025390625000000e+02
4.222127380371093750e+02
4.508655090332031250e+02
4.036532897949218750e+02
1.791126098632812500e+02
3.827705001831054688e+01
4.848477172851562500e+02
8.450935668945312500e+02
2.462918548583984375e+02
7.331345825195312500e+02
6.688263549804687500e+02
6.568634033203125000e+02
7.422277832031250000e+02
4.072316894531250000e+02
2.530433197021484375e+02
8.250704956054687500e+02
1.524051513671875000e+02
2.715867004394531250e+02
6.414964599609375000e+02
7.314987182617187500e+02
6.577100830078125000e+02
5.339069824218750000e+02
4.133607788085937500e+02
1.188611694335937500e+03
3.892897033691406250e+02
5.920198974609375000e+02
4.411993103027343750e+02
7.448181152343750000e+02
2.585417175292968750e+02
4.271611938476562500e+02
8.063020019531250000e+02
1.815968170166015625e+02
4.479962463378906250e+02
2.707279968261718750e+02
5.412996826171875000e+02
7.134182739257812500e+02
1.461796875000000000e+02
5.756577758789062500e+02
6.766594848632812500e+02
1.211814193725585938e+02
2.977265625000000000e+02
6.996583251953125000e+02
5.683447875976562500e+02
4.366683959960937500e+02
2.194995727539062500e+02
4.386001892089843750e+02
6.277606582641601562e+01
4.038506469726562500e+02
3.712165527343750000e+02
1.523007507324218750e+02
2.810987854003906250e+02
4.012240600585937500e+02
1.051108520507812500e+03
1.405244750976562500e+02
7.050460815429687500e+02
2.421984863281250000e+02
5.699709472656250000e+02
4.509043884277343750e+02
5.081969299316406250e+02
4.003716735839843750e+02
3.712866210937500000e+02
8.109975585937500000e+02
6.480758666992187500e+02
3.237109069824218750e+02
3.795683898925781250e+02
3.161525268554687500e+02
5.091320190429687500e+02
2.362783355712890625e+02
4.240888977050781250e+02
3.937687072753906250e+02
3.464624633789062500e+02
5.551545410156250000e+02
3.366998291015625000e+02
9.656569213867187500e+02
4.128805847167968750e+02
6.124345703125000000e+02
4.205291137695312500e+02
5.170593261718750000e+02
4.628460998535156250e+02
4.268674011230468750e+02
3.941808776855468750e+02
5.366475830078125000e+02
2.177866973876953125e+02
2.043189849853515625e+02
3.556202697753906250e+02
3.439856567382812500e+02
5.763175048828125000e+02
6.432286987304687500e+02
4.572574157714843750e+02
3.425838012695312500e+02
2.367581787109375000e+02
5.457175292968750000e+02
2.516889495849609375e+02
6.824275970458984375e+01
6.577535400390625000e+02
5.313493041992187500e+02
5.948055419921875000e+02
2.199053802490234375e+02
5.350731201171875000e+02
1.675313262939453125e+02
3.230936584472656250e+02
4.490256652832031250e+02
9.990863037109375000e+02
2.315521850585937500e+02
6.254243774414062500e+02
4.087331848144531250e+02
6.411001586914062500e+02
8.126304321289062500e+02
3.510955810546875000e+02
8.030451660156250000e+02
3.853658447265625000e+02
3.520479431152343750e+02
4.021962890625000000e+02
4.662589416503906250e+02
7.107844238281250000e+02
3.814016418457031250e+02
5.053144531250000000e+02
3.277559814453125000e+02
8.402335815429687500e+02
6.691747436523437500e+02
4.835917663574218750e+02
9.707250976562500000e+02
5.900195922851562500e+02
3.563583679199218750e+02
1.908225555419921875e+02
9.884605102539062500e+02
5.504606323242187500e+02
7.509301147460937500e+02
7.041258544921875000e+02
1.381895294189453125e+02
5.685766601562500000e+02
3.521283874511718750e+02
1.581271820068359375e+02
5.609835815429687500e+02
1.023197814941406250e+03
4.058213806152343750e+02
4.612820434570312500e+02
2.892530822753906250e+02
5.683059082031250000e+02
9.279803466796875000e+02
3.344257507324218750e+02
7.887114257812500000e+02
7.981513061523437500e+02
8.415167236328125000e+02
5.279006347656250000e+02
2.361840972900390625e+02
2.139531402587890625e+02
4.465025329589843750e+02
1.050334594726562500e+03
5.094072570800781250e+02
4.761065063476562500e+02
4.274607543945312500e+02
7.811186523437500000e+02
2.309937744140625000e+02
4.854488220214843750e+02
1.924690093994140625e+02
3.810409545898437500e+02
2.576218872070312500e+02
1.072347534179687500e+03
2.819158630371093750e+02
6.596788330078125000e+02
4.058178710937500000e+02
3.359649047851562500e+02
6.455977172851562500e+02
3.456591491699218750e+02
5.192465820312500000e+02
1.785601348876953125e+02
1.129351501464843750e+02
7.267784423828125000e+02
4.308884582519531250e+02
3.685353088378906250e+02
5.001204833984375000e+02
6.525036010742187500e+02
8.009841308593750000e+02
5.112935485839843750e+02
1.552832794189453125e+02
4.576578979492187500e+02
8.118295288085937500e+02
4.781220397949218750e+02
4.050034484863281250e+02
7.363457031250000000e+02
5.196243286132812500e+02
1.643202209472656250e+02
5.754254760742187500e+02
7.001340942382812500e+02
4.278499450683593750e+02
4.451431884765625000e+02
4.653309936523437500e+02
4.190205078125000000e+02
5.043760375976562500e+02
8.318157958984375000e+02
2.791390991210937500e+02
6.460551757812500000e+02
1.612387390136718750e+02
6.836668090820312500e+02
3.852204284667968750e+02
4.821787719726562500e+02
3.594625244140625000e+02
3.557242736816406250e+02
4.989589538574218750e+02
6.210219116210937500e+02
6.334812011718750000e+02
3.091418457031250000e+02
3.539689331054687500e+02
4.802854309082031250e+02
5.151599731445312500e+02
4.053630676269531250e+02
6.486022338867187500e+02
4.303875732421875000e+02
4.910057983398437500e+02
1.770564727783203125e+02
9.970806884765625000e+01
4.978865661621093750e+02
4.781082763671875000e+02
3.867965393066406250e+02
5.312167358398437500e+02
6.150933227539062500e+02
2.121790924072265625e+02
6.309031372070312500e+02
3.126975402832031250e+02
6.962323608398437500e+02
1.016288223266601562e+02
3.274413452148437500e+02
9.479924316406250000e+02
4.140267028808593750e+02
5.089579772949218750e+02
3.850182800292968750e+02
3.806260375976562500e+02
6.344787597656250000e+02
7.120574951171875000e+02
4.744285583496093750e+02
7.854383544921875000e+02
7.803417968750000000e+02
2.360616149902343750e+02
4.011317138671875000e+02
3.978223876953125000e+02
2.996420898437500000e+02
4.315573425292968750e+02
5.249385986328125000e+02
7.006162109375000000e+02
4.341054077148437500e+02
2.392263946533203125e+02
3.789801025390625000e+02
5.080394897460937500e+02
2.895080566406250000e+02
4.702463684082031250e+02
2.219235229492187500e+02
2.198790130615234375e+02
4.427171020507812500e+02
8.387706909179687500e+02
1.903778839111328125e+02
2.749508361816406250e+02
5.432170410156250000e+02
8.899331665039062500e+02
2.550999145507812500e+02
1.588940124511718750e+02
6.893930053710937500e+02
3.123925781250000000e+02
2.621750793457031250e+02
1.303805541992187500e+02
2.298337097167968750e+02
4.184515991210937500e+02
1.399661865234375000e+02
3.935743408203125000e+02
4.113334960937500000e+02
5.903517456054687500e+02
3.678743591308593750e+02
4.400055541992187500e+02
4.409485168457031250e+02
4.081652221679687500e+02
4.227449951171875000e+02
4.527536926269531250e+02
6.747750244140625000e+02
4.477573242187500000e+02
3.799153137207031250e+02
2.498124542236328125e+02
2.870130004882812500e+02
6.448306274414062500e+02
1.737806854248046875e+02
6.181038818359375000e+02
7.133875122070312500e+02
7.409958496093750000e+02
5.249807128906250000e+02
6.276073608398437500e+02
3.036134948730468750e+02
6.028275756835937500e+02
3.743149108886718750e+02
4.731354370117187500e+02
8.261133422851562500e+02
2.874451293945312500e+02
4.712716064453125000e+02
5.352368164062500000e+02
2.322268829345703125e+02
2.606675109863281250e+02
5.322517700195312500e+02
7.643410034179687500e+02
4.016825866699218750e+02
5.069509887695312500e+02
7.883496704101562500e+02
3.171580200195312500e+02
4.191009216308593750e+02
3.779889831542968750e+02
5.639726562500000000e+02
3.538812255859375000e+02
4.181124572753906250e+02
4.182971191406250000e+02
6.691932983398437500e+02
3.902677612304687500e+02
1.714431152343750000e+02
4.302133178710937500e+02
7.025239257812500000e+02
7.565257568359375000e+02
4.202095031738281250e+02
5.940582885742187500e+02
5.983224487304687500e+02
2.363101501464843750e+02
8.288016357421875000e+02
4.011641540527343750e+02
4.659122619628906250e+02
6.642453613281250000e+02
3.668923339843750000e+02
2.917386474609375000e+02
3.125733947753906250e+02
6.025867919921875000e+02
3.984947509765625000e+02
1.082118896484375000e+03
2.686429138183593750e+02
9.419287109375000000e+02
1.125818481445312500e+02
5.142692260742187500e+02
7.438278808593750000e+02
2.430543060302734375e+02
2.848374938964843750e+02
3.659839477539062500e+02
4.682669982910156250e+02
4.891804504394531250e+02
6.242792968750000000e+02
2.634563293457031250e+02
4.802143554687500000e+02
6.158054199218750000e+02
9.760909271240234375e+01
3.263727416992187500e+02
5.359194946289062500e+02
3.073429870605468750e+02
3.885293273925781250e+02
5.690808105468750000e+02
8.778472900390625000e+02
4.513147277832031250e+02
5.296237182617187500e+02
5.222916870117187500e+02
5.207366943359375000e+02
3.608023681640625000e+02
3.567374877929687500e+02
5.162269897460937500e+02
4.256011047363281250e+02
3.704495849609375000e+02
6.806129150390625000e+02
3.668579711914062500e+02
5.318838500976562500e+02
5.280496826171875000e+02
5.596677856445312500e+02
5.517295532226562500e+02
1.784171142578125000e+02
3.205667114257812500e+02
5.664743652343750000e+02
4.460812683105468750e+02
6.571188354492187500e+02
4.166163635253906250e+02
4.078352966308593750e+02
3.163337707519531250e+02
1.899298553466796875e+02
3.262877197265625000e+02
7.914448242187500000e+02
7.705354614257812500e+02
4.108786621093750000e+02
3.916307678222656250e+02
1.900967559814453125e+02
5.206145019531250000e+02
5.796506958007812500e+02
2.250065307617187500e+02
3.961605529785156250e+02
3.708551635742187500e+02
7.267939453125000000e+02
5.644619140625000000e+02
3.330342407226562500e+02
3.021151123046875000e+02
4.612878417968750000e+02
2.375466461181640625e+02
6.008687133789062500e+02
5.135773315429687500e+02
4.228918457031250000e+02
7.256730346679687500e+02
3.110418090820312500e+02
3.668368835449218750e+02
2.260664825439453125e+02
2.383276062011718750e+02
5.000607299804687500e+02
3.016689453125000000e+02
4.316965026855468750e+02
5.791792602539062500e+02
5.039326477050781250e+02
6.762886962890625000e+02
1.059275207519531250e+02
4.023550109863281250e+02
6.824748535156250000e+02
3.928009338378906250e+02
6.504437866210937500e+02
2.888694763183593750e+02
7.090882568359375000e+02
5.887605590820312500e+02
3.872066345214843750e+02
2.838596801757812500e+02
5.409170532226562500e+02
5.099337463378906250e+02
5.640095825195312500e+02
6.576713867187500000e+02
2.141535644531250000e+02
4.156122131347656250e+02
4.942706604003906250e+02
3.741329650878906250e+02
2.395261077880859375e+02
3.641929626464843750e+02
3.848427429199218750e+02
7.340956115722656250e+01
7.427232666015625000e+02
4.256447448730468750e+02
4.481369018554687500e+02
6.102674560546875000e+02
1.836692047119140625e+02
3.675373535156250000e+02
3.431652221679687500e+02
6.198316650390625000e+02
5.490544433593750000e+02
3.402635498046875000e+02
3.470019836425781250e+02
8.263515014648437500e+02
2.112711029052734375e+02
1.682826843261718750e+02
4.169783935546875000e+02
2.678604736328125000e+02
4.160449829101562500e+02
3.975791320800781250e+02
5.006757507324218750e+02
3.451029357910156250e+02
4.991606140136718750e+02
5.225702514648437500e+02
3.458883056640625000e+02
6.564678955078125000e+02
2.473168792724609375e+02
2.525869140625000000e+02
4.236946105957031250e+02
3.379794006347656250e+02
2.854081420898437500e+02
5.712129516601562500e+02
4.735023803710937500e+02
5.809183349609375000e+02
1.332351531982421875e+02
2.732270202636718750e+02
3.697271728515625000e+02
2.791548461914062500e+02
6.875988769531250000e+02
4.335480346679687500e+02
5.857706909179687500e+02
1.865440826416015625e+02
8.333444213867187500e+02
3.734393920898437500e+02
6.246691894531250000e+02
1.849527130126953125e+02
5.530972900390625000e+02
9.704014892578125000e+02
4.176137084960937500e+02
5.389531250000000000e+02
2.918154907226562500e+02
5.041793518066406250e+02
1.084479598999023438e+02
2.941661682128906250e+02
4.155054321289062500e+02
7.634362792968750000e+02
6.713960571289062500e+02
2.385294189453125000e+02
4.103262023925781250e+02
5.698054199218750000e+02
5.499848022460937500e+02
5.270147705078125000e+02
6.409145507812500000e+02
3.679511413574218750e+02
3.465171203613281250e+02
4.952188720703125000e+02
3.320644531250000000e+02
1.712595062255859375e+02
7.590667114257812500e+02
2.576285400390625000e+02
7.048255615234375000e+02
3.012540283203125000e+02
1.108811264038085938e+02
5.640500488281250000e+02
6.372910156250000000e+02
4.523488769531250000e+02
3.331060791015625000e+02
2.766213378906250000e+02
4.069470214843750000e+02
5.473471069335937500e+02
3.648866882324218750e+02
3.285496520996093750e+02
4.889182434082031250e+02
2.320463256835937500e+02
6.381770019531250000e+02
4.704177551269531250e+02
3.417177429199218750e+02
4.927692565917968750e+02
3.767069396972656250e+02
2.171187286376953125e+02
6.544600830078125000e+02
4.471116333007812500e+02
4.555066833496093750e+02
4.016820068359375000e+02
6.750716552734375000e+02
5.962770385742187500e+02
3.842566833496093750e+02
6.676986083984375000e+02
3.471945800781250000e+02
2.687762756347656250e+02
3.027074279785156250e+02
3.947764282226562500e+02
2.784436645507812500e+02
1.827067413330078125e+02
3.609909057617187500e+02
6.561617431640625000e+02
4.633577575683593750e+02
9.597386474609375000e+02
2.290069580078125000e+02
3.908774719238281250e+02
6.662336425781250000e+02
7.051026000976562500e+02
9.050964965820312500e+02
5.720910644531250000e+02
4.772399291992187500e+02
3.445776977539062500e+02
7.210775756835937500e+02
2.983841247558593750e+02
4.316596679687500000e+02
2.699674987792968750e+02
3.938370971679687500e+02
3.257360229492187500e+02
3.346556701660156250e+02
8.285832519531250000e+02
8.191336669921875000e+02
4.063825073242187500e+02
3.370672607421875000e+02
7.266961669921875000e+02
4.302807922363281250e+02
9.751486206054687500e+01
4.068554382324218750e+02
5.628865966796875000e+02
3.574849548339843750e+02
4.533847045898437500e+02
6.129315795898437500e+02
3.191124572753906250e+02
2.411702423095703125e+02
9.094190673828125000e+02
3.146953430175781250e+02
2.642366943359375000e+02
8.573253784179687500e+02
2.301656646728515625e+02
5.666030273437500000e+02
2.904411926269531250e+02
6.281132812500000000e+02
7.844548950195312500e+02
4.358844604492187500e+02
2.983043823242187500e+02
6.725627441406250000e+02
2.753784790039062500e+02
4.526287231445312500e+02
6.243507690429687500e+02
3.782447204589843750e+02
4.270395202636718750e+02
5.819791259765625000e+02
6.802049560546875000e+02
2.916507873535156250e+02
5.787775878906250000e+02
5.030985107421875000e+02
3.587444152832031250e+02
8.789331054687500000e+02
3.211087951660156250e+02
4.183116149902343750e+01
5.188006591796875000e+02
4.151690673828125000e+02
8.128165893554687500e+02
7.124396972656250000e+02
4.180154724121093750e+02
5.420078735351562500e+02
1.060171630859375000e+03
7.104631347656250000e+02
6.492550048828125000e+02
3.182294006347656250e+02
5.301658935546875000e+02
2.761945800781250000e+02
2.941643066406250000e+02
4.555679626464843750e+02
4.110233459472656250e+02
3.682645568847656250e+02
5.837007446289062500e+02
8.899005737304687500e+02
3.025144653320312500e+02
3.101647644042968750e+02
6.091358642578125000e+02
4.620305175781250000e+02
5.295095825195312500e+02
9.485548095703125000e+02
2.397991485595703125e+02
4.790456848144531250e+02
3.357547607421875000e+02
3.284617614746093750e+02
6.406796264648437500e+02
7.948073120117187500e+02
4.888728332519531250e+02
4.500019531250000000e+02
9.312279663085937500e+02
2.601983642578125000e+02
1.962840423583984375e+02
1.294511413574218750e+02
3.123397216796875000e+02
3.894308471679687500e+02
1.177715911865234375e+02
2.414314117431640625e+02
3.835834350585937500e+02
2.443807525634765625e+02
8.369791412353515625e+01
7.691384887695312500e+02
3.554552307128906250e+02
5.539921875000000000e+02
4.986129760742187500e+02
5.411475219726562500e+02
4.845903320312500000e+02
3.366372680664062500e+02
7.870625610351562500e+02
6.971548461914062500e+02
5.258657836914062500e+02
5.781410522460937500e+02
7.823209228515625000e+02
2.346797943115234375e+02
3.523000488281250000e+02
3.860258178710937500e+02
1.167401351928710938e+02
5.709644775390625000e+02
3.455003967285156250e+02
3.045706481933593750e+02
7.428674926757812500e+02
6.979133300781250000e+02
4.547144165039062500e+02
1.719583282470703125e+02
1.815363616943359375e+02
2.901531982421875000e+02
3.253010253906250000e+02
1.285010864257812500e+03
3.209293212890625000e+02
4.412409667968750000e+02
1.633166503906250000e+02
1.044805068969726562e+02
7.944580078125000000e+02
6.440795288085937500e+02
1.409748992919921875e+02
2.039253082275390625e+02
2.825583801269531250e+02
5.046796875000000000e+02
2.415110168457031250e+02
3.168492126464843750e+02
6.567662963867187500e+02
4.335729064941406250e+02
5.004787902832031250e+02
2.868663024902343750e+02
4.341862487792968750e+02
5.117171630859375000e+02
5.689240112304687500e+02
6.756229858398437500e+02
4.262230834960937500e+02
3.910978088378906250e+02
1.896702423095703125e+02
5.848218994140625000e+02
5.853172607421875000e+02
3.304139099121093750e+02
2.780157775878906250e+02
3.544981384277343750e+02
2.250523071289062500e+02
2.662591552734375000e+02
4.278537902832031250e+02
4.045370788574218750e+02
5.565022583007812500e+02
7.319712524414062500e+02
7.075728759765625000e+02
5.338854370117187500e+02
3.646329040527343750e+02
6.781375732421875000e+02
5.381164550781250000e+02
4.862197265625000000e+02
4.565969543457031250e+02
7.248744506835937500e+02
7.790868530273437500e+02
4.666809082031250000e+02
3.045263366699218750e+02
5.148272094726562500e+02
7.365521240234375000e+02
7.255415039062500000e+02
5.117511901855468750e+02
4.886001281738281250e+02
3.070799560546875000e+02
4.347645874023437500e+02
5.970534057617187500e+02
5.850747680664062500e+02
3.870071716308593750e+02
5.449203491210937500e+02
6.794409179687500000e+02
3.693578796386718750e+02
5.167244873046875000e+02
4.375644836425781250e+02
2.197525787353515625e+02
8.695656585693359375e+01
1.268252334594726562e+02
4.119785766601562500e+02
5.924903564453125000e+02
4.986406250000000000e+02
2.606357727050781250e+02
7.562892456054687500e+02
3.441856689453125000e+02
6.768154296875000000e+02
4.575368347167968750e+02
3.236508178710937500e+02
2.545750274658203125e+02
4.238576049804687500e+02
2.431778717041015625e+02
2.137738800048828125e+02
5.038907775878906250e+02
3.043848571777343750e+02
4.048348693847656250e+02
2.406458282470703125e+02
5.812742919921875000e+02
3.282818298339843750e+02
5.119195556640625000e+02
5.418869018554687500e+02
2.638406066894531250e+02
3.908247985839843750e+02
3.084230957031250000e+02
5.136163940429687500e+02
3.226465454101562500e+02
2.268378601074218750e+02
2.553054351806640625e+02
2.595688171386718750e+02
6.265219726562500000e+02
9.552133178710937500e+01
5.012080383300781250e+02
2.699207458496093750e+02
5.249324951171875000e+02
4.746895751953125000e+02
4.146617126464843750e+02
2.140608367919921875e+02
3.989935302734375000e+02
9.368917846679687500e+02
9.684008789062500000e+02
2.213141174316406250e+02
3.849602966308593750e+02
3.788837585449218750e+02
2.541585083007812500e+02
5.703068847656250000e+02
3.626508178710937500e+02
3.617259216308593750e+02
3.719743041992187500e+02
5.251887207031250000e+02
9.970571289062500000e+02
5.459234619140625000e+02
3.898352966308593750e+02
9.779769897460937500e+02
4.107756042480468750e+02
5.632456665039062500e+02
4.148232116699218750e+02
8.274216918945312500e+02
3.858688354492187500e+02
6.237767410278320312e+01
2.658865661621093750e+02
6.451445312500000000e+02
6.324923095703125000e+02
2.365212707519531250e+02
4.835533142089843750e+02
3.241452026367187500e+02
3.803247680664062500e+02
8.837067260742187500e+02
6.207243041992187500e+02
6.410842895507812500e+02
8.838968505859375000e+02
4.729182739257812500e+02
4.029407958984375000e+02
4.378038330078125000e+02
8.680626220703125000e+02
1.081734985351562500e+03
4.446282958984375000e+02
3.840086975097656250e+02
3.467279968261718750e+02
5.641614379882812500e+02
1.076061279296875000e+03
3.617626037597656250e+02
5.964710083007812500e+02
3.138952331542968750e+02
2.908607788085937500e+02
8.349146118164062500e+02
6.113705444335937500e+02
4.838858337402343750e+02
5.425833740234375000e+02
3.514800109863281250e+02
4.846920471191406250e+02
2.409619140625000000e+02
4.504156799316406250e+02
5.250128173828125000e+02
6.064593505859375000e+02
8.714584960937500000e+02
1.384252929687500000e+02
2.990497436523437500e+02
6.473170776367187500e+02
6.575997924804687500e+02
4.892163085937500000e+02
4.766124572753906250e+02
7.673911132812500000e+02
8.650016479492187500e+02
1.233438339233398438e+02
2.675056152343750000e+02
2.554496612548828125e+02
2.356970214843750000e+02
6.643414306640625000e+02
4.206490478515625000e+02
5.417977905273437500e+02
5.591881103515625000e+02
2.304514923095703125e+02
3.668515625000000000e+02
5.083261413574218750e+02
4.606594238281250000e+02
7.683182373046875000e+02
5.933709106445312500e+02
4.223699035644531250e+02
2.128719787597656250e+02
4.922274169921875000e+02
5.479923706054687500e+02
4.706060485839843750e+02
5.907418823242187500e+02
5.420230102539062500e+02
8.625989990234375000e+02
5.257752075195312500e+02
4.063757934570312500e+02
2.340946350097656250e+02
2.959868774414062500e+02
7.724194946289062500e+02
4.329965820312500000e+02
4.175711669921875000e+02
5.830402832031250000e+02
5.393957519531250000e+02
2.311363983154296875e+02
4.743702697753906250e+02
2.995404052734375000e+02
4.425925598144531250e+02
4.515669555664062500e+02
1.853840026855468750e+02
6.124951782226562500e+02
3.861188964843750000e+02
4.968200988769531250e+02
4.766389465332031250e+02
7.131879882812500000e+02
3.000345764160156250e+02
4.894880676269531250e+02
4.796436157226562500e+02
3.675085754394531250e+02
4.217390441894531250e+02
2.837684326171875000e+02
5.462501220703125000e+02
4.376291809082031250e+02
2.769602355957031250e+02
2.728113098144531250e+02
4.797796630859375000e+02
4.129516601562500000e+02
2.164577178955078125e+02
1.077163696289062500e+03
3.839451904296875000e+02
2.840545349121093750e+02
5.163666992187500000e+02
7.218787231445312500e+02
2.648495788574218750e+02
7.991028442382812500e+02
3.442929687500000000e+02
9.833568115234375000e+02
4.026221923828125000e+02
5.397415771484375000e+02
2.855643310546875000e+02
3.101509399414062500e+02
7.212996215820312500e+02
3.784644165039062500e+02
6.090608520507812500e+02
4.225899047851562500e+02
3.828570861816406250e+02
5.409956665039062500e+02
1.964713592529296875e+02
3.002164001464843750e+02
4.153509826660156250e+02
6.943142700195312500e+02
6.630197753906250000e+02
8.430500030517578125e+01
1.637115783691406250e+02
5.333798217773437500e+02
7.802138061523437500e+02
5.874291992187500000e+02
1.389369201660156250e+02
2.883163146972656250e+02
5.185724487304687500e+02
4.514272766113281250e+02
7.919887695312500000e+02
6.369229736328125000e+02
1.077404098510742188e+02
4.148558349609375000e+02
4.661847534179687500e+02
8.154701995849609375e+01
4.580276184082031250e+02
2.702383117675781250e+02
7.287445068359375000e+02
5.360612792968750000e+02
5.344113159179687500e+02
1.533504638671875000e+02
2.864010009765625000e+02
2.274388885498046875e+02
5.430106811523437500e+02
3.671736755371093750e+02
4.618785095214843750e+02
5.653454589843750000e+02
9.487789916992187500e+02
6.366940307617187500e+02
1.840782623291015625e+02
3.617634582519531250e+02
3.713974914550781250e+02
3.819337463378906250e+02
3.412991027832031250e+02
4.416914978027343750e+02
4.529698486328125000e+02
5.167200927734375000e+02
