2.349192199707031250e+02
5.162787475585937500e+02
5.778788452148437500e+02
3.145313415527343750e+02
3.497247924804687500e+02
1.709896697998046875e+02
5.040016479492187500e+02
6.637020263671875000e+02
4.164786682128906250e+02
6.535596313476562500e+02
1.262565917968750000e+02
2.857872009277343750e+02
4.380670471191406250e+02
2.324977722167968750e+02
2.452546539306640625e+02
7.149202270507812500e+02
3.925543823242187500e+02
6.137689819335937500e+02
3.433462219238281250e+02
4.350949401855468750e+02
5.893681640625000000e+02
2.192183227539062500e+02
4.237099914550781250e+02
5.448244018554687500e+02
4.567575683593750000e+02
5.126378784179687500e+02
1.214399490356445312e+02
9.787092895507812500e+02
4.644527282714843750e+02
3.241792907714843750e+02
2.860520935058593750e+02
4.160489501953125000e+02
3.041492004394531250e+02
3.306620788574218750e+02
4.048932189941406250e+02
5.480646972656250000e+02
2.636689758300781250e+02
1.028813110351562500e+03
5.118887329101562500e+02
5.281475830078125000e+02
5.407910766601562500e+02
1.988327026367187500e+02
5.162598876953125000e+02
4.333866577148437500e+02
2.674189453125000000e+02
1.834152374267578125e+02
9.978078613281250000e+02
3.264405517578125000e+02
3.591717834472656250e+02
5.566221923828125000e+02
5.401566162109375000e+02
5.578651123046875000e+02
6.939490966796875000e+02
2.917410278320312500e+02
2.872573852539062500e+02
4.176596984863281250e+02
2.666326904296875000e+02
5.966270751953125000e+02
3.827041625976562500e+02
5.297698974609375000e+02
2.817200927734375000e+02
7.412845458984375000e+02
8.359120483398437500e+02
4.450499877929687500e+02
1.056885864257812500e+03
6.243786621093750000e+02
3.973096923828125000e+02
2.944470520019531250e+02
3.081067810058593750e+02
2.717820739746093750e+02
4.115205078125000000e+02
8.319157714843750000e+02
8.539237213134765625e+01
5.180421752929687500e+02
8.190150756835937500e+02
3.873040466308593750e+02
6.169277343750000000e+02
4.689845275878906250e+02
3.147157592773437500e+02
9.838952026367187500e+02
1.432646026611328125e+02
4.836796569824218750e+02
4.968870239257812500e+02
4.678041381835937500e+02
2.001348724365234375e+02
4.503204956054687500e+02
4.982658081054687500e+02
2.016319885253906250e+02
3.171774902343750000e+02
2.952267150878906250e+02
7.600319213867187500e+02
2.530314941406250000e+02
5.154180297851562500e+02
4.556934204101562500e+02
2.971814270019531250e+02
2.968278503417968750e+02
2.085096893310546875e+02
6.587150878906250000e+02
2.712705993652343750e+02
3.487327880859375000e+02
2.150570983886718750e+02
5.701153564453125000e+02
2.981711120605468750e+02
5.389977416992187500e+02
5.092280578613281250e+02
5.483126831054687500e+02
5.140424194335937500e+02
3.987170410156250000e+02
3.907049865722656250e+02
6.499243774414062500e+02
2.572989501953125000e+02
4.388476257324218750e+02
4.386417846679687500e+02
2.930815734863281250e+02
6.886481475830078125e+01
5.846835327148437500e+02
1.715233306884765625e+02
1.889123382568359375e+02
7.309582519531250000e+02
5.130486450195312500e+02
2.093877258300781250e+02
5.964289550781250000e+02
5.208761596679687500e+02
7.243044433593750000e+02
2.436729278564453125e+02
5.340108642578125000e+02
6.455906982421875000e+02
4.060342102050781250e+02
6.495290527343750000e+02
5.414758300781250000e+02
5.183052978515625000e+02
4.948401794433593750e+02
4.303454284667968750e+02
3.376342468261718750e+02
3.284081726074218750e+02
2.391560821533203125e+02
6.005711059570312500e+02
6.301259765625000000e+02
1.318714141845703125e+02
3.110749511718750000e+02
3.012348937988281250e+02
2.106551666259765625e+02
4.620952148437500000e+02
3.792854919433593750e+02
3.954898376464843750e+02
1.651619567871093750e+02
3.783583984375000000e+02
4.781463623046875000e+02
4.233793945312500000e+02
1.739258880615234375e+02
2.714622116088867188e+01
3.969549865722656250e+02
3.497831726074218750e+02
4.399139709472656250e+02
4.790632019042968750e+02
5.557103271484375000e+02
3.947913513183593750e+02
8.011116333007812500e+02
5.217160644531250000e+02
5.734832153320312500e+02
2.766895446777343750e+02
6.368572998046875000e+02
9.429513549804687500e+02
7.679965209960937500e+02
6.234563598632812500e+02
5.624340209960937500e+02
3.144302368164062500e+02
2.956393737792968750e+02
4.330894165039062500e+02
4.979010620117187500e+02
5.812520141601562500e+02
5.689674682617187500e+02
5.129589843750000000e+02
2.131178283691406250e+02
3.404541015625000000e+02
4.371022033691406250e+02
8.040374755859375000e+01
4.257191772460937500e+02
6.697567138671875000e+02
4.180525817871093750e+02
6.342954711914062500e+02
4.630689086914062500e+02
3.290250244140625000e+02
1.975207824707031250e+02
7.656948242187500000e+02
5.557314453125000000e+02
2.697650451660156250e+02
7.478853149414062500e+02
3.834359130859375000e+02
3.763723144531250000e+02
1.446007385253906250e+02
4.630559539794921875e+01
5.563751831054687500e+02
3.241876525878906250e+02
4.440495605468750000e+02
6.939691772460937500e+02
4.824414978027343750e+02
3.940426635742187500e+02
8.266688232421875000e+02
3.566878051757812500e+02
6.572730712890625000e+02
4.297235412597656250e+02
2.904055175781250000e+02
3.194983520507812500e+02
2.685523986816406250e+02
4.768656311035156250e+02
9.010369262695312500e+02
5.356076660156250000e+02
4.145055847167968750e+02
3.082912902832031250e+02
4.425783691406250000e+02
5.171838989257812500e+02
5.681367797851562500e+02
2.997081298828125000e+02
7.393043823242187500e+02
5.337388305664062500e+02
3.185225524902343750e+02
1.961497344970703125e+02
4.017617187500000000e+02
1.019221740722656250e+03
4.425735168457031250e+02
3.559204406738281250e+02
5.217417602539062500e+02
1.189203948974609375e+02
3.250961914062500000e+02
5.141060180664062500e+02
6.304139404296875000e+02
3.414909057617187500e+02
2.038814697265625000e+02
3.261685562133789062e+01
6.809822387695312500e+02
1.981264648437500000e+02
5.966080932617187500e+02
3.679130859375000000e+02
5.449962768554687500e+02
4.678016662597656250e+02
4.033536376953125000e+02
9.835318603515625000e+02
2.386798400878906250e+02
1.357340393066406250e+02
7.170054321289062500e+02
3.226687316894531250e+02
4.756253662109375000e+02
5.595899658203125000e+02
6.890603637695312500e+02
6.560708618164062500e+02
8.106206665039062500e+02
1.354430084228515625e+02
5.297756347656250000e+02
6.095240478515625000e+02
1.008166015625000000e+03
4.773521728515625000e+02
2.544400177001953125e+02
2.413017425537109375e+02
3.957066040039062500e+02
7.207794799804687500e+02
2.361584014892578125e+02
5.521654663085937500e+02
5.143659667968750000e+02
5.403365478515625000e+02
7.006688842773437500e+02
4.510677185058593750e+02
3.056838378906250000e+02
3.802628173828125000e+02
5.739439697265625000e+02
8.102603759765625000e+02
3.811606140136718750e+02
1.776079559326171875e+02
1.180806396484375000e+03
5.389161987304687500e+02
4.133511047363281250e+02
2.894395446777343750e+02
4.507175598144531250e+02
2.744919433593750000e+02
1.835791473388671875e+02
2.080227661132812500e+02
7.465310668945312500e+02
5.103934631347656250e+02
3.851343383789062500e+02
4.240586853027343750e+02
4.172130432128906250e+02
7.193989562988281250e+01
5.924833984375000000e+02
5.825084228515625000e+02
4.134118041992187500e+02
5.426315917968750000e+02
3.087915954589843750e+02
4.529428405761718750e+02
7.694408569335937500e+02
3.540281372070312500e+02
4.254270935058593750e+02
2.715272827148437500e+02
5.850040283203125000e+02
1.368181152343750000e+02
3.074036560058593750e+02
2.898251647949218750e+02
2.361773834228515625e+02
6.161256713867187500e+02
3.697520141601562500e+02
7.160214843750000000e+02
2.382813110351562500e+02
4.491291503906250000e+02
9.102021789550781250e+01
4.333259582519531250e+02
4.824903564453125000e+02
3.498916625976562500e+02
6.987753906250000000e+02
2.805033264160156250e+02
4.787944030761718750e+02
6.346158447265625000e+02
5.614981079101562500e+02
6.580793457031250000e+02
7.582789916992187500e+02
2.694768676757812500e+02
4.854104919433593750e+02
3.791996154785156250e+02
5.024118041992187500e+02
7.356926269531250000e+02
3.903853149414062500e+02
3.793278808593750000e+02
2.128983917236328125e+02
6.061629028320312500e+02
4.372645874023437500e+02
3.939480895996093750e+02
5.478113403320312500e+02
8.342301635742187500e+02
3.061338806152343750e+02
3.163302307128906250e+02
3.905533447265625000e+02
7.349159545898437500e+02
5.056399230957031250e+02
2.061201171875000000e+02
1.960740814208984375e+02
4.193536376953125000e+02
6.638659057617187500e+02
6.490324707031250000e+02
5.770291137695312500e+02
1.277689208984375000e+02
5.177964477539062500e+02
3.543212890625000000e+02
4.584966735839843750e+02
1.715772827148437500e+03
5.779597167968750000e+02
5.499250488281250000e+02
4.998471984863281250e+02
2.337541046142578125e+02
3.744934082031250000e+02
3.792564697265625000e+02
4.381637573242187500e+02
7.956274414062500000e+02
4.647737731933593750e+02
5.783890380859375000e+02
1.038998779296875000e+03
5.861839599609375000e+02
4.699132385253906250e+02
2.882046508789062500e+02
3.238871459960937500e+02
7.888148803710937500e+02
2.349153594970703125e+02
2.785374755859375000e+02
2.417292327880859375e+02
4.522584228515625000e+02
3.845802612304687500e+02
2.363413085937500000e+02
6.326008911132812500e+02
6.419977416992187500e+02
3.550408935546875000e+02
7.971107177734375000e+02
6.292135009765625000e+02
2.635326843261718750e+02
3.684648437500000000e+02
1.058044311523437500e+03
6.274419555664062500e+02
9.219531860351562500e+02
4.096351013183593750e+02
3.533847045898437500e+02
8.997992553710937500e+02
3.863383178710937500e+02
1.218460769653320312e+02
6.243051147460937500e+02
2.119540252685546875e+02
3.194271545410156250e+02
4.419552001953125000e+02
2.154071655273437500e+02
6.989820556640625000e+02
3.317465515136718750e+02
1.803775329589843750e+02
5.759155883789062500e+02
5.388316650390625000e+02
3.918025512695312500e+02
4.654926452636718750e+02
2.729955139160156250e+02
1.741159210205078125e+02
6.274724731445312500e+02
4.342976074218750000e+02
5.054431152343750000e+02
4.104802551269531250e+02
6.188053588867187500e+02
5.533608398437500000e+02
1.964965972900390625e+02
6.540238037109375000e+02
4.724441223144531250e+02
4.897331848144531250e+02
7.268322753906250000e+02
7.544963989257812500e+02
3.237078247070312500e+02
6.799301147460937500e+02
4.060566711425781250e+02
4.326962585449218750e+02
3.360400390625000000e+02
3.337248840332031250e+02
5.321908569335937500e+02
4.890507507324218750e+02
3.702025756835937500e+02
3.735546875000000000e+02
2.754778137207031250e+02
5.503625488281250000e+02
2.841050415039062500e+02
4.235683288574218750e+02
3.731191101074218750e+02
4.922587585449218750e+02
7.915206298828125000e+02
6.226325073242187500e+02
1.866390075683593750e+02
7.726000976562500000e+02
4.857447814941406250e+02
3.102124023437500000e+02
6.096715698242187500e+02
6.237790527343750000e+02
6.211823120117187500e+02
5.241871337890625000e+02
8.037673950195312500e+02
7.737495727539062500e+02
7.213886108398437500e+02
4.720695495605468750e+02
3.147258300781250000e+02
5.804092407226562500e+02
1.916009368896484375e+02
4.496995544433593750e+02
4.973130798339843750e+02
5.549013671875000000e+02
4.040682983398437500e+02
4.796843261718750000e+02
3.336834411621093750e+02
2.571430053710937500e+02
1.336357269287109375e+02
3.743832092285156250e+02
4.108933410644531250e+02
5.425053710937500000e+02
6.148161010742187500e+02
2.082644195556640625e+02
2.898729858398437500e+02
3.463949279785156250e+02
5.552110595703125000e+02
6.132275390625000000e+02
8.788182373046875000e+02
7.506011352539062500e+02
3.730889587402343750e+02
4.145231018066406250e+02
2.452073364257812500e+02
5.571517944335937500e+02
3.878712463378906250e+02
2.668367919921875000e+02
4.046764526367187500e+02
6.552155761718750000e+02
5.891127929687500000e+02
1.091421875000000000e+03
2.474380798339843750e+02
4.293383483886718750e+02
3.779502868652343750e+02
6.388427734375000000e+02
2.357229614257812500e+02
3.676538696289062500e+02
3.137596740722656250e+02
6.161202392578125000e+02
1.355570678710937500e+03
2.448721160888671875e+02
6.987513427734375000e+02
1.777135620117187500e+02
4.020775756835937500e+02
4.341713256835937500e+02
3.224474792480468750e+02
3.127434082031250000e+02
1.353680572509765625e+02
5.755717163085937500e+02
2.744342346191406250e+02
9.512134399414062500e+02
5.654788818359375000e+02
9.692706298828125000e+02
6.981212158203125000e+02
6.950178222656250000e+02
4.053800964355468750e+02
6.020173950195312500e+02
4.520895996093750000e+02
9.526651763916015625e+01
4.506658325195312500e+02
3.709834289550781250e+02
6.535040893554687500e+02
6.221276245117187500e+02
3.561750488281250000e+02
1.000890014648437500e+03
5.491971435546875000e+02
5.491360473632812500e+02
3.132879333496093750e+02
4.985179748535156250e+02
3.114877319335937500e+02
9.220846557617187500e+02
4.282628479003906250e+02
4.138514709472656250e+02
2.808911743164062500e+02
5.473909301757812500e+02
4.401230773925781250e+02
2.717596130371093750e+02
9.532459716796875000e+02
2.621199340820312500e+02
3.603178710937500000e+02
5.504185180664062500e+02
5.193969726562500000e+02
5.594892578125000000e+02
4.785310668945312500e+02
4.342526855468750000e+02
2.189397583007812500e+02
3.199580993652343750e+02
5.357269897460937500e+02
3.381836853027343750e+02
2.445641632080078125e+02
4.222271118164062500e+02
4.604856567382812500e+02
8.102071533203125000e+02
6.059263305664062500e+02
4.688880004882812500e+02
5.663582763671875000e+02
4.350318603515625000e+02
5.067710266113281250e+02
9.998356933593750000e+02
6.286407470703125000e+02
6.416740112304687500e+02
3.699956054687500000e+02
4.471332397460937500e+02
6.312094726562500000e+02
4.949908447265625000e+02
4.905297851562500000e+02
2.274447937011718750e+02
4.882093811035156250e+02
4.369205932617187500e+02
1.301125488281250000e+02
2.057416992187500000e+02
6.334393920898437500e+02
4.687075195312500000e+02
2.413618316650390625e+02
1.342859191894531250e+02
2.011919097900390625e+02
1.398142395019531250e+02
6.418406372070312500e+02
6.275684204101562500e+02
3.815199890136718750e+02
3.009557800292968750e+02
1.969261779785156250e+02
1.165961914062500000e+03
6.970914306640625000e+02
3.336537780761718750e+02
1.930219268798828125e+02
4.690269165039062500e+02
4.619487304687500000e+02
3.750457763671875000e+02
2.814588012695312500e+02
5.414683227539062500e+02
4.875743408203125000e+02
7.392390747070312500e+02
6.238681640625000000e+02
5.147337036132812500e+02
6.014072875976562500e+02
3.933338012695312500e+02
2.556430969238281250e+02
9.631674804687500000e+02
5.708934936523437500e+02
5.725156860351562500e+02
4.095774230957031250e+02
5.292979736328125000e+02
3.354095764160156250e+02
7.899829101562500000e+02
2.117016601562500000e+02
4.788586730957031250e+02
5.806364746093750000e+02
3.833372497558593750e+02
1.130455474853515625e+02
9.027387695312500000e+02
4.606069641113281250e+02
5.703126831054687500e+02
2.013261413574218750e+02
2.470860595703125000e+02
5.403580932617187500e+02
2.533211517333984375e+02
1.494122161865234375e+02
3.815421142578125000e+02
1.834339904785156250e+02
3.237311096191406250e+02
3.411952819824218750e+02
7.518027343750000000e+02
8.834243774414062500e+02
4.026648254394531250e+02
3.570309753417968750e+02
7.468863525390625000e+02
5.636848144531250000e+02
3.448897705078125000e+02
3.440360107421875000e+02
4.622521057128906250e+02
3.680349731445312500e+02
6.114456787109375000e+02
1.995691070556640625e+02
6.103159790039062500e+02
5.867761230468750000e+02
6.095536499023437500e+02
8.534471435546875000e+02
4.965877380371093750e+02
3.446737365722656250e+02
4.330605773925781250e+02
7.852700195312500000e+02
2.913407287597656250e+02
6.381542968750000000e+02
1.000524597167968750e+02
2.053079681396484375e+02
4.080678710937500000e+02
2.704655761718750000e+02
2.564271240234375000e+02
6.842919921875000000e+02
3.680564575195312500e+02
3.956387634277343750e+02
5.244890747070312500e+02
3.942957458496093750e+02
1.857502441406250000e+02
5.810164184570312500e+02
2.214079284667968750e+02
2.902147216796875000e+02
5.638004150390625000e+02
4.258242492675781250e+02
5.125039672851562500e+02
3.818321228027343750e+02
4.244378356933593750e+02
6.591984252929687500e+02
5.138555297851562500e+02
2.010423736572265625e+02
1.639460754394531250e+02
4.240009460449218750e+02
7.027624511718750000e+02
1.442379760742187500e+02
1.737455596923828125e+02
5.681807250976562500e+02
4.889018249511718750e+02
5.140933227539062500e+02
3.640129699707031250e+02
3.593903198242187500e+02
6.688690795898437500e+02
3.824871826171875000e+02
6.962794799804687500e+02
6.053430175781250000e+02
3.314905700683593750e+02
4.669987487792968750e+02
6.407370605468750000e+02
5.506700439453125000e+02
7.199254150390625000e+02
4.383825988769531250e+02
5.922984619140625000e+02
3.862988586425781250e+02
5.278962402343750000e+02
1.685281677246093750e+02
2.379442749023437500e+02
2.725589904785156250e+02
6.051832885742187500e+02
1.116191558837890625e+02
2.588166503906250000e+02
8.466561126708984375e+01
1.259201202392578125e+02
8.521718139648437500e+02
4.908941040039062500e+02
2.907810058593750000e+02
5.194390258789062500e+02
4.163390502929687500e+02
6.013448486328125000e+02
7.801020507812500000e+02
1.130409912109375000e+03
3.017962646484375000e+02
6.255158691406250000e+02
1.079329681396484375e+02
4.981625366210937500e+02
4.658188476562500000e+02
2.017328491210937500e+02
5.794212646484375000e+02
5.154431152343750000e+02
6.437797851562500000e+02
4.752077026367187500e+02
5.739243774414062500e+02
1.376037841796875000e+03
5.815776367187500000e+02
8.595429687500000000e+02
4.976085815429687500e+02
5.872835083007812500e+02
4.491930541992187500e+02
5.301668090820312500e+02
3.337081298828125000e+02
5.721983642578125000e+02
4.689420471191406250e+02
1.445877075195312500e+02
6.378152465820312500e+02
6.587337646484375000e+02
4.653915405273437500e+02
3.347724609375000000e+02
2.279111785888671875e+02
4.342210083007812500e+02
1.801596984863281250e+02
2.891999816894531250e+02
3.058646850585937500e+02
1.781522064208984375e+02
5.117296447753906250e+02
3.339184265136718750e+02
4.170706481933593750e+02
4.832301330566406250e+02
2.525338439941406250e+02
4.724137878417968750e+02
2.736673889160156250e+02
1.661280822753906250e+02
3.547511596679687500e+02
2.414155883789062500e+02
2.142998962402343750e+02
4.090643005371093750e+02
2.839320678710937500e+02
6.036133422851562500e+02
8.416162719726562500e+02
1.163152313232421875e+02
2.853411254882812500e+02
4.872212219238281250e+02
2.363282165527343750e+02
1.455677185058593750e+02
2.444071960449218750e+02
1.018149536132812500e+03
1.804161224365234375e+02
6.731893310546875000e+02
7.886548461914062500e+02
5.139345092773437500e+02
9.550621948242187500e+02
3.119730529785156250e+02
3.970107727050781250e+02
3.683287658691406250e+02
5.028286132812500000e+02
9.535104370117187500e+02
3.556138305664062500e+02
3.489918518066406250e+02
3.685867614746093750e+02
2.043452301025390625e+02
1.686932525634765625e+02
1.478229370117187500e+02
4.195616760253906250e+02
6.055933837890625000e+02
5.003307800292968750e+02
5.950814208984375000e+02
2.924168395996093750e+02
5.117239990234375000e+02
7.902736206054687500e+02
4.195612487792968750e+02
3.517140197753906250e+02
5.236416625976562500e+02
1.827619018554687500e+02
3.529209289550781250e+02
5.112358398437500000e+02
2.298835754394531250e+02
5.034467163085937500e+02
1.920758209228515625e+02
2.482074279785156250e+02
3.191323852539062500e+02
4.467120056152343750e+02
6.881633300781250000e+02
2.157420959472656250e+02
3.418705444335937500e+02
3.462546997070312500e+02
4.749851074218750000e+02
1.444640350341796875e+02
6.996283569335937500e+02
4.492753906250000000e+02
4.235918579101562500e+02
3.701930541992187500e+02
3.329410400390625000e+02
5.070933837890625000e+02
2.487723541259765625e+02
4.113655090332031250e+02
4.755264892578125000e+02
5.313450317382812500e+02
3.036665649414062500e+02
2.065794067382812500e+02
5.998383789062500000e+02
4.708958435058593750e+02
8.250695800781250000e+02
3.445091247558593750e+02
2.777098693847656250e+02
4.401456298828125000e+02
4.892174682617187500e+02
5.789010009765625000e+02
7.765771484375000000e+02
4.002347717285156250e+02
6.919686126708984375e+01
3.957769165039062500e+02
1.010293334960937500e+03
3.234881286621093750e+02
5.511873779296875000e+02
2.670881958007812500e+02
1.363963165283203125e+02
8.797628173828125000e+02
1.845701293945312500e+02
2.534267272949218750e+02
2.427432708740234375e+02
1.645044403076171875e+02
5.567424926757812500e+02
3.121552124023437500e+02
8.863441162109375000e+02
4.095361938476562500e+02
3.288582153320312500e+02
4.845770568847656250e+02
4.838700866699218750e+02
4.679543762207031250e+02
3.642177734375000000e+02
1.995739440917968750e+02
3.040959472656250000e+02
6.435980834960937500e+02
5.993583984375000000e+02
4.099784240722656250e+02
5.643212280273437500e+02
4.327647399902343750e+02
5.753992919921875000e+02
3.718637695312500000e+02
5.703322753906250000e+02
5.541354980468750000e+02
6.727773437500000000e+02
3.351059875488281250e+02
6.670687255859375000e+02
4.320164794921875000e+02
4.626105651855468750e+02
3.954918823242187500e+02
2.982323303222656250e+02
5.723988647460937500e+02
2.389566192626953125e+02
1.688149719238281250e+02
5.975514526367187500e+02
3.232704162597656250e+02
4.322317504882812500e+02
3.122285156250000000e+02
7.879018554687500000e+02
3.220106506347656250e+02
6.912130126953125000e+02
4.044535522460937500e+02
4.437968139648437500e+02
2.104931182861328125e+02
3.164855346679687500e+02
3.674794311523437500e+02
3.424326477050781250e+02
3.898692321777343750e+02
3.548996887207031250e+02
3.690650329589843750e+02
7.585087890625000000e+02
5.337131958007812500e+02
3.757467651367187500e+02
6.590900878906250000e+02
5.370167236328125000e+02
9.576686096191406250e+01
5.501014404296875000e+02
3.264804687500000000e+02
2.993997802734375000e+02
2.310899810791015625e+02
1.839973297119140625e+02
6.429308471679687500e+02
7.285426025390625000e+02
3.605007629394531250e+02
2.108384094238281250e+02
4.097822265625000000e+02
3.494463500976562500e+02
4.534860534667968750e+02
2.333985595703125000e+02
4.973348388671875000e+02
2.223759918212890625e+02
3.459102783203125000e+02
3.598735961914062500e+02
4.421268005371093750e+02
3.295254516601562500e+02
7.470957641601562500e+02
3.051434326171875000e+02
3.595151977539062500e+02
5.743212890625000000e+02
1.086416549682617188e+02
2.474788665771484375e+02
6.648358764648437500e+02
2.104584045410156250e+02
6.218905639648437500e+02
2.019437408447265625e+02
2.303161621093750000e+02
2.924689941406250000e+02
3.317771606445312500e+02
5.150156860351562500e+02
3.376324157714843750e+02
1.117982635498046875e+02
2.258936004638671875e+02
6.558051147460937500e+02
7.701394653320312500e+02
5.354531860351562500e+02
4.748574829101562500e+02
7.190715942382812500e+02
2.452918090820312500e+02
7.232653808593750000e+02
5.747247314453125000e+02
4.446081848144531250e+02
2.781109619140625000e+02
5.047619628906250000e+02
2.263684997558593750e+02
2.561441650390625000e+02
4.186515808105468750e+02
3.960246887207031250e+02
4.520141601562500000e+02
2.024213256835937500e+02
3.028589172363281250e+02
2.346937255859375000e+02
6.005536499023437500e+02
9.957289886474609375e+01
2.761527099609375000e+02
2.068272094726562500e+02
6.817103881835937500e+02
3.302279663085937500e+02
3.343493041992187500e+02
8.061048583984375000e+02
5.815390014648437500e+02
3.075342712402343750e+02
1.370076782226562500e+03
4.912418212890625000e+02
3.595606994628906250e+02
4.339425048828125000e+02
2.403104248046875000e+02
5.819537963867187500e+02
3.853474426269531250e+02
5.664573364257812500e+02
5.399035034179687500e+02
3.010463562011718750e+02
5.108942565917968750e+02
2.811979675292968750e+02
1.626011810302734375e+02
5.235482177734375000e+02
4.510463562011718750e+02
4.456813964843750000e+02
9.786400146484375000e+02
1.312676696777343750e+02
5.660372314453125000e+02
7.708247070312500000e+02
2.731740722656250000e+02
2.574065246582031250e+02
4.549573974609375000e+02
4.320880126953125000e+02
3.253944702148437500e+02
8.260012207031250000e+02
3.627954101562500000e+02
4.262132568359375000e+02
4.075014038085937500e+02
4.961581420898437500e+02
1.822425231933593750e+02
6.372395629882812500e+02
2.089899597167968750e+02
2.686762695312500000e+02
9.744070434570312500e+01
4.895000915527343750e+02
5.729438476562500000e+02
7.023444213867187500e+02
4.471289672851562500e+02
3.353538208007812500e+02
3.075634765625000000e+02
6.455468750000000000e+02
9.227356719970703125e+01
6.340419311523437500e+02
3.397937316894531250e+02
2.808905944824218750e+02
1.651887359619140625e+02
5.479381713867187500e+02
7.084834594726562500e+02
5.763696289062500000e+02
3.791650085449218750e+02
5.173118286132812500e+02
6.630915069580078125e+01
7.554489135742187500e+02
1.111997802734375000e+03
2.125724945068359375e+02
2.483976593017578125e+02
3.221779785156250000e+02
6.304145431518554688e+01
4.370297851562500000e+02
3.910182800292968750e+02
5.142819824218750000e+02
5.516678466796875000e+02
4.636444702148437500e+02
3.555939331054687500e+02
9.529045867919921875e+01
2.234284515380859375e+02
2.929379272460937500e+02
4.772408142089843750e+02
2.461286163330078125e+02
3.978079528808593750e+02
2.591069641113281250e+02
6.967494506835937500e+02
5.769121704101562500e+02
4.233563842773437500e+02
9.407070312500000000e+02
2.119986572265625000e+02
4.132149353027343750e+02
3.019789733886718750e+02
3.677704467773437500e+02
1.182286987304687500e+02
4.633513488769531250e+02
4.815885620117187500e+02
3.054387512207031250e+02
3.401195068359375000e+02
3.283234252929687500e+02
3.614961547851562500e+02
2.488113861083984375e+02
4.191370544433593750e+02
4.846620178222656250e+02
4.677003784179687500e+02
2.367996673583984375e+02
2.697757568359375000e+02
3.291944274902343750e+02
5.050910034179687500e+02
5.400632934570312500e+02
1.216185668945312500e+03
3.099310302734375000e+02
1.361118774414062500e+02
5.274285278320312500e+02
3.561416625976562500e+02
5.615144042968750000e+02
4.983629150390625000e+02
4.208388061523437500e+02
3.322207336425781250e+02
3.088226013183593750e+02
7.502571411132812500e+02
5.595211791992187500e+02
3.753152465820312500e+02
3.709381408691406250e+02
4.459602966308593750e+02
2.099007873535156250e+02
2.332566833496093750e+02
7.063500366210937500e+02
4.663368835449218750e+02
3.912368164062500000e+02
6.676391601562500000e+02
1.599009246826171875e+02
8.916401367187500000e+02
5.096817626953125000e+02
4.424625244140625000e+02
8.849940185546875000e+02
7.905612182617187500e+02
1.809372863769531250e+02
5.569166870117187500e+02
5.973811645507812500e+02
6.716517333984375000e+02
4.958517150878906250e+02
3.443529052734375000e+02
4.121394653320312500e+02
3.521046752929687500e+02
5.695105590820312500e+02
4.523370056152343750e+02
9.414094238281250000e+02
4.899259338378906250e+02
3.293408203125000000e+02
3.515109252929687500e+02
2.370009613037109375e+02
8.699118041992187500e+02
4.759268188476562500e+02
3.917652893066406250e+02
3.683426208496093750e+02
3.026061401367187500e+02
2.637332458496093750e+02
2.994255676269531250e+02
2.141149597167968750e+02
5.189395141601562500e+02
7.138116455078125000e+02
1.543396606445312500e+02
3.186960449218750000e+02
4.852740478515625000e+02
5.858147583007812500e+02
3.308171691894531250e+02
4.332149047851562500e+02
3.504016723632812500e+02
4.623485412597656250e+02
6.121252441406250000e+02
4.912973327636718750e+02
3.804032287597656250e+02
1.572303924560546875e+02
5.205103149414062500e+02
7.269434204101562500e+02
6.120516967773437500e+02
9.664308166503906250e+01
7.417109375000000000e+02
9.484274902343750000e+02
4.360988159179687500e+02
1.470226593017578125e+02
4.955807800292968750e+02
6.368263549804687500e+02
3.842080993652343750e+02
6.284506835937500000e+02
3.449788818359375000e+02
3.909005126953125000e+02
5.878623046875000000e+02
9.103037261962890625e+01
9.839468383789062500e+02
4.160711364746093750e+02
1.654155578613281250e+02
1.036497314453125000e+03
3.944326782226562500e+02
3.351886291503906250e+02
4.379519348144531250e+02
4.844635009765625000e+02
6.986212158203125000e+02
9.527333068847656250e+01
5.351304931640625000e+02
4.269602661132812500e+02
3.145836486816406250e+02
5.919105224609375000e+02
2.764240722656250000e+02
2.512097167968750000e+02
3.393910522460937500e+02
2.086177215576171875e+02
6.329238891601562500e+02
6.850382080078125000e+02
2.416371154785156250e+02
5.011664428710937500e+02
3.541379699707031250e+02
1.844304046630859375e+02
3.977473144531250000e+02
2.242182922363281250e+02
8.084035034179687500e+02
1.547440490722656250e+02
3.908376159667968750e+02
6.852867431640625000e+02
3.724713134765625000e+02
5.893037719726562500e+02
6.064581298828125000e+02
9.159656982421875000e+02
3.942652282714843750e+02
3.992846069335937500e+02
5.394822998046875000e+02
2.432709350585937500e+02
4.439942626953125000e+02
2.732636413574218750e+02
2.954391479492187500e+02
4.673334350585937500e+02
1.912540588378906250e+02
5.796066894531250000e+02
6.966088256835937500e+02
2.830836181640625000e+02
4.127282409667968750e+02
3.109541625976562500e+02
5.130529174804687500e+02
2.242341461181640625e+02
5.415333251953125000e+02
3.483016052246093750e+02
4.454198303222656250e+02
5.638784790039062500e+02
1.949422149658203125e+02
1.920140228271484375e+02
7.617926635742187500e+02
1.351431884765625000e+02
2.085489654541015625e+02
3.276770019531250000e+02
7.208016357421875000e+02
2.048003234863281250e+02
8.849442749023437500e+02
9.016295776367187500e+02
7.880221557617187500e+02
6.820571899414062500e+02
3.473153686523437500e+02
4.896312561035156250e+02
6.862567749023437500e+02
6.505903320312500000e+02
1.482962493896484375e+02
7.341981811523437500e+02
7.152612915039062500e+02
5.799460449218750000e+02
2.987058105468750000e+02
8.824451293945312500e+02
1.989680633544921875e+02
8.119802246093750000e+02
6.398433837890625000e+02
3.038641967773437500e+02
3.377562561035156250e+02
4.048158264160156250e+02
4.223899536132812500e+02
5.059853515625000000e+02
2.042499847412109375e+02
3.889258728027343750e+02
7.280551757812500000e+02
6.246199340820312500e+02
5.071516113281250000e+02
3.128471679687500000e+02
4.812220458984375000e+02
5.931401367187500000e+02
1.756074676513671875e+02
2.920865173339843750e+02
5.751142578125000000e+02
6.309612426757812500e+02
5.128465576171875000e+02
3.284468078613281250e+02
1.698294219970703125e+02
4.368291015625000000e+02
4.678176879882812500e+02
4.660448913574218750e+02
4.666219177246093750e+02
4.280239562988281250e+02
2.009658050537109375e+02
4.306448974609375000e+02
5.473851928710937500e+02
4.248680419921875000e+02
5.969666290283203125e+01
3.827402038574218750e+02
6.859558105468750000e+02
1.952757415771484375e+02
3.863998107910156250e+02
4.557528381347656250e+02
7.424455566406250000e+02
3.154247741699218750e+02
2.762349243164062500e+02
4.677591247558593750e+02
1.774690093994140625e+02
6.277154541015625000e+02
9.996846923828125000e+02
4.564588928222656250e+02
3.562704162597656250e+02
1.390051513671875000e+03
3.442127685546875000e+02
5.995255737304687500e+02
5.367745971679687500e+02
4.744720458984375000e+02
5.460821533203125000e+02
4.001785278320312500e+02
7.465544433593750000e+02
3.299516296386718750e+02
4.704161987304687500e+02
2.793807067871093750e+02
5.943337402343750000e+02
9.955859985351562500e+02
6.206597290039062500e+02
4.619725646972656250e+02
4.230737609863281250e+02
3.192612457275390625e+01
4.735870361328125000e+02
2.937822875976562500e+02
8.132831420898437500e+02
5.885183715820312500e+02
2.790701293945312500e+02
4.301030273437500000e+02
5.774715576171875000e+02
6.650210571289062500e+02
6.506129760742187500e+02
2.437501983642578125e+02
2.356658630371093750e+02
6.327378540039062500e+02
1.546016235351562500e+02
2.348524932861328125e+02
6.621594848632812500e+02
5.239005126953125000e+02
4.682248840332031250e+02
6.184058227539062500e+02
1.042365356445312500e+03
3.079248962402343750e+02
8.696678466796875000e+02
5.021927795410156250e+02
6.628532104492187500e+02
4.329515991210937500e+02
3.858811645507812500e+02
4.211970520019531250e+02
6.742109985351562500e+02
4.378094177246093750e+02
3.977878112792968750e+02
6.654853515625000000e+02
3.787220153808593750e+02
5.194956665039062500e+02
5.477039184570312500e+02
3.806224365234375000e+02
5.594060058593750000e+02
7.537409057617187500e+02
4.681922607421875000e+02
2.852897033691406250e+02
5.006763916015625000e+02
4.616283874511718750e+02
3.262518920898437500e+02
3.816669921875000000e+02
1.187600173950195312e+02
3.589232177734375000e+02
8.720812988281250000e+01
3.006507263183593750e+02
6.822348632812500000e+02
4.192803344726562500e+02
4.200294799804687500e+02
3.631920471191406250e+02
3.623468017578125000e+02
1.462446594238281250e+02
5.169472045898437500e+02
3.385808105468750000e+02
4.857083740234375000e+02
5.696797485351562500e+02
3.457241516113281250e+02
2.396487274169921875e+02
6.451331176757812500e+02
3.366027526855468750e+02
2.150821838378906250e+02
6.896262817382812500e+02
5.241054077148437500e+02
2.444867401123046875e+02
5.180978393554687500e+02
3.722763366699218750e+02
5.393659057617187500e+02
3.519481811523437500e+02
4.628697814941406250e+02
4.356093139648437500e+02
8.442680053710937500e+02
7.148400878906250000e+02
6.078562011718750000e+02
5.394948120117187500e+02
7.566101074218750000e+02
3.014413757324218750e+02
6.577881469726562500e+02
2.032144470214843750e+02
5.523554077148437500e+02
5.867720336914062500e+02
4.090890808105468750e+02
4.835716857910156250e+02
2.232074584960937500e+02
4.967757568359375000e+02
2.737763977050781250e+02
3.689301757812500000e+02
4.537020263671875000e+02
2.847698364257812500e+02
4.346149597167968750e+02
4.804551696777343750e+02
1.548808135986328125e+02
1.831410675048828125e+02
4.774082031250000000e+02
9.857421112060546875e+01
5.542994995117187500e+02
8.676844482421875000e+02
3.403643188476562500e+02
5.060083007812500000e+02
5.998114624023437500e+02
5.539172363281250000e+02
8.258691406250000000e+01
4.590439758300781250e+02
4.429518432617187500e+02
7.763357543945312500e+02
7.707755737304687500e+02
6.294993896484375000e+02
2.278592071533203125e+02
2.215305938720703125e+02
5.566115722656250000e+02
3.597131958007812500e+02
1.634553222656250000e+02
2.039102630615234375e+02
7.096513061523437500e+02
1.616253204345703125e+02
4.720786132812500000e+02
6.562847290039062500e+02
3.518675231933593750e+02
5.555715332031250000e+02
3.172244262695312500e+02
2.839298400878906250e+02
8.834541015625000000e+02
2.093594360351562500e+02
6.628134155273437500e+02
6.616213378906250000e+02
4.382545166015625000e+02
3.493164672851562500e+02
5.418081054687500000e+02
2.979293823242187500e+02
4.011863403320312500e+02
4.351043395996093750e+02
3.777124023437500000e+02
2.341136016845703125e+02
6.717576293945312500e+02
4.429216613769531250e+02
4.097227478027343750e+02
5.447006225585937500e+02
9.627335815429687500e+02
4.931089172363281250e+02
3.931679687500000000e+02
5.600469970703125000e+02
1.528017425537109375e+02
2.253360900878906250e+02
1.550507049560546875e+02
3.584210510253906250e+02
3.344212036132812500e+02
4.256871948242187500e+02
2.580117492675781250e+02
6.829108886718750000e+02
4.961939392089843750e+02
5.375678100585937500e+02
3.374706115722656250e+02
6.192770385742187500e+02
3.785050964355468750e+02
1.587661437988281250e+02
3.771828613281250000e+02
4.152463378906250000e+02
6.041382446289062500e+02
6.769379882812500000e+02
1.103797912597656250e+01
1.510166625976562500e+02
2.747239074707031250e+02
2.189532318115234375e+02
5.345079345703125000e+02
4.337467956542968750e+02
3.504204711914062500e+02
3.907390136718750000e+02
6.623104858398437500e+02
4.325780334472656250e+02
1.394747467041015625e+02
5.384530639648437500e+02
1.003488403320312500e+03
3.329716491699218750e+02
8.220200805664062500e+02
1.371933135986328125e+02
3.478396301269531250e+02
3.457396545410156250e+02
5.932852783203125000e+02
4.643025207519531250e+02
2.791773681640625000e+02
7.772906494140625000e+02
3.742151489257812500e+02
8.116118774414062500e+02
4.418047790527343750e+02
3.760405273437500000e+02
4.962012023925781250e+02
8.688843994140625000e+02
4.888576049804687500e+02
3.395289916992187500e+02
9.490828247070312500e+02
7.681922607421875000e+02
6.710051879882812500e+02
4.013848266601562500e+02
4.381800842285156250e+02
8.317886352539062500e+02
2.193427276611328125e+02
2.115237274169921875e+02
2.830320129394531250e+02
3.627345275878906250e+02
2.952557678222656250e+02
1.148946044921875000e+03
5.674196777343750000e+02
5.939454956054687500e+02
1.536813201904296875e+02
4.871252441406250000e+02
2.493477783203125000e+02
5.216481323242187500e+02
4.151226196289062500e+02
5.914357299804687500e+02
3.184395446777343750e+02
1.589906921386718750e+02
2.507758483886718750e+02
4.578327331542968750e+02
3.705472412109375000e+02
5.480874633789062500e+02
6.433125000000000000e+02
5.456943969726562500e+02
3.620504760742187500e+02
1.688875579833984375e+02
9.613038940429687500e+02
5.140505981445312500e+02
3.580276489257812500e+02
6.708507690429687500e+02
7.344943237304687500e+02
4.878884582519531250e+02
4.233172912597656250e+02
8.745230102539062500e+02
2.539875640869140625e+02
5.700252685546875000e+02
5.428500976562500000e+02
1.789611663818359375e+02
5.122451171875000000e+02
7.099884643554687500e+02
1.001044067382812500e+03
4.154722595214843750e+02
4.373077392578125000e+02
2.297612609863281250e+02
2.294874114990234375e+02
5.557847900390625000e+02
1.862024536132812500e+02
5.037307128906250000e+02
6.430500488281250000e+02
6.579049072265625000e+02
4.412731933593750000e+02
4.863654479980468750e+02
3.609732666015625000e+02
4.201185302734375000e+02
5.124647216796875000e+02
3.593414611816406250e+02
5.270853881835937500e+02
1.213108367919921875e+02
2.389321746826171875e+02
5.915209960937500000e+02
3.983302001953125000e+02
3.222368774414062500e+02
7.637828369140625000e+02
6.430851440429687500e+02
3.738789672851562500e+02
2.856309509277343750e+02
6.597495727539062500e+02
5.809329223632812500e+02
7.975221557617187500e+02
6.201718139648437500e+02
7.492312622070312500e+02
1.051738967895507812e+02
5.736010131835937500e+02
2.371276397705078125e+02
4.653334655761718750e+02
9.115314941406250000e+02
2.991565246582031250e+02
4.655149841308593750e+02
6.580526733398437500e+02
8.567260742187500000e+02
3.427929687500000000e+02
2.560441284179687500e+02
6.212209472656250000e+02
4.067034912109375000e+02
2.352206726074218750e+02
3.861728820800781250e+02
4.224490661621093750e+02
1.674297332763671875e+02
3.803324279785156250e+02
3.068113403320312500e+02
1.433921508789062500e+02
3.762638854980468750e+02
4.239464721679687500e+02
3.492910766601562500e+02
3.346523437500000000e+02
6.382531127929687500e+02
4.709405517578125000e+02
2.184760589599609375e+02
4.820097961425781250e+02
1.644771575927734375e+02
4.094230041503906250e+02
2.678956604003906250e+02
6.242431030273437500e+02
5.212166137695312500e+02
2.338348999023437500e+02
7.006990966796875000e+02
3.621324768066406250e+02
6.483604125976562500e+02
5.076920776367187500e+02
5.281542358398437500e+02
2.715197448730468750e+02
6.080556640625000000e+02
6.441392822265625000e+02
2.020445556640625000e+02
2.847460021972656250e+02
1.982773132324218750e+02
4.030259704589843750e+02
3.170581970214843750e+02
4.425547485351562500e+02
2.571509399414062500e+02
5.159592895507812500e+02
2.149171600341796875e+02
2.699244995117187500e+02
7.461373291015625000e+02
7.062207031250000000e+02
6.107695922851562500e+02
2.562264404296875000e+02
8.292343750000000000e+02
3.312954101562500000e+02
4.279597167968750000e+02
2.253498229980468750e+02
3.372406005859375000e+02
3.151552429199218750e+02
1.697645568847656250e+02
6.500105590820312500e+02
4.917261962890625000e+02
1.793502655029296875e+02
6.890512084960937500e+02
4.376271972656250000e+02
7.465052490234375000e+02
1.434245300292968750e+02
2.478431396484375000e+02
2.670046386718750000e+02
4.351228332519531250e+02
3.104833068847656250e+02
5.114607238769531250e+02
3.661677551269531250e+02
3.535206298828125000e+02
3.667389831542968750e+02
7.334334716796875000e+02
5.239291381835937500e+02
1.746933593750000000e+02
3.976813659667968750e+02
5.514920043945312500e+02
3.137826843261718750e+02
6.112181396484375000e+02
5.396085815429687500e+02
2.396712188720703125e+02
6.529555664062500000e+02
4.762453918457031250e+02
3.156928710937500000e+02
4.929286499023437500e+02
6.142435913085937500e+02
3.378890686035156250e+02
4.816445007324218750e+02
4.637376403808593750e+02
3.400124206542968750e+02
6.312697753906250000e+02
3.387188110351562500e+02
5.968889160156250000e+02
4.406608581542968750e+02
5.815518188476562500e+02
1.030736694335937500e+03
4.352603454589843750e+02
3.422180480957031250e+02
4.762135925292968750e+02
1.883059234619140625e+02
7.158592529296875000e+02
5.658728637695312500e+02
3.743816528320312500e+02
3.775418395996093750e+02
4.436771545410156250e+02
3.541302185058593750e+02
5.578611450195312500e+02
5.831589965820312500e+02
1.849295501708984375e+02
5.958594360351562500e+02
4.642938842773437500e+02
8.007089233398437500e+02
1.167894287109375000e+03
1.900210723876953125e+02
5.548973999023437500e+02
2.252383575439453125e+02
1.624970855712890625e+02
6.233557128906250000e+02
7.902426147460937500e+02
3.220646667480468750e+02
3.561360168457031250e+02
4.221639099121093750e+02
2.943206787109375000e+02
2.092831420898437500e+02
2.966206054687500000e+02
3.947199096679687500e+02
6.229567871093750000e+02
3.707481994628906250e+02
5.043280944824218750e+02
7.838006591796875000e+02
9.331156616210937500e+02
3.189461364746093750e+02
8.173432006835937500e+02
2.282412109375000000e+02
6.601411743164062500e+02
5.683535156250000000e+02
4.192536621093750000e+02
1.812989196777343750e+02
5.332650756835937500e+02
2.663891601562500000e+02
5.657368774414062500e+02
4.052862548828125000e+02
7.634370117187500000e+02
5.065359802246093750e+02
6.692646484375000000e+02
3.100194091796875000e+02
4.522877502441406250e+02
2.771325073242187500e+02
2.850886230468750000e+02
1.910747222900390625e+02
1.407887878417968750e+02
4.225548706054687500e+02
6.376051635742187500e+02
6.840244750976562500e+02
6.736115722656250000e+02
3.666128234863281250e+02
8.115986328125000000e+02
4.587990112304687500e+02
6.694914550781250000e+02
7.444370117187500000e+02
5.922482910156250000e+02
3.810592651367187500e+02
7.547075805664062500e+02
4.195381774902343750e+02
5.306348876953125000e+02
3.021111755371093750e+02
5.770476684570312500e+02
6.945897216796875000e+02
4.832859497070312500e+02
2.250155639648437500e+02
7.623222045898437500e+02
2.649190368652343750e+02
7.202880249023437500e+02
4.980505676269531250e+02
6.038981933593750000e+02
6.607610473632812500e+02
4.744713134765625000e+02
7.059338989257812500e+02
4.638851013183593750e+02
2.174864501953125000e+02
4.006512145996093750e+02
7.156868896484375000e+02
5.443959350585937500e+02
9.287187500000000000e+02
1.502486267089843750e+02
5.416265869140625000e+02
4.205481262207031250e+02
2.727942504882812500e+02
2.201136016845703125e+02
5.774680786132812500e+02
5.055985717773437500e+02
2.191682739257812500e+02
6.536008300781250000e+02
2.750694885253906250e+02
6.618912963867187500e+02
3.662490539550781250e+02
4.761791076660156250e+02
4.822664489746093750e+02
3.783049011230468750e+02
4.076148376464843750e+02
1.719391632080078125e+02
3.775028991699218750e+02
8.349744873046875000e+02
6.149971313476562500e+02
3.730825500488281250e+02
8.240231933593750000e+02
3.073010559082031250e+02
2.460290832519531250e+02
5.625981445312500000e+02
3.200584106445312500e+02
4.450477600097656250e+02
2.040181274414062500e+02
4.115660400390625000e+02
6.732808837890625000e+02
6.032608642578125000e+02
5.735761108398437500e+02
4.317583312988281250e+02
5.039157409667968750e+02
1.001515930175781250e+03
4.887435913085937500e+02
8.844769287109375000e+02
2.089653472900390625e+02
2.323497009277343750e+02
8.338878173828125000e+02
4.146399307250976562e+01
5.035765075683593750e+02
5.830347900390625000e+02
4.266400756835937500e+02
4.689577941894531250e+02
1.513425598144531250e+02
3.347110595703125000e+02
5.986981201171875000e+02
4.887351074218750000e+02
3.751274414062500000e+02
5.810891723632812500e+02
5.935715332031250000e+02
9.531154174804687500e+02
5.850605392456054688e+01
5.965688476562500000e+02
3.927035827636718750e+02
3.031175842285156250e+02
6.712117004394531250e+01
6.961740722656250000e+02
6.092298583984375000e+02
2.991543273925781250e+02
5.645722656250000000e+02
3.902960815429687500e+02
4.338700866699218750e+02
2.448378906250000000e+02
2.923299560546875000e+02
6.240065917968750000e+02
4.806851501464843750e+02
4.059989929199218750e+02
2.447905426025390625e+02
8.327160644531250000e+02
9.414906005859375000e+02
2.409499053955078125e+02
6.038031616210937500e+02
5.302250366210937500e+02
2.702151489257812500e+02
5.804102783203125000e+02
2.199129028320312500e+02
2.384119567871093750e+02
6.263939208984375000e+02
5.980274658203125000e+02
2.643510742187500000e+02
4.268287353515625000e+02
4.323068542480468750e+02
1.660640106201171875e+02
2.887132263183593750e+02
6.997712402343750000e+02
5.222039794921875000e+02
2.106599884033203125e+02
5.504637451171875000e+02
7.240239257812500000e+02
3.786984252929687500e+02
3.423458251953125000e+02
5.615351562500000000e+02
5.477185668945312500e+02
7.488917236328125000e+02
3.290150451660156250e+02
2.328326721191406250e+02
3.548816528320312500e+02
6.980954589843750000e+02
4.209202880859375000e+02
2.248268280029296875e+02
5.395015258789062500e+02
3.507917785644531250e+02
1.273151367187500000e+03
1.045149169921875000e+03
4.660976867675781250e+02
3.126062927246093750e+02
9.311595916748046875e+01
7.016505737304687500e+02
3.391113891601562500e+02
2.676419677734375000e+02
2.258658142089843750e+02
6.601705322265625000e+02
3.314427795410156250e+02
2.613414001464843750e+02
3.723037109375000000e+02
3.716619873046875000e+02
2.265434875488281250e+02
5.989074707031250000e+02
6.360199584960937500e+02
4.848539428710937500e+02
4.973214416503906250e+02
2.779106750488281250e+02
3.015244445800781250e+02
4.577946472167968750e+02
6.515826416015625000e+02
2.271304168701171875e+02
3.773838806152343750e+02
3.518989257812500000e+02
3.761208190917968750e+02
1.716601104736328125e+02
1.582723693847656250e+02
5.369354248046875000e+02
2.636275329589843750e+02
4.737685546875000000e+02
2.237070007324218750e+02
4.951343994140625000e+02
2.476937713623046875e+02
4.368992614746093750e+02
2.199077453613281250e+02
1.039729125976562500e+03
3.489910583496093750e+02
1.183320541381835938e+02
1.993292236328125000e+02
5.073195190429687500e+02
3.730684509277343750e+02
7.780447998046875000e+02
2.888727416992187500e+02
5.202802124023437500e+02
4.087679138183593750e+02
2.100511016845703125e+02
4.362030639648437500e+02
4.361204528808593750e+02
3.306935119628906250e+02
5.135817260742187500e+02
1.929028472900390625e+02
4.832365417480468750e+02
2.729643859863281250e+02
5.230132446289062500e+02
2.192456817626953125e+02
2.213421630859375000e+02
9.838227539062500000e+02
2.024160156250000000e+02
4.068559875488281250e+02
4.715348510742187500e+02
4.369957580566406250e+02
3.105016479492187500e+02
5.461896972656250000e+02
2.834334716796875000e+02
3.981582641601562500e+02
5.973526000976562500e+02
2.862661437988281250e+02
7.090595703125000000e+02
5.919063720703125000e+02
5.755557250976562500e+02
4.624164428710937500e+02
3.015068969726562500e+02
6.953267822265625000e+02
5.080627746582031250e+02
3.054099121093750000e+02
5.902565917968750000e+02
7.085319213867187500e+02
2.953697204589843750e+02
3.712512512207031250e+02
3.341137084960937500e+02
2.708878784179687500e+02
4.744020385742187500e+02
3.470921936035156250e+02
6.551777648925781250e+01
8.175720825195312500e+02
1.822859039306640625e+02
9.642777099609375000e+02
4.931841735839843750e+02
2.501206665039062500e+02
6.902974853515625000e+02
2.571374206542968750e+02
4.465469970703125000e+02
2.304865112304687500e+02
6.412839355468750000e+02
4.247347106933593750e+02
3.884125976562500000e+02
6.920635375976562500e+02
8.659697265625000000e+02
2.964739074707031250e+02
1.254655456542968750e+02
7.209375000000000000e+02
3.561790466308593750e+02
2.756448059082031250e+02
6.791460571289062500e+02
2.304747009277343750e+02
5.583160400390625000e+02
8.003765106201171875e+01
3.733138732910156250e+02
5.191320800781250000e+02
4.310290527343750000e+02
1.789513397216796875e+02
5.925687255859375000e+02
4.439978027343750000e+02
4.220214843750000000e+02
4.277252502441406250e+02
5.440307617187500000e+02
3.028544616699218750e+02
4.939582824707031250e+02
5.088148193359375000e+02
5.517113037109375000e+02
6.078980102539062500e+02
3.474036560058593750e+02
5.498610229492187500e+02
4.666553344726562500e+02
3.436014709472656250e+02
9.303565063476562500e+02
4.724240417480468750e+02
4.257555847167968750e+02
4.211803283691406250e+02
2.708591308593750000e+02
5.783530883789062500e+02
6.332000122070312500e+02
6.310585327148437500e+02
2.398450469970703125e+02
4.254757690429687500e+02
5.286492309570312500e+02
6.027737426757812500e+02
2.933274536132812500e+02
4.471479797363281250e+02
4.989772338867187500e+02
3.456400451660156250e+02
3.778429260253906250e+02
8.136482543945312500e+02
9.132917785644531250e+01
3.214150390625000000e+02
1.011389831542968750e+03
4.286620788574218750e+02
8.209820556640625000e+02
3.394777221679687500e+02
4.752375488281250000e+02
5.102233276367187500e+02
3.483650207519531250e+02
6.736604003906250000e+02
4.990563354492187500e+02
5.961215820312500000e+02
5.311335449218750000e+02
3.423198242187500000e+02
4.869913024902343750e+02
5.310923461914062500e+02
7.421899414062500000e+02
2.784797363281250000e+02
6.167842407226562500e+02
5.540307006835937500e+02
7.444926757812500000e+02
6.215140380859375000e+02
2.657351989746093750e+02
7.135678710937500000e+02
7.463497314453125000e+02
4.568516845703125000e+02
3.620940856933593750e+02
3.410719909667968750e+02
3.286405334472656250e+02
5.943980102539062500e+02
4.025012512207031250e+02
2.972276611328125000e+02
4.330029296875000000e+02
9.116016235351562500e+02
4.764223022460937500e+02
5.357642211914062500e+02
3.617767639160156250e+02
5.505746459960937500e+02
1.459154357910156250e+02
7.431898803710937500e+02
5.275368041992187500e+02
5.987423095703125000e+02
6.023987426757812500e+02
2.796672973632812500e+02
6.232680053710937500e+02
2.129334411621093750e+02
3.811266784667968750e+02
3.785660095214843750e+02
2.884581604003906250e+02
5.629187622070312500e+02
4.310360412597656250e+02
3.377633056640625000e+02
7.778590087890625000e+02
5.667504882812500000e+02
2.819559326171875000e+02
7.670758056640625000e+02
5.545090942382812500e+02
5.219655761718750000e+02
3.156591796875000000e+02
2.322989196777343750e+02
2.911080627441406250e+02
7.351440429687500000e+02
3.956958923339843750e+02
3.054733581542968750e+02
7.623825073242187500e+01
5.127536010742187500e+02
1.163864624023437500e+03
8.564763793945312500e+02
4.878133850097656250e+02
4.159273376464843750e+02
6.156495971679687500e+02
3.861892089843750000e+02
5.903818359375000000e+02
7.279190673828125000e+02
5.616655273437500000e+02
2.677467346191406250e+02
1.752796936035156250e+02
5.912990722656250000e+02
4.227118530273437500e+02
3.916170349121093750e+02
4.816943664550781250e+02
3.153487548828125000e+02
6.158788452148437500e+02
2.859287109375000000e+02
1.587291717529296875e+02
7.769509887695312500e+01
5.153076171875000000e+02
3.263425292968750000e+02
3.203506469726562500e+02
1.836236572265625000e+02
5.535630493164062500e+02
5.939351806640625000e+02
6.391330566406250000e+02
6.536559448242187500e+02
3.662875671386718750e+02
4.062714233398437500e+02
2.341638488769531250e+02
3.516645202636718750e+02
4.749262390136718750e+02
2.971394348144531250e+02
2.869759216308593750e+02
2.381413421630859375e+02
7.725049438476562500e+02
6.450848999023437500e+02
7.181095581054687500e+02
4.033374328613281250e+02
5.088227844238281250e+02
6.748229370117187500e+02
5.117814331054687500e+02
2.234606323242187500e+02
4.629298095703125000e+02
1.024217163085937500e+03
7.097204589843750000e+02
7.270397338867187500e+02
5.733952026367187500e+02
1.096838607788085938e+02
5.167410888671875000e+02
6.193925170898437500e+02
3.414154357910156250e+02
2.312976074218750000e+02
6.470559082031250000e+02
3.460693359375000000e+02
8.563845825195312500e+02
4.647673034667968750e+02
5.429803466796875000e+02
8.557138061523437500e+02
2.074261016845703125e+02
4.622363891601562500e+02
3.810547790527343750e+02
3.133036804199218750e+02
5.845797119140625000e+02
6.759198608398437500e+02
4.166853637695312500e+02
4.436388549804687500e+02
4.791871643066406250e+02
4.550847473144531250e+02
3.290037841796875000e+02
4.147869873046875000e+02
4.258865966796875000e+02
4.728072509765625000e+02
6.730758056640625000e+02
4.172629699707031250e+02
3.230906677246093750e+02
5.838681640625000000e+02
4.998075561523437500e+02
1.415832519531250000e+02
3.076657409667968750e+02
2.203802642822265625e+02
1.405028686523437500e+02
6.225623168945312500e+02
5.184581909179687500e+02
5.100172119140625000e+02
2.272411956787109375e+02
4.677592163085937500e+02
6.005845947265625000e+02
4.624734191894531250e+02
5.819243164062500000e+02
2.914834899902343750e+02
3.007619018554687500e+02
4.030177001953125000e+02
4.590488281250000000e+02
5.766245727539062500e+02
5.204547729492187500e+02
1.945199127197265625e+02
9.525422973632812500e+02
4.446163940429687500e+02
8.634333496093750000e+02
4.653129882812500000e+02
6.065158691406250000e+02
2.543119201660156250e+02
4.118799743652343750e+02
2.078769836425781250e+02
7.698028564453125000e+02
1.956212463378906250e+02
5.029180908203125000e+02
5.315682373046875000e+02
7.732071533203125000e+02
3.581179809570312500e+02
6.507346191406250000e+02
3.876671447753906250e+02
5.175991210937500000e+02
7.834378662109375000e+02
3.908640136718750000e+02
3.627209777832031250e+02
4.790250244140625000e+02
2.432322998046875000e+02
5.019488525390625000e+02
3.903631286621093750e+02
7.414096679687500000e+02
4.982698669433593750e+02
2.729550781250000000e+02
7.141545410156250000e+02
4.807113647460937500e+02
4.876527404785156250e+02
2.860360717773437500e+02
4.794876098632812500e+02
4.844104919433593750e+02
3.161026611328125000e+02
3.725703125000000000e+02
4.324241333007812500e+02
2.518374023437500000e+02
9.110861816406250000e+02
5.849960327148437500e+02
7.375381469726562500e+02
5.460075073242187500e+02
6.334489746093750000e+02
5.961134643554687500e+02
6.124563598632812500e+02
9.211123046875000000e+02
4.046190490722656250e+02
3.912581176757812500e+02
5.244801025390625000e+02
2.083692474365234375e+02
6.951115722656250000e+02
2.520932617187500000e+02
5.973630981445312500e+02
3.035347900390625000e+02
6.444902954101562500e+02
4.454609069824218750e+02
2.941598815917968750e+02
3.308974609375000000e+02
7.038346557617187500e+02
3.550529785156250000e+02
1.562756347656250000e+02
9.687169189453125000e+02
3.088153381347656250e+02
3.844830017089843750e+02
3.864960937500000000e+02
3.837191467285156250e+02
2.679943847656250000e+02
1.866260070800781250e+02
4.537121887207031250e+02
3.445290222167968750e+02
8.264490966796875000e+02
7.187254028320312500e+02
1.345621948242187500e+02
3.224995422363281250e+02
4.380459594726562500e+02
5.297518920898437500e+02
4.745751647949218750e+02
5.427604370117187500e+02
7.411930541992187500e+02
3.686818542480468750e+02
3.357761535644531250e+02
5.933646850585937500e+02
4.177581176757812500e+02
8.567479858398437500e+02
7.107963256835937500e+02
7.791958618164062500e+02
2.665579528808593750e+02
5.002638244628906250e+02
6.993404541015625000e+02
3.659561767578125000e+02
2.711358642578125000e+02
6.942849121093750000e+02
2.568702697753906250e+02
3.349467468261718750e+02
2.989366455078125000e+02
6.669211425781250000e+02
2.822135620117187500e+02
6.123246459960937500e+02
3.751761169433593750e+02
4.424593811035156250e+02
1.443871917724609375e+02
4.645436401367187500e+02
5.122171020507812500e+02
5.324358520507812500e+02
8.398693847656250000e+02
3.524490966796875000e+02
6.655729980468750000e+02
4.141731262207031250e+02
4.934653625488281250e+02
4.171377868652343750e+02
3.428545837402343750e+02
5.160427856445312500e+02
1.337620605468750000e+03
8.354085083007812500e+02
5.238688354492187500e+02
4.555951538085937500e+02
5.323239746093750000e+02
6.223206787109375000e+02
4.920981140136718750e+02
4.682306823730468750e+02
5.002012939453125000e+02
2.778637084960937500e+02
9.959924316406250000e+02
6.660896606445312500e+02
4.621283569335937500e+02
3.996317749023437500e+02
1.059140014648437500e+03
5.515879516601562500e+02
3.403375244140625000e+02
4.634702758789062500e+02
5.625674438476562500e+02
2.534185028076171875e+02
5.460382080078125000e+02
1.532735900878906250e+02
1.509760894775390625e+02
5.566744995117187500e+02
5.718993530273437500e+02
1.905384216308593750e+02
6.123306274414062500e+02
3.565013732910156250e+02
4.941723327636718750e+02
4.438313293457031250e+02
7.121100463867187500e+02
6.877677917480468750e+01
2.876685791015625000e+02
4.023887023925781250e+02
2.346085205078125000e+02
6.842973022460937500e+02
3.947005615234375000e+02
5.721655273437500000e+02
3.877829284667968750e+02
3.760774536132812500e+02
5.007950439453125000e+02
2.302490234375000000e+02
6.451288452148437500e+02
4.671055908203125000e+02
3.483668518066406250e+02
5.098369140625000000e+02
4.977559204101562500e+02
9.849111938476562500e+02
9.249033203125000000e+02
2.949425659179687500e+02
3.130153808593750000e+02
1.434094390869140625e+02
9.752548217773437500e+02
3.759019775390625000e+02
4.163907470703125000e+02
3.842583007812500000e+02
6.498119506835937500e+02
2.418561096191406250e+02
5.090673828125000000e+02
4.626856079101562500e+02
2.047176666259765625e+02
3.404510803222656250e+02
8.147412719726562500e+02
3.162698364257812500e+02
1.684651336669921875e+02
4.374866638183593750e+02
6.483945922851562500e+02
3.169670104980468750e+02
2.154389190673828125e+02
1.262352447509765625e+02
4.751920166015625000e+02
3.222911682128906250e+02
4.596611633300781250e+02
5.043293457031250000e+02
3.201088256835937500e+02
4.278802795410156250e+02
2.879289550781250000e+02
7.890046997070312500e+02
5.533918457031250000e+02
7.664262695312500000e+02
2.747636413574218750e+02
4.388365783691406250e+02
2.799796142578125000e+02
3.344490966796875000e+02
4.300631103515625000e+02
2.308647155761718750e+02
6.929517211914062500e+02
3.235818481445312500e+02
2.307120208740234375e+02
8.409162597656250000e+02
2.466000061035156250e+02
2.981153564453125000e+02
3.906825256347656250e+02
2.814886474609375000e+02
5.105119018554687500e+02
4.680600585937500000e+02
4.931625366210937500e+02
3.599405822753906250e+02
3.627614440917968750e+02
3.832260437011718750e+02
6.572638549804687500e+02
3.968278808593750000e+02
5.232957763671875000e+02
6.505009155273437500e+02
4.404480285644531250e+02
5.265227661132812500e+02
4.145875854492187500e+02
1.423269958496093750e+02
4.070189208984375000e+02
4.212231140136718750e+02
3.134996948242187500e+02
2.187088012695312500e+02
8.430720825195312500e+02
4.108425598144531250e+02
5.111982116699218750e+02
2.870698242187500000e+02
3.480856323242187500e+02
4.869807739257812500e+02
5.491293945312500000e+02
4.447546691894531250e+02
3.933019409179687500e+02
6.051659545898437500e+02
2.957035522460937500e+02
3.730540771484375000e+02
2.140864105224609375e+02
1.251461715698242188e+02
7.075498657226562500e+02
3.760474243164062500e+02
5.778359985351562500e+02
2.502249145507812500e+02
6.783840332031250000e+02
4.406455993652343750e+02
4.084283142089843750e+02
2.886257934570312500e+02
2.615645751953125000e+02
6.620402832031250000e+02
5.472401123046875000e+02
5.554486694335937500e+02
6.549616699218750000e+02
7.874021606445312500e+02
5.895513305664062500e+02
4.246733703613281250e+02
1.258436279296875000e+02
4.510290527343750000e+02
2.694676513671875000e+02
2.590776367187500000e+02
4.341018981933593750e+02
4.107771301269531250e+02
2.744463806152343750e+02
7.191272583007812500e+02
3.702624206542968750e+02
4.333508911132812500e+02
4.382296447753906250e+02
6.494389648437500000e+02
9.368971557617187500e+02
5.257734985351562500e+02
6.841174316406250000e+02
8.002129516601562500e+02
3.520115661621093750e+02
5.652127075195312500e+02
6.357177734375000000e+02
5.044561157226562500e+02
6.371708374023437500e+02
6.118931274414062500e+02
5.159196777343750000e+02
4.346535949707031250e+02
4.995076599121093750e+02
4.947726135253906250e+02
4.426211242675781250e+02
2.926716918945312500e+02
3.079793701171875000e+02
5.255866088867187500e+02
4.674085083007812500e+02
4.219596252441406250e+02
5.717898559570312500e+02
9.323334350585937500e+02
8.291952514648437500e+02
5.595100708007812500e+02
2.166303710937500000e+02
4.091088867187500000e+02
5.336823120117187500e+02
2.803783874511718750e+02
3.286730346679687500e+02
4.313906555175781250e+02
4.829466247558593750e+02
3.694755859375000000e+02
4.371284790039062500e+02
3.824315795898437500e+02
1.660725860595703125e+02
1.067820053100585938e+02
3.001235351562500000e+02
1.107500976562500000e+03
3.684551086425781250e+02
6.391809692382812500e+02
1.522397613525390625e+02
4.183582458496093750e+02
3.714182434082031250e+02
4.822564392089843750e+02
7.040847778320312500e+02
3.698795471191406250e+02
4.916900024414062500e+02
6.960049438476562500e+02
8.819786987304687500e+02
5.206488037109375000e+02
2.314741363525390625e+02
4.759894104003906250e+02
2.350383758544921875e+02
6.011986694335937500e+02
7.813936767578125000e+02
4.286581115722656250e+02
3.781918334960937500e+02
3.970256958007812500e+02
6.747733764648437500e+02
6.625973510742187500e+02
3.041484375000000000e+02
2.095753936767578125e+02
2.532099609375000000e+02
3.858786315917968750e+02
3.979475402832031250e+02
4.065292053222656250e+02
4.131709594726562500e+02
7.181196899414062500e+02
2.999149475097656250e+02
4.782892150878906250e+02
7.159879760742187500e+02
4.043428649902343750e+02
2.463936614990234375e+02
3.265961914062500000e+02
1.014550476074218750e+02
2.481106719970703125e+02
5.821613159179687500e+02
2.589407043457031250e+02
6.937069091796875000e+02
3.255161437988281250e+02
4.601676330566406250e+02
7.743596801757812500e+02
3.963424072265625000e+02
3.241717224121093750e+02
8.399473266601562500e+02
6.205499877929687500e+02
4.667747802734375000e+02
9.851992187500000000e+02
4.338248596191406250e+02
2.653088684082031250e+02
5.861532592773437500e+02
2.980153808593750000e+02
2.201663360595703125e+02
4.897220153808593750e+02
5.023445739746093750e+02
4.390234680175781250e+02
2.496189422607421875e+02
6.831550903320312500e+02
4.447570800781250000e+02
6.306985473632812500e+02
2.406088867187500000e+02
3.088270263671875000e+02
5.524594726562500000e+02
4.874691772460937500e+02
5.233259277343750000e+02
5.532009887695312500e+02
4.173305664062500000e+02
4.836824645996093750e+02
2.802951049804687500e+02
5.157645263671875000e+02
2.742005920410156250e+02
5.747831420898437500e+02
5.209157714843750000e+02
7.482446289062500000e+02
3.934872436523437500e+02
7.236596069335937500e+02
3.956309509277343750e+02
4.111115112304687500e+02
2.388653411865234375e+02
3.523190917968750000e+02
6.041574707031250000e+02
3.556109313964843750e+02
3.329477233886718750e+02
1.917068328857421875e+02
5.211279296875000000e+02
4.090122375488281250e+02
3.020314331054687500e+02
4.205198364257812500e+02
1.624591522216796875e+02
4.076108703613281250e+02
2.428041839599609375e+02
4.679777832031250000e+02
4.945640563964843750e+02
8.062025146484375000e+02
4.836125793457031250e+02
1.438609771728515625e+02
4.678697204589843750e+02
6.976721801757812500e+02
4.526180725097656250e+02
8.446901245117187500e+02
1.864963073730468750e+02
3.514394531250000000e+02
3.389986267089843750e+02
4.975759887695312500e+02
5.997275390625000000e+02
5.059421691894531250e+02
2.955678405761718750e+02
4.940419311523437500e+02
6.857337646484375000e+02
4.573864746093750000e+02
7.812075195312500000e+02
7.619432983398437500e+02
6.474924926757812500e+02
3.733200378417968750e+02
3.090806579589843750e+02
3.937312927246093750e+02
2.170732116699218750e+02
1.976310882568359375e+02
3.376372985839843750e+02
4.798044433593750000e+02
3.541427307128906250e+02
4.150240173339843750e+02
5.688629760742187500e+02
4.926780090332031250e+02
6.783145751953125000e+02
3.530427551269531250e+02
6.077999877929687500e+02
4.426613769531250000e+02
6.990377807617187500e+02
3.476123962402343750e+02
5.342705688476562500e+02
2.716383361816406250e+02
3.625293273925781250e+02
1.641319732666015625e+02
3.304318542480468750e+02
4.895379333496093750e+02
3.143828430175781250e+02
4.554111328125000000e+02
5.604389648437500000e+02
4.330254821777343750e+02
4.963542480468750000e+02
3.939709167480468750e+02
5.921435546875000000e+02
2.168848419189453125e+02
8.936437225341796875e+01
4.395700988769531250e+02
5.129982299804687500e+02
6.608617553710937500e+02
5.744421997070312500e+02
5.507211303710937500e+02
1.343042602539062500e+02
5.337253417968750000e+02
3.356391296386718750e+02
4.471527099609375000e+02
3.860149230957031250e+02
3.610714416503906250e+02
4.854027404785156250e+02
7.211722412109375000e+02
3.642656860351562500e+02
1.032334594726562500e+02
5.054187622070312500e+02
4.681896057128906250e+02
3.682803955078125000e+02
1.911919250488281250e+02
3.936008911132812500e+02
6.845323486328125000e+02
3.553757324218750000e+02
1.385691986083984375e+02
4.507105407714843750e+02
1.981511230468750000e+02
5.829283447265625000e+02
5.324757080078125000e+02
1.929963836669921875e+02
2.066639709472656250e+02
4.601065979003906250e+02
3.599734802246093750e+02
1.960203857421875000e+02
6.515957031250000000e+02
3.561841125488281250e+02
5.351519775390625000e+02
3.666570434570312500e+02
3.659605407714843750e+02
6.032968139648437500e+02
8.913289794921875000e+02
2.347217559814453125e+02
4.586974792480468750e+02
5.342105712890625000e+02
6.151168212890625000e+02
3.319625854492187500e+02
3.750339660644531250e+02
4.863915100097656250e+02
4.562144165039062500e+02
5.219760131835937500e+02
9.905455322265625000e+02
5.454640502929687500e+02
3.264856567382812500e+02
4.207133178710937500e+02
6.563357543945312500e+02
3.684032592773437500e+02
2.146066741943359375e+02
4.256930236816406250e+02
3.211274108886718750e+02
7.023211669921875000e+02
3.425969848632812500e+02
6.901870727539062500e+02
4.017978210449218750e+02
5.297047119140625000e+02
5.622091064453125000e+02
4.734883728027343750e+02
4.313983459472656250e+02
4.678657531738281250e+02
5.300888061523437500e+02
2.756042785644531250e+02
5.809288330078125000e+02
2.689038391113281250e+02
5.679071044921875000e+02
9.825292358398437500e+02
3.506217041015625000e+02
2.022469329833984375e+02
4.876002502441406250e+02
5.093458251953125000e+02
5.020701904296875000e+02
1.018004699707031250e+03
2.276898651123046875e+02
5.318818359375000000e+02
6.632466430664062500e+02
2.652683410644531250e+02
5.041719055175781250e+02
4.245246276855468750e+02
3.669160461425781250e+02
5.150711059570312500e+02
5.410467529296875000e+02
3.756622619628906250e+02
3.381174316406250000e+02
7.332833862304687500e+02
3.982739257812500000e+02
2.869608764648437500e+02
3.032299499511718750e+02
5.439303588867187500e+02
3.836084594726562500e+02
4.112266235351562500e+02
4.946995239257812500e+02
7.578986816406250000e+02
2.657592468261718750e+02
4.236016235351562500e+02
3.136449890136718750e+02
6.758587646484375000e+02
3.755845947265625000e+02
2.623817138671875000e+02
2.203841247558593750e+02
4.388163452148437500e+02
4.767568359375000000e+02
1.260332794189453125e+02
3.918920898437500000e+02
2.615980529785156250e+02
5.955955810546875000e+02
2.528143615722656250e+02
5.268840942382812500e+02
2.993736877441406250e+02
7.662752075195312500e+02
8.460228881835937500e+02
4.233571777343750000e+02
4.225453796386718750e+02
6.640375366210937500e+02
5.559138183593750000e+02
2.990758666992187500e+02
3.194876708984375000e+02
4.867045288085937500e+02
4.470261840820312500e+02
2.599054870605468750e+02
3.737854309082031250e+02
4.762004699707031250e+02
2.161300048828125000e+02
2.588579406738281250e+02
1.214213714599609375e+02
3.683228759765625000e+02
4.741952819824218750e+02
3.917886047363281250e+02
2.879465026855468750e+02
6.090260009765625000e+02
4.891223144531250000e+02
4.821278991699218750e+02
1.115089355468750000e+03
4.810683288574218750e+02
2.758427734375000000e+02
4.784395141601562500e+02
6.119249877929687500e+02
5.674992675781250000e+02
2.072325897216796875e+02
1.883211212158203125e+02
4.146238403320312500e+02
7.809196777343750000e+02
7.215122680664062500e+02
3.925416870117187500e+02
4.309467773437500000e+02
6.566099853515625000e+02
1.009925231933593750e+02
9.197550659179687500e+02
2.505403442382812500e+02
7.028326416015625000e+01
4.385723876953125000e+02
1.383542633056640625e+02
3.918080139160156250e+02
3.899345397949218750e+02
3.608657226562500000e+02
5.099537658691406250e+02
2.505966796875000000e+02
6.133916625976562500e+02
1.911068725585937500e+02
4.097206115722656250e+02
5.692316284179687500e+02
1.692414245605468750e+02
1.210244674682617188e+02
2.811580505371093750e+02
4.283885803222656250e+02
3.162351074218750000e+02
4.197498474121093750e+02
3.185578308105468750e+02
4.766135559082031250e+02
7.179400024414062500e+02
4.772936096191406250e+02
4.274176330566406250e+02
7.001416625976562500e+02
6.852128295898437500e+02
5.064141845703125000e+02
5.519837036132812500e+02
2.417374114990234375e+02
5.502929687500000000e+02
5.654754028320312500e+02
5.392223510742187500e+02
6.295480346679687500e+02
6.595853271484375000e+02
2.962441101074218750e+02
3.315388793945312500e+02
1.725632934570312500e+02
2.642232971191406250e+02
7.277981567382812500e+02
4.882973022460937500e+02
1.869540100097656250e+02
3.585043640136718750e+02
4.231341247558593750e+02
4.364059448242187500e+02
6.233842773437500000e+02
4.225695190429687500e+02
3.761157226562500000e+02
7.203641967773437500e+02
2.137321624755859375e+02
3.120950622558593750e+02
2.549027709960937500e+02
8.055538940429687500e+02
4.796257629394531250e+02
4.666965942382812500e+02
3.079185180664062500e+02
2.045385742187500000e+02
4.073419189453125000e+02
5.490565185546875000e+02
2.113535308837890625e+02
3.427288818359375000e+02
2.605300292968750000e+02
3.383749694824218750e+02
5.480179443359375000e+02
1.823432159423828125e+02
2.872271728515625000e+02
3.017779235839843750e+02
6.187188110351562500e+02
4.419965515136718750e+02
6.208815307617187500e+02
5.677766113281250000e+02
3.352480468750000000e+02
8.262890625000000000e+02
4.912627563476562500e+02
6.750070800781250000e+02
1.295707397460937500e+02
8.270538940429687500e+02
1.783487548828125000e+02
2.871184692382812500e+02
3.058323059082031250e+02
3.895646057128906250e+02
2.817375183105468750e+02
3.947682800292968750e+02
7.427555541992187500e+02
6.880946655273437500e+02
2.843922119140625000e+02
1.269033966064453125e+02
3.443794860839843750e+02
3.448607254028320312e+01
5.317868652343750000e+02
3.525039978027343750e+02
3.036564941406250000e+02
3.063597717285156250e+02
8.452042846679687500e+02
5.802543334960937500e+02
4.250863952636718750e+02
3.380834960937500000e+02
7.538450317382812500e+02
2.979400939941406250e+02
2.677728271484375000e+02
6.261228637695312500e+02
3.493058776855468750e+02
4.721493530273437500e+02
3.350765380859375000e+02
5.560861206054687500e+02
8.387816772460937500e+02
4.625359802246093750e+02
4.166075744628906250e+02
3.654634704589843750e+02
4.596571044921875000e+02
6.550719604492187500e+02
9.464609527587890625e+01
3.542923583984375000e+02
4.621907043457031250e+02
5.047259521484375000e+02
3.885371093750000000e+02
7.708026733398437500e+02
5.059437866210937500e+02
5.536713867187500000e+02
1.382418518066406250e+02
4.292620239257812500e+02
5.106259155273437500e+02
3.459849548339843750e+02
4.492861633300781250e+02
3.499777832031250000e+02
4.549729309082031250e+02
2.120034027099609375e+02
6.663580932617187500e+02
6.689550170898437500e+02
4.776734008789062500e+02
6.451010742187500000e+02
2.648778381347656250e+02
7.176618652343750000e+02
4.992209167480468750e+02
6.607886352539062500e+02
5.105021667480468750e+02
2.698035278320312500e+02
4.860767211914062500e+02
2.144210968017578125e+02
7.017150878906250000e+02
7.894451904296875000e+02
5.463065185546875000e+02
2.630434265136718750e+02
3.306461486816406250e+02
4.509459228515625000e+02
8.169860229492187500e+02
3.681932373046875000e+02
3.658999633789062500e+02
2.780637207031250000e+02
4.849486083984375000e+02
2.193263854980468750e+02
4.354444580078125000e+02
1.839020996093750000e+02
4.313111267089843750e+02
2.899724426269531250e+02
6.066734008789062500e+02
4.025219421386718750e+02
1.115976562500000000e+03
2.237013244628906250e+02
8.522903442382812500e+02
7.814320068359375000e+02
1.158413162231445312e+02
4.197410888671875000e+02
3.623364868164062500e+02
6.166788330078125000e+02
6.451445312500000000e+02
4.027439575195312500e+02
4.380092773437500000e+02
5.655541992187500000e+02
6.671752319335937500e+02
3.832707824707031250e+02
3.522684936523437500e+02
3.948282470703125000e+02
6.629777221679687500e+02
2.236288604736328125e+02
7.244618530273437500e+02
3.330813293457031250e+02
7.325268554687500000e+02
7.564250488281250000e+02
4.479105834960937500e+02
5.564526977539062500e+02
2.122512512207031250e+02
3.422712707519531250e+02
3.913521423339843750e+02
5.633200683593750000e+02
1.494807891845703125e+02
3.647243347167968750e+02
3.553191223144531250e+02
4.983718872070312500e+02
3.406739501953125000e+02
5.522448120117187500e+02
3.780391235351562500e+02
3.498323059082031250e+02
6.710528564453125000e+02
9.478214721679687500e+02
6.652393188476562500e+02
3.766710815429687500e+02
6.019432983398437500e+02
2.509426269531250000e+02
7.826353149414062500e+02
3.114721374511718750e+02
4.028930664062500000e+02
3.774788818359375000e+02
3.000340881347656250e+02
4.625708312988281250e+02
4.380629272460937500e+02
2.859856262207031250e+02
6.785085449218750000e+02
3.510142822265625000e+02
3.576174926757812500e+02
2.101419982910156250e+02
7.682587280273437500e+02
5.900676879882812500e+02
3.547540283203125000e+02
5.307944335937500000e+02
5.776348266601562500e+02
2.758655395507812500e+02
5.821475219726562500e+02
6.842022094726562500e+02
2.231251373291015625e+02
3.668440551757812500e+02
1.915110321044921875e+02
3.131372680664062500e+02
4.027191772460937500e+02
4.729212036132812500e+02
9.621492004394531250e+01
7.271179199218750000e+02
7.350399780273437500e+02
9.572896118164062500e+02
4.824569091796875000e+02
2.255207824707031250e+02
1.902474670410156250e+02
8.237385253906250000e+02
4.725856628417968750e+02
3.312945861816406250e+02
3.766788635253906250e+02
6.621652221679687500e+02
7.020372924804687500e+02
8.491224975585937500e+02
2.793762207031250000e+02
4.777588806152343750e+02
4.335023193359375000e+02
4.025295715332031250e+02
2.135129547119140625e+02
7.906614379882812500e+02
6.448322753906250000e+02
3.693644104003906250e+02
4.835715942382812500e+02
5.371427001953125000e+02
4.227019958496093750e+02
1.187244415283203125e+02
2.888362731933593750e+02
2.897085266113281250e+02
5.925909423828125000e+02
9.018787231445312500e+02
1.851159973144531250e+02
9.583733520507812500e+02
2.147414550781250000e+02
4.935628662109375000e+02
8.285233154296875000e+02
4.849635009765625000e+02
4.086903991699218750e+02
2.683230590820312500e+02
4.156136779785156250e+02
7.470817260742187500e+02
2.882027282714843750e+02
4.847608642578125000e+02
6.129238281250000000e+02
5.956005859375000000e+02
6.917796020507812500e+02
4.395547790527343750e+02
6.949429931640625000e+02
5.268805541992187500e+02
2.487505493164062500e+02
4.705539550781250000e+02
5.013656616210937500e+02
6.915974731445312500e+02
4.216324157714843750e+02
4.060103759765625000e+02
6.702448730468750000e+02
4.345329589843750000e+02
5.205394897460937500e+02
8.638302612304687500e+02
5.277059326171875000e+02
6.929241333007812500e+02
1.682913055419921875e+02
8.319512939453125000e+02
2.557269287109375000e+02
3.080485839843750000e+02
2.917807312011718750e+02
3.988556823730468750e+02
2.839255981445312500e+02
3.600680541992187500e+02
5.684573974609375000e+02
7.245807495117187500e+02
2.099989166259765625e+02
4.862706909179687500e+02
1.388567199707031250e+02
4.665758056640625000e+02
5.866832885742187500e+02
1.820983428955078125e+02
6.044920654296875000e+02
6.920384521484375000e+02
4.760183715820312500e+02
5.147500000000000000e+02
3.865784606933593750e+02
6.831375732421875000e+02
4.742176208496093750e+02
6.314437866210937500e+02
4.502739257812500000e+02
3.066242370605468750e+02
3.696492919921875000e+02
5.552956542968750000e+02
2.955587463378906250e+02
4.995069274902343750e+02
5.695326538085937500e+02
1.718225097656250000e+02
7.220943603515625000e+02
4.838203430175781250e+02
2.080866699218750000e+02
5.164099121093750000e+02
4.939582824707031250e+02
6.774642333984375000e+02
6.229666137695312500e+02
1.445891265869140625e+02
2.277644500732421875e+02
4.325668945312500000e+02
7.639822998046875000e+02
4.158373413085937500e+02
8.444812622070312500e+02
5.352583618164062500e+02
3.391813659667968750e+02
3.739658203125000000e+02
3.858534240722656250e+02
7.564666137695312500e+02
2.761553955078125000e+02
2.429937133789062500e+02
8.556809692382812500e+02
8.955412597656250000e+02
3.118225708007812500e+02
4.016297302246093750e+02
4.680784912109375000e+02
6.552534179687500000e+02
4.653999023437500000e+02
2.621650085449218750e+02
6.057078247070312500e+02
5.192800903320312500e+02
6.418529052734375000e+02
4.354021911621093750e+02
2.057409515380859375e+02
3.756954650878906250e+02
9.953391723632812500e+02
7.110229492187500000e+02
6.611624145507812500e+02
1.684045410156250000e+02
4.965192871093750000e+02
4.502470397949218750e+02
2.100805206298828125e+02
4.249659423828125000e+02
2.944972839355468750e+02
7.989849243164062500e+02
1.655137786865234375e+02
3.400756225585937500e+02
2.517920074462890625e+02
5.413329467773437500e+02
3.653321838378906250e+02
9.393593597412109375e+01
4.844475402832031250e+02
5.274461669921875000e+02
2.384748535156250000e+02
4.197776794433593750e+02
3.235258483886718750e+02
7.742941284179687500e+02
1.057711181640625000e+02
4.177428588867187500e+02
2.647305297851562500e+02
3.153420715332031250e+02
4.791462707519531250e+02
1.975545654296875000e+02
4.726235656738281250e+02
3.796806335449218750e+02
6.346915283203125000e+02
2.202388610839843750e+02
4.613873901367187500e+02
2.222832183837890625e+02
6.791779785156250000e+02
3.495497436523437500e+02
2.417103271484375000e+02
1.866117095947265625e+02
3.781634826660156250e+02
8.406605834960937500e+02
6.806261596679687500e+02
4.322691345214843750e+02
9.373587646484375000e+02
4.545650329589843750e+02
4.374136962890625000e+02
5.980028686523437500e+02
7.005592041015625000e+02
3.551673278808593750e+02
6.642766723632812500e+02
6.227808837890625000e+02
5.024337768554687500e+02
8.488387451171875000e+02
4.121823730468750000e+02
5.052887268066406250e+02
4.500935668945312500e+02
3.532811584472656250e+02
5.726507568359375000e+02
3.616482849121093750e+02
3.738541259765625000e+02
4.184584960937500000e+02
3.669022216796875000e+02
4.797880859375000000e+02
1.879191436767578125e+02
5.107470703125000000e+02
4.284624328613281250e+02
3.685736999511718750e+02
3.798698425292968750e+02
2.634642944335937500e+02
9.635103759765625000e+02
2.606599426269531250e+02
4.810954284667968750e+02
7.032847900390625000e+02
5.213878173828125000e+02
1.566583862304687500e+02
4.596676025390625000e+02
4.665508422851562500e+02
5.264091186523437500e+02
4.819593200683593750e+02
4.801908569335937500e+02
4.102411499023437500e+02
6.319047851562500000e+02
4.839541625976562500e+02
3.714975280761718750e+02
5.723520507812500000e+02
7.880994873046875000e+02
4.238881835937500000e+02
6.073947143554687500e+02
2.042394256591796875e+02
6.218851928710937500e+02
3.303713989257812500e+02
3.734837036132812500e+02
2.961205749511718750e+02
6.306221313476562500e+02
7.181375122070312500e+02
6.318457641601562500e+02
4.027643127441406250e+02
8.138940429687500000e+02
1.724798278808593750e+02
6.104736938476562500e+02
3.520823974609375000e+02
4.410222778320312500e+02
8.680023803710937500e+02
2.056714935302734375e+02
2.227936401367187500e+02
4.010176391601562500e+02
3.959555358886718750e+02
2.247689514160156250e+02
4.695560302734375000e+02
4.181458435058593750e+02
3.414783020019531250e+02
2.517897644042968750e+02
1.412615051269531250e+02
5.478453369140625000e+02
4.305898437500000000e+02
4.121985168457031250e+02
4.793875732421875000e+02
6.119722900390625000e+02
2.692473144531250000e+02
3.774162902832031250e+02
8.241445312500000000e+02
5.423547973632812500e+02
4.490605468750000000e+02
8.728002929687500000e+02
5.682475585937500000e+02
2.320734710693359375e+02
1.269685058593750000e+02
2.573000793457031250e+02
2.948104858398437500e+02
4.624018554687500000e+02
2.778638305664062500e+02
2.339928894042968750e+02
3.585209350585937500e+02
2.105737762451171875e+02
5.009506835937500000e+02
7.132003173828125000e+02
4.366815795898437500e+02
5.375357055664062500e+02
2.748152465820312500e+02
4.542415771484375000e+02
5.120031738281250000e+02
2.921710205078125000e+02
1.635998535156250000e+02
6.232111816406250000e+02
4.837985229492187500e+02
3.717890930175781250e+02
5.292944946289062500e+02
6.433782958984375000e+02
1.132336914062500000e+03
4.083830871582031250e+02
1.886686859130859375e+02
6.933933105468750000e+02
4.746731262207031250e+02
4.028153991699218750e+02
5.034652099609375000e+02
3.431411743164062500e+02
3.220414733886718750e+02
2.092315216064453125e+02
4.561709289550781250e+02
5.428428955078125000e+02
4.855656127929687500e+02
5.025840759277343750e+02
6.230176391601562500e+02
3.936061096191406250e+02
6.734393310546875000e+02
1.738446960449218750e+02
2.928952331542968750e+02
7.307585449218750000e+02
7.210484619140625000e+02
5.805073242187500000e+02
7.043950653076171875e+01
4.235537109375000000e+02
2.450193939208984375e+02
4.125426940917968750e+02
5.589530029296875000e+02
4.012777099609375000e+02
4.689119262695312500e+02
7.590963134765625000e+02
2.815379028320312500e+02
9.477720947265625000e+02
2.694783935546875000e+02
