3.766287679999999796e+02
5.360767650000000231e+02
6.825546849999999495e+02
2.385711929999999938e+02
6.274437149999999974e+02
3.789199179999999956e+02
2.843816350000000170e+02
4.842272970000000214e+02
2.611589930000000095e+02
3.686723779999999806e+02
5.867057650000000422e+02
3.043701619999999934e+02
7.769048540000000003e+02
2.765549159999999915e+02
3.113409179999999878e+02
4.590420940000000201e+02
3.426178300000000263e+02
4.847664700000000266e+02
2.864777030000000195e+02
1.125007279999999952e+02
3.563200100000000248e+02
3.409384519999999839e+02
7.167030839999999898e+02
1.056244049999999959e+02
2.693499069999999733e+02
3.176039880000000153e+02
4.900495129999999904e+02
4.136438430000000039e+02
2.523161470000000008e+02
2.912707189999999855e+02
3.512528209999999831e+02
4.327126600000000280e+02
2.512431929999999909e+02
6.781804570000000467e+02
2.683310240000000135e+02
4.264332300000000231e+01
2.941822399999999789e+02
6.203452849999999899e+02
4.286409830000000056e+02
4.604043459999999754e+02
3.561809180000000197e+02
3.399285709999999767e+02
1.962896690000000035e+02
7.265431569999999510e+02
3.935231919999999946e+02
2.266396080000000097e+02
4.592324709999999754e+02
5.285596160000000054e+02
7.187112059999999474e+02
2.241449360000000013e+02
2.233299220000000105e+02
2.485330160000000035e+02
5.206650939999999537e+02
5.525029640000000200e+02
4.424373079999999732e+02
3.583571860000000129e+02
7.439345110000000432e+02
2.795835789999999861e+02
7.335307639999999765e+02
2.953208970000000022e+02
3.377557410000000004e+02
2.206093360000000132e+02
7.155155310000000100e+02
2.080214620000000139e+02
4.428049940000000220e+02
5.364073919999999589e+02
4.880521309999999744e+02
2.520743029999999862e+02
2.860023219999999924e+02
3.829172110000000089e+02
6.298331389999999601e+02
3.291833429999999794e+02
5.018481669999999895e+02
6.664882860000000164e+02
5.391758969999999636e+02
3.967361890000000244e+02
2.089549890000000119e+02
5.616839509999999791e+02
3.026604580000000055e+02
7.001905070000000251e+02
5.960535800000000108e+02
2.543638740000000098e+02
1.549958220000000040e+02
2.731984009999999898e+02
1.941305120000000102e+02
3.800224840000000199e+02
3.237811500000000251e+02
1.210185960000000023e+02
2.938943269999999757e+02
1.304175070000000005e+02
4.950331390000000056e+02
3.692366700000000037e+02
5.504341060000000425e+02
6.053622410000000400e+02
3.347546389999999974e+02
9.949990300000000332e+01
2.494620510000000024e+02
1.390324520000000064e+02
8.978830369999999448e+02
5.182218470000000252e+02
4.851113690000000247e+02
3.512257169999999746e+02
6.310195019999999886e+02
1.732562639999999874e+02
2.469231660000000090e+02
6.281974569999999858e+02
2.108210369999999898e+02
5.236161459999999579e+02
2.817246020000000044e+02
5.528832449999999881e+02
3.169184599999999818e+02
1.325343870000000095e+02
6.190144010000000208e+02
8.065841199999999844e+01
3.044075070000000096e+02
1.044438619999999958e+02
2.853357209999999782e+02
3.255827919999999835e+02
5.893491970000000038e+02
4.373734509999999887e+02
2.056219340000000102e+02
3.739985990000000129e+02
5.035017730000000142e+02
1.724956209999999999e+02
6.709952530000000479e+02
6.166165509999999585e+02
7.583481000000000449e+02
4.912164139999999861e+02
3.856800650000000132e+02
5.091589660000000208e+02
5.341906840000000329e+02
5.781175180000000182e+02
5.950838220000000547e+02
3.764517969999999991e+02
2.609613949999999818e+02
4.706276950000000170e+02
4.173830469999999764e+02
4.673757519999999772e+02
6.541492550000000392e+02
1.497748430000000042e+02
4.904680369999999812e+02
3.196794719999999757e+02
1.817418073000000049e+03
7.409025030000000243e+02
6.877218119999999999e+02
2.945177990000000250e+02
3.774339689999999905e+02
4.829652639999999906e+02
5.085371840000000248e+02
4.237633519999999976e+02
3.772059150000000045e+02
2.108376130000000046e+02
3.177537290000000212e+02
4.236863010000000145e+02
1.729836909999999932e+02
1.399291020000000003e+02
3.557003510000000119e+02
3.457910190000000057e+02
5.183667920000000322e+02
5.885374120000000175e+02
3.774934969999999907e+02
4.828752600000000257e+02
6.167824399999999514e+02
6.229157179999999698e+02
2.570032949999999801e+02
2.701912259999999719e+02
6.960630290000000286e+02
4.536932380000000080e+02
9.652566500000000360e+02
1.514205770000000086e+02
2.267529700000000048e+02
4.024327289999999948e+02
4.731812100000000214e+02
4.521311329999999771e+02
2.220121579999999994e+02
2.927386500000000069e+02
6.002179710000000341e+02
5.293894870000000310e+02
2.146242120000000000e+02
1.498473930000000109e+02
1.579372260000000097e+02
5.745993640000000369e+02
5.595383199999999988e+02
7.142157929999999624e+02
5.763641169999999647e+02
5.501366490000000340e+02
2.204501869999999997e+02
5.239253340000000208e+02
6.229137210000000096e+02
3.214869059999999763e+02
3.662124890000000050e+02
1.440164699999999982e+02
3.159003440000000182e+02
3.919014910000000214e+02
4.023463929999999777e+02
2.651614280000000008e+02
2.445745420000000081e+02
2.414197990000000118e+02
4.401453060000000050e+02
3.630267600000000243e+02
5.551774560000000065e+02
4.750047680000000128e+02
4.312691580000000044e+02
5.033453529999999887e+02
4.051870890000000145e+02
3.164334579999999733e+02
2.525195850000000064e+02
2.593060929999999757e+02
7.009949430000000348e+02
6.577096759999999449e+02
3.973352659999999901e+02
5.755181059999999889e+02
4.794121589999999742e+02
6.494898520000000417e+02
3.886278419999999869e+02
7.760362360000000308e+02
1.273365710000000064e+02
5.179576379999999745e+02
3.808788930000000050e+02
4.922134699999999725e+02
2.414162670000000048e+02
5.287613029999999981e+02
2.052518279999999891e+02
5.285400339999999915e+02
3.538701550000000111e+02
5.530988380000000006e+02
9.397204759999999624e+02
3.508553059999999846e+02
4.414419020000000273e+02
4.358973780000000033e+02
3.005226769999999874e+02
5.138948120000000017e+02
4.380784350000000131e+02
1.359227539999999976e+02
4.318193459999999959e+02
2.482216720000000123e+02
3.310148550000000114e+02
4.414660039999999981e+02
4.427465129999999931e+02
2.189861899999999935e+02
4.176154109999999946e+02
6.811314459999999826e+02
2.775748649999999884e+02
1.806508310000000108e+02
1.488999080000000106e+02
4.509840649999999869e+02
4.624986700000000042e+02
2.486050490000000082e+02
2.662191900000000260e+02
3.637193570000000022e+02
4.322419399999999996e+02
2.433064850000000092e+02
2.954971489999999790e+02
3.893618339999999876e+02
2.456511920000000089e+02
8.857971100000000320e+01
2.338572289999999896e+02
1.167177240000000040e+02
5.265075940000000401e+02
2.222213000000000136e+02
3.945713210000000117e+02
3.669345589999999788e+02
3.076748119999999744e+02
2.158730970000000013e+02
6.459079950000000281e+02
2.478085829999999987e+02
3.395466270000000009e+02
1.846139579999999967e+02
3.860061860000000138e+02
2.683903609999999844e+02
6.467987580000000207e+02
3.569560690000000136e+02
4.825530749999999784e+02
3.648616569999999797e+02
7.184479400000000169e+02
1.865881210000000010e+02
4.459943850000000225e+02
1.675504380000000140e+02
6.577397780000000012e+02
8.884819799999999645e+01
3.574465169999999716e+02
3.735723219999999856e+02
2.818376809999999750e+02
4.963519360000000233e+02
4.123367489999999975e+02
5.027959109999999896e+02
1.301172500000000127e+02
3.654454640000000154e+02
2.518910899999999913e+02
4.381088229999999726e+02
2.372511140000000012e+02
2.085779200000000060e+02
1.811396860000000117e+02
7.095148010000000340e+02
7.271915629999999737e+02
5.610484649999999647e+02
5.706798700000000508e+02
3.858601790000000165e+02
2.870862750000000005e+02
5.844226499999999760e+02
2.727259460000000217e+02
2.358926280000000020e+02
2.618011460000000170e+02
4.839753610000000208e+02
4.216878219999999828e+02
3.882938550000000077e+02
5.195184930000000350e+02
4.311078110000000265e+02
2.385366009999999903e+02
2.818308250000000044e+02
8.295640929999999571e+02
6.532128400000000568e+01
2.550640940000000114e+02
4.394276199999999903e+02
8.746160549999999603e+02
4.747270030000000247e+02
4.278805719999999724e+02
3.345177739999999744e+02
4.233733680000000277e+02
5.360437399999999570e+02
3.895981179999999995e+02
3.510605140000000119e+02
3.557952290000000062e+02
4.274236789999999928e+02
3.782716229999999769e+02
2.758816279999999779e+02
2.855299249999999915e+02
5.233476799999999685e+02
5.185877199999999903e+02
2.613965929999999958e+02
3.922520660000000134e+02
1.085378369999999961e+02
6.932622000000000639e+01
3.213776730000000157e+02
2.882115459999999985e+02
5.058743690000000015e+02
3.827809359999999970e+02
6.177329429999999775e+02
2.545994560000000035e+02
2.025880989999999997e+02
2.559961680000000115e+02
2.605544899999999870e+02
7.472229300000000194e+02
2.231165499999999895e+02
1.543223050000000001e+02
5.085943330000000060e+02
6.495143659999999954e+02
1.108542369999999892e+03
3.333618529999999964e+02
3.980873780000000011e+02
3.687013719999999921e+02
3.250676320000000032e+02
2.276987110000000030e+02
4.295534319999999866e+02
1.663764370000000099e+02
1.871328499999999906e+02
1.615585069999999916e+02
4.284627259999999751e+02
5.826202130000000352e+02
2.752156380000000127e+02
3.952115469999999959e+02
4.620669350000000009e+02
4.257104479999999853e+02
1.437944109999999966e+02
2.171934280000000115e+02
2.987992469999999798e+02
4.463134559999999738e+02
2.858532739999999990e+02
3.626218820000000278e+02
4.895040210000000229e+02
2.476776700000000062e+02
5.312875400000000354e+02
2.152950850000000003e+02
7.845638900000000149e+02
1.847799520000000086e+02
3.550502149999999801e+02
3.049801649999999995e+02
3.041512139999999818e+02
3.643409599999999955e+02
2.806045889999999758e+02
5.635852889999999888e+02
3.599091999999999985e+02
3.997226979999999799e+02
2.559437200000000132e+02
6.843127829999999676e+02
5.879186570000000529e+02
2.730185460000000148e+02
4.526945539999999824e+02
2.983205070000000205e+02
2.944731029999999805e+02
2.496818700000000035e+02
4.381894940000000247e+02
3.055780930000000239e+02
8.617490899999999954e+01
3.829734060000000113e+02
3.776913139999999771e+02
8.576114499999999907e+02
8.745567400000000191e+01
2.495790819999999997e+02
7.538010620000000017e+02
4.195754640000000109e+02
5.039823739999999930e+02
4.984906930000000216e+02
2.052528930000000003e+02
2.366336509999999862e+02
3.201972690000000057e+02
3.908882330000000138e+02
3.373181289999999990e+02
1.922265879999999925e+02
5.484103209999999535e+02
2.143919080000000008e+02
2.452284219999999948e+02
4.734607490000000212e+02
6.445289089999999987e+02
5.886580880000000207e+02
3.567817699999999945e+02
5.298037610000000086e+02
3.130654940000000011e+02
5.653556149999999434e+02
2.902096730000000093e+02
3.425252889999999866e+02
2.542158579999999972e+02
3.920878480000000081e+02
2.559144560000000013e+02
4.760706539999999904e+02
5.064234030000000075e+02
2.621813319999999976e+02
6.459222800000000007e+02
2.566063110000000052e+02
1.056783329999999950e+02
7.483817070000000058e+02
2.753866639999999961e+02
1.985102740000000097e+02
1.758306709999999953e+02
5.241843730000000505e+02
2.365990099999999927e+02
2.956986670000000004e+02
4.149327769999999873e+02
2.636331710000000044e+02
1.080130170000000049e+02
3.565074240000000145e+02
4.826113920000000235e+02
3.760667760000000044e+02
2.382676889999999901e+02
2.321279370000000029e+02
3.578216530000000262e+02
1.897889010000000098e+02
5.958065599999999904e+02
1.779231880000000103e+02
4.546683929999999805e+02
3.827655369999999948e+02
7.301098309999999856e+02
6.006799489999999651e+02
4.430035970000000134e+02
4.628309889999999882e+02
6.344767739999999776e+02
3.677251899999999978e+02
4.008855839999999944e+02
3.700563230000000203e+02
5.153234049999999797e+02
5.072401429999999891e+02
3.338904489999999896e+02
3.187714950000000158e+02
2.610385560000000282e+02
5.202788199999999961e+02
1.581229960000000005e+02
3.758995689999999854e+02
3.294504069999999842e+02
6.034472490000000562e+02
2.834479860000000144e+02
5.707939129999999750e+02
3.207027630000000045e+02
7.326238740000000007e+02
1.635474560000000110e+02
1.382872480000000053e+02
2.571416540000000168e+02
4.275325429999999756e+02
3.403238460000000032e+02
2.894813459999999736e+02
4.710356639999999970e+02
4.972141340000000014e+02
2.010605170000000044e+02
5.866120599999999996e+01
2.396504860000000008e+02
8.110816610000000537e+02
1.984919529999999952e+02
4.267569829999999911e+02
4.099923810000000231e+02
3.366235330000000090e+02
3.417144949999999994e+02
3.734705890000000181e+02
5.336223049999999830e+02
3.000108060000000023e+02
2.591282990000000268e+02
3.264181409999999914e+02
4.052666760000000181e+02
3.075746740000000159e+02
1.938964170000000138e+02
2.183121060000000000e+02
4.333277969999999755e+02
3.025412680000000023e+02
3.420256729999999834e+02
5.782077470000000403e+02
2.618230619999999931e+02
6.459998259999999846e+02
2.303955009999999959e+02
1.060451989999999967e+02
3.986165780000000041e+02
3.390414670000000115e+02
4.551742280000000278e+02
3.533559650000000261e+02
2.727379670000000260e+02
4.848989369999999894e+02
3.010227689999999825e+02
2.411605299999999943e+02
5.442850539999999455e+02
3.461988880000000108e+02
5.684394770000000108e+02
3.064187160000000176e+02
4.349608529999999860e+02
5.812138760000000275e+02
3.680184840000000008e+02
3.206702520000000050e+02
3.531245030000000042e+02
4.517288570000000050e+02
4.324344740000000229e+02
4.348918299999999704e+01
3.057079840000000104e+02
4.104737789999999791e+02
4.704518370000000118e+02
3.658948760000000107e+02
4.867119579999999814e+02
5.609085720000000492e+02
4.688606099999999799e+01
2.735794319999999971e+02
6.312554079999999885e+02
5.412334819999999809e+02
5.859729310000000169e+02
5.827151549999999816e+02
5.051374410000000239e+02
3.404118260000000191e+02
2.802522379999999771e+02
2.763415299999999775e+02
9.232622039999999970e+02
4.242544139999999970e+02
5.787471679999999878e+02
4.431825579999999718e+02
2.303824850000000026e+02
5.199472950000000537e+02
4.326221540000000232e+02
2.692653760000000034e+02
2.118333910000000060e+02
4.794993670000000066e+02
1.152426799999999929e+02
3.347051129999999830e+02
4.610958600000000160e+02
4.283039059999999836e+02
2.286438829999999882e+02
5.100049119999999903e+02
2.131439939999999922e+02
6.797438509999999496e+02
3.940238519999999767e+02
3.773317940000000021e+02
5.038600069999999960e+02
2.598237149999999929e+02
5.733336189999999988e+02
3.884326179999999908e+02
2.987417869999999880e+02
4.777026940000000081e+02
3.912452390000000264e+02
7.175703240000000278e+02
3.951253199999999879e+02
3.344532730000000242e+02
5.505439880000000130e+02
2.915341559999999959e+02
3.111427419999999984e+02
4.188654399999999782e+02
4.310958079999999768e+02
5.215813100000000304e+02
4.019980709999999817e+02
3.401310159999999883e+02
2.066347979999999893e+02
4.839628950000000032e+02
3.630019530000000145e+02
3.556942589999999882e+02
2.998084160000000224e+02
2.558357579999999984e+02
3.290767999999999915e+02
3.018327310000000239e+02
7.289411209999999528e+02
5.336910759999999527e+02
2.687824719999999843e+02
4.122652800000000184e+02
1.747726380000000006e+02
5.138503379999999652e+02
2.159563019999999938e+02
3.164385080000000130e+02
7.080286630000000514e+02
1.687719889999999907e+02
4.459034770000000094e+02
4.182389019999999960e+02
2.440252729999999985e+02
4.305503669999999943e+02
3.988807390000000055e+02
5.057231699999999819e+02
4.316248659999999973e+02
3.552321529999999825e+02
5.283823370000000068e+02
3.728971930000000157e+02
3.845402950000000146e+02
3.759716000000000236e+02
2.833232600000000048e+02
3.335287470000000098e+02
7.099818500000000085e+02
6.298847710000000006e+02
4.180263239999999882e+02
2.844318700000000035e+02
3.786956519999999955e+02
2.418060230000000104e+02
2.119882389999999930e+02
5.974067250000000513e+02
2.596490650000000073e+02
1.296305780000000141e+02
3.783766640000000052e+02
7.281659270000000106e+02
1.920047979999999939e+02
1.517631079999999884e+02
3.343205459999999789e+02
2.548206350000000100e+02
1.471390120000000081e+02
4.633427560000000085e+02
3.846170680000000175e+02
3.205933769999999754e+02
3.650392630000000054e+02
1.862026759999999967e+02
4.958190089999999941e+02
1.811591899999999953e+02
4.076640229999999860e+02
5.178097139999999854e+02
2.986237290000000257e+02
4.193651580000000081e+02
1.544230809999999963e+02
2.793076389999999947e+02
1.728126169999999888e+02
1.798062529999999981e+02
1.351467000000000098e+02
4.198473010000000158e+02
1.620045680000000061e+02
3.095412200000000098e+02
3.378667800000000057e+02
3.232885519999999815e+02
4.003396769999999947e+02
1.957950869999999952e+02
6.736938659999999572e+02
3.824035509999999931e+02
3.886507899999999722e+02
3.651502659999999878e+02
8.697070009999999911e+02
1.369244970000000023e+02
3.644699039999999854e+02
2.963721810000000119e+02
2.736744990000000257e+02
4.709466499999999769e+02
1.626767680000000098e+02
2.354302720000000022e+02
3.898470750000000180e+02
2.000872689999999920e+02
2.108168860000000109e+02
4.578254929999999945e+02
2.431800660000000107e+02
4.612028520000000071e+02
3.263707309999999779e+02
6.715941269999999577e+02
4.420045779999999809e+02
2.996988249999999994e+02
5.311416430000000446e+02
4.944740100000000211e+02
6.597818190000000413e+02
3.915310140000000274e+02
4.649749530000000277e+02
5.303069699999999784e+02
3.218692980000000148e+02
2.600542619999999943e+02
4.496834900000000061e+02
3.121317510000000084e+02
5.003965099999999779e+02
4.827156140000000164e+02
1.848670079999999984e+02
1.570404619999999909e+02
3.722765150000000176e+02
3.518655360000000201e+02
2.250986609999999928e+02
4.485808700000000044e+02
4.320895859999999971e+02
3.790356310000000235e+02
1.476623470000000111e+02
2.761869879999999853e+02
2.782422910000000229e+02
4.338343320000000176e+02
4.027278830000000198e+02
3.472464719999999829e+02
3.610888780000000224e+02
5.507317709999999806e+02
4.303319099999999935e+02
1.679991980000000069e+02
6.590825340000000097e+02
4.318899190000000203e+02
3.071819229999999834e+02
7.456505419999999731e+02
2.889501490000000103e+02
3.686291009999999915e+02
3.691950499999999806e+02
3.063518020000000206e+02
4.035182070000000181e+02
5.794822729999999638e+02
5.536387339999999995e+02
3.826629080000000158e+02
2.823743640000000141e+02
5.529234279999999444e+02
2.622897609999999986e+02
3.185198669999999765e+02
4.329142360000000167e+02
3.599562290000000075e+02
6.078424370000000181e+02
2.981567430000000058e+02
4.420084650000000011e+02
4.255691170000000056e+02
1.769088189999999940e+02
4.264190429999999878e+02
8.996172799999999370e+01
3.685548900000000003e+02
2.056715079999999887e+02
3.928598759999999857e+02
6.090291500000000013e+01
1.934092599999999891e+02
4.940693340000000262e+02
7.410142560000000458e+02
3.307110480000000052e+02
1.875500790000000109e+02
3.397075209999999856e+02
3.406322049999999990e+02
3.528800790000000234e+02
4.773324499999999944e+02
2.874486489999999890e+02
7.514198579999999765e+02
3.392714990000000057e+02
4.491390739999999937e+02
1.778411509999999964e+02
2.747996350000000234e+02
6.522916820000000371e+02
4.408852459999999951e+02
2.309905660000000012e+02
2.180591440000000034e+02
2.482753779999999892e+02
3.454537000000000262e+02
3.672698350000000005e+02
7.097973739999999907e+02
4.032300089999999955e+02
2.946463459999999941e+02
2.476080240000000003e+02
5.167662790000000541e+02
3.179584489999999732e+02
3.500595030000000065e+02
5.640560070000000223e+02
4.109482820000000061e+02
6.994256149999999934e+02
4.804686770000000138e+02
2.952462709999999788e+02
4.936845739999999978e+02
3.540264369999999872e+02
3.610797140000000240e+02
3.112041609999999991e+02
6.285261259999999766e+02
3.899184989999999971e+02
5.168249540000000479e+02
3.132452920000000063e+02
3.304098240000000146e+02
1.475717429999999979e+02
4.381387189999999805e+02
5.823970580000000155e+02
1.522114789999999971e+02
3.182630800000000022e+02
2.556367830000000083e+02
3.901765780000000063e+02
7.809214040000000523e+02
1.667048320000000103e+02
6.701385000000000218e+02
2.872171000000000163e+02
1.854091889999999978e+02
4.609743960000000129e+02
5.657376990000000205e+02
2.799560759999999959e+02
4.095454060000000140e+02
1.895443899999999928e+02
2.387147370000000137e+02
3.739409679999999980e+02
3.915592149999999947e+02
7.519680449999999610e+02
4.937916450000000168e+02
5.708775849999999537e+02
1.301375299999999982e+02
2.572291769999999929e+02
3.422075760000000173e+02
4.945043800000000260e+02
2.691618369999999913e+02
3.077024170000000254e+02
4.450636910000000057e+02
4.468443100000000072e+02
1.416628310000000113e+02
1.810957459999999912e+02
4.629994050000000243e+02
3.982014810000000011e+02
6.611746610000000146e+02
6.204234109999999873e+02
3.234508099999999899e+02
4.202442350000000033e+02
3.694167820000000120e+02
2.317248060000000009e+02
1.999112049999999954e+02
3.512910790000000247e+02
5.650929499999999734e+02
2.799303509999999733e+02
1.795452699999999879e+02
3.199668469999999729e+02
4.180893389999999954e+02
8.510623500000000377e+02
2.138694460000000106e+02
5.374140459999999848e+02
1.724712810000000047e+02
5.397453600000000051e+02
7.349942790000000059e+02
6.200203629999999748e+02
5.052909149999999840e+02
5.503368819999999459e+02
8.067337310000000343e+02
6.336336800000000267e+02
1.351081039999999973e+02
4.181724960000000237e+02
1.940953309999999874e+02
3.969794870000000060e+02
2.675305769999999939e+02
4.389090259999999830e+02
3.031327390000000150e+02
4.281753699999999867e+02
2.995890469999999937e+02
3.095248559999999998e+02
4.893235710000000154e+02
2.242301930000000141e+02
5.621640169999999443e+02
2.843591359999999781e+02
4.230220560000000205e+02
4.031105600000000209e+02
5.943916749999999638e+02
3.384537369999999896e+02
1.220883400000000023e+02
4.923437180000000239e+02
3.662628250000000207e+02
4.111648959999999988e+02
2.431427730000000054e+02
2.696907820000000129e+02
4.088198899999999867e+02
6.195583189999999831e+02
3.332619819999999891e+02
3.661897240000000124e+02
6.347712820000000420e+02
2.062484240000000000e+02
3.302696169999999825e+02
2.488671459999999911e+02
6.813683620000000474e+02
5.718731159999999818e+02
2.930311629999999923e+02
5.323017059999999674e+02
1.358914080000000126e+02
8.612190120000000206e+02
5.601044329999999718e+02
4.193986310000000231e+02
3.508111049999999977e+02
2.867977779999999939e+02
1.983416290000000117e+02
3.937197259999999801e+02
4.157192469999999958e+02
3.230446200000000090e+02
9.974841700000000344e+01
8.618315699999999424e+01
5.342684709999999768e+02
3.279708669999999984e+02
2.365712489999999946e+02
2.365768840000000068e+02
5.120892450000000053e+02
1.828180539999999894e+02
5.950804409999999507e+02
4.108468920000000253e+02
1.450067960000000085e+02
2.831937980000000152e+02
2.023331200000000081e+02
3.536659799999999905e+02
5.937730249999999614e+02
5.803517900000000509e+02
4.900993369999999913e+02
8.893089810000000170e+02
3.310865870000000086e+02
5.506682899999999563e+02
2.639511029999999892e+02
3.058849289999999996e+02
3.084052909999999770e+02
3.205768820000000119e+02
1.993596619999999859e+02
3.068634470000000078e+02
3.735694950000000176e+02
4.809744890000000055e+02
4.121170650000000251e+02
3.285791990000000169e+02
3.833471040000000016e+02
4.267352199999999840e+01
3.431007250000000113e+02
2.306012829999999951e+02
4.313863180000000170e+02
6.391024979999999687e+02
2.253702890000000139e+02
4.834184050000000070e+02
3.065190119999999752e+02
3.340332690000000184e+02
1.995979079999999897e+02
7.143094149999999445e+02
2.155593969999999899e+02
1.691434580000000096e+02
5.282946279999999888e+02
3.217035740000000033e+02
3.211226399999999899e+02
1.234948329999999999e+02
2.801394950000000108e+02
2.493125220000000013e+02
3.788020789999999920e+02
2.285214269999999885e+02
3.382422690000000216e+02
3.342530770000000189e+02
1.508412170000000003e+02
2.478337610000000097e+02
1.830191660000000127e+02
4.721264069999999720e+02
2.012547759999999926e+02
6.759429569999999785e+02
3.346596710000000030e+02
2.182410079999999937e+02
2.556794010000000128e+02
3.814311260000000061e+02
5.620105989999999565e+02
2.638759800000000268e+02
1.199893730000000005e+02
2.942705670000000282e+02
1.260641990000000021e+02
5.617551509999999553e+02
2.325917499999999905e+02
5.383149879999999712e+02
4.709319689999999810e+02
4.146437080000000037e+02
4.196718190000000277e+02
1.950018570000000011e+02
4.286318400000000111e+02
5.871711629999999786e+02
3.071330970000000207e+02
6.890680409999999938e+02
8.509705740000000560e+02
3.701221899999999891e+02
5.863813930000000028e+02
4.267390369999999962e+02
4.300577969999999937e+02
3.399817459999999869e+02
4.473716630000000123e+02
5.839088249999999789e+02
3.789357489999999871e+02
2.933630069999999819e+02
1.965182110000000080e+02
3.620850300000000175e+02
4.601803009999999858e+02
4.392214589999999816e+02
3.735589180000000056e+02
4.504596970000000056e+02
4.284946190000000001e+02
3.199377539999999840e+02
4.283087639999999965e+02
5.244000549999999521e+02
4.745419640000000072e+02
1.312266720000000078e+02
3.516222639999999728e+02
1.588919970000000035e+02
4.046580670000000168e+02
3.570511900000000196e+02
1.405296060000000011e+02
2.261437599999999861e+02
2.345488740000000121e+02
3.332381869999999822e+02
2.890595339999999851e+02
2.152969009999999912e+02
2.464802129999999920e+02
2.594306470000000218e+02
4.654110830000000192e+02
2.342468120000000056e+02
6.036757250000000568e+02
4.255574270000000183e+02
3.983485499999999888e+02
3.881798130000000242e+02
7.546921109999999544e+02
6.827843119999999999e+02
4.564563370000000191e+02
6.998322670000000016e+02
1.613122170000000040e+02
9.853219099999999742e+01
6.089094260000000531e+02
1.653235290000000077e+02
3.062290960000000268e+02
4.627254699999999730e+02
5.010601179999999886e+02
4.084361210000000142e+02
2.589786680000000274e+02
1.736887529999999913e+02
5.930330089999999927e+02
9.707007699999999772e+01
2.162792200000000093e+02
3.323120470000000068e+02
4.530252929999999765e+02
4.286496319999999969e+02
8.720057799999999304e+01
3.119569060000000036e+02
4.341984870000000001e+02
2.142976859999999988e+02
4.483512959999999907e+02
1.500781020000000012e+02
2.866072219999999788e+02
2.587367530000000215e+02
4.257716100000000097e+02
4.259223420000000147e+02
2.678230379999999968e+02
2.454409589999999923e+02
9.363028070000000298e+02
5.972126980000000458e+02
3.704014020000000187e+02
4.394886829999999804e+02
4.052294949999999858e+02
2.894688509999999724e+02
3.133536310000000071e+02
5.815691990000000260e+02
5.804914850000000115e+02
3.194129229999999779e+02
3.723330369999999903e+02
2.022917830000000095e+02
3.390109340000000202e+02
1.717323939999999993e+02
3.233863089999999829e+02
7.078152669999999489e+02
3.611004950000000235e+02
6.382480799999999732e+01
1.959807040000000029e+02
2.938031960000000140e+02
2.148012799999999913e+02
3.395503969999999754e+02
2.954728920000000016e+02
1.037849669999999946e+02
4.758530119999999783e+02
5.228053800000000138e+02
1.760505449999999996e+02
7.005714920000000347e+02
4.029739400000000273e+02
2.765726960000000076e+02
1.308336009999999874e+02
3.418692790000000059e+02
1.429119169999999883e+02
1.863608780000000138e+02
2.130009719999999902e+02
4.744287860000000023e+02
2.282541589999999871e+02
4.016391840000000002e+02
5.260667059999999537e+02
6.324636219999999867e+02
3.851187600000000089e+02
2.863883510000000001e+02
5.367049869999999601e+02
4.912724019999999996e+02
7.180416300000000547e+02
2.447282449999999869e+02
3.859940980000000081e+02
5.907696700000000192e+02
2.824223079999999868e+02
3.197632929999999760e+02
2.878443409999999858e+02
3.292335120000000188e+02
5.930427110000000539e+02
2.332504390000000001e+02
3.765204370000000154e+02
1.496979609999999923e+02
3.376225469999999973e+02
5.379609239999999772e+02
3.491050470000000132e+02
3.480245869999999968e+02
6.091289050000000316e+02
6.618441900000000544e+01
3.739615079999999807e+02
2.919381680000000188e+02
5.569250550000000430e+02
5.613033840000000509e+02
2.656017780000000243e+02
6.618902190000000019e+02
3.228249490000000037e+02
6.734355600000000095e+02
1.847226139999999930e+02
8.147595750000000407e+02
3.967494389999999953e+02
2.256499929999999949e+02
5.265728850000000421e+02
1.784006239999999934e+02
3.209079879999999889e+02
3.719638860000000022e+02
4.752169819999999731e+02
4.247396299999999769e+02
3.371784160000000270e+02
2.395433700000000101e+02
6.267151989999999842e+02
7.309840639999999894e+02
5.890697820000000320e+02
1.970246439999999950e+02
3.852876549999999725e+02
8.588270240000000513e+02
5.036311469999999986e+02
5.020148770000000127e+02
2.669772909999999797e+02
2.969119099999999776e+02
2.456233530000000087e+02
4.726258789999999976e+02
5.125921029999999519e+02
2.266095430000000022e+02
2.316581280000000049e+02
2.906241860000000088e+02
3.226553509999999960e+02
2.166692669999999907e+02
5.272772730000000365e+02
3.352561749999999847e+02
4.452115499999999884e+02
7.193610959999999750e+02
2.925008159999999862e+02
3.929395349999999780e+02
2.471108409999999935e+02
1.515621759999999938e+02
1.145933749999999947e+02
1.936193499999999972e+02
1.189009250000000009e+02
3.123216590000000110e+02
2.806024869999999964e+02
2.252081110000000024e+02
4.307375440000000140e+02
4.901710219999999936e+02
2.947033410000000231e+02
5.577281400000000531e+02
1.816677999999999997e+02
2.216238960000000020e+02
3.231031540000000177e+02
1.855928780000000131e+02
4.150138420000000110e+02
2.567061289999999758e+02
1.205243059999999957e+02
2.828527789999999982e+02
5.961112940000000435e+02
2.884931559999999990e+02
3.500410519999999792e+02
3.418682689999999980e+02
3.033030850000000100e+02
5.292975659999999607e+02
3.498590370000000007e+02
2.667230420000000208e+02
4.877701549999999884e+02
1.989283110000000079e+02
3.555030140000000074e+02
7.296186959999999999e+02
3.377212309999999889e+02
3.932817890000000034e+02
2.919986260000000016e+02
4.131553160000000275e+02
3.942817759999999794e+02
4.070893550000000118e+02
5.604745789999999488e+02
1.833048029999999926e+02
2.535807079999999871e+02
1.796367869999999982e+02
1.391212060000000008e+02
2.641713710000000219e+02
1.705495589999999879e+02
2.276499129999999980e+02
4.564044870000000174e+02
6.846179789999999912e+02
2.867396340000000237e+02
4.269459529999999745e+02
2.659215720000000260e+02
5.085624250000000188e+02
2.481863779999999906e+02
4.519081669999999917e+02
2.680197800000000257e+02
3.004789079999999899e+02
2.572810600000000250e+02
2.304670680000000118e+02
1.418398960000000102e+02
6.347588230000000067e+02
4.994942159999999944e+02
4.421254630000000247e+02
2.723895759999999768e+02
2.873668910000000096e+02
4.906002520000000118e+02
3.255320130000000063e+02
3.177961559999999963e+02
4.341402009999999905e+02
4.669251409999999964e+02
5.266397739999999885e+02
3.090921250000000100e+02
2.642459450000000061e+02
3.103674639999999840e+02
2.635732530000000224e+02
4.057087109999999939e+02
7.185225100000000111e+02
2.536913720000000012e+02
3.947452890000000139e+02
5.025348309999999969e+02
1.844242810000000077e+02
2.746221469999999840e+02
2.133188220000000115e+02
2.749457570000000146e+02
4.374324169999999867e+02
5.884702409999999873e+02
3.566878300000000195e+02
1.227185400000000044e+02
3.308889589999999998e+02
4.329114500000000021e+02
4.001362010000000282e+02
2.373204159999999945e+02
3.227599700000000098e+02
5.137739589999999907e+02
4.543376999999999839e+02
5.043999099999999771e+02
4.714469550000000027e+02
3.444265700000000265e+02
6.431775649999999587e+02
2.235897889999999961e+02
6.088739580000000160e+02
2.522543919999999957e+02
1.518333550000000116e+02
6.766142529999999624e+02
1.850138829999999928e+02
4.145177199999999971e+02
4.638062630000000013e+02
1.424518329999999935e+02
4.796358510000000024e+02
4.576490190000000098e+02
5.936916459999999915e+02
4.247214180000000283e+02
3.114730640000000221e+02
2.456684449999999913e+02
3.241467170000000237e+02
3.137718320000000176e+02
4.480805669999999736e+02
5.659708699999999908e+02
6.303343260000000328e+02
2.604407299999999736e+02
3.032549030000000130e+02
3.529890760000000114e+02
3.147176890000000071e+02
4.222224570000000199e+02
1.222327379999999977e+02
4.299317570000000046e+02
4.345792020000000093e+02
7.954735610000000179e+02
5.235100529999999708e+02
2.466370019999999954e+02
1.584959230000000048e+02
4.373691010000000006e+02
2.858751879999999801e+02
1.506033099999999934e+02
3.531381180000000199e+02
4.123566000000000145e+02
8.113806230000000141e+02
9.585651209999999764e+02
2.023771000000000129e+02
5.742696889999999712e+02
5.059435899999999720e+02
2.404568610000000035e+02
2.737721540000000005e+02
5.386393030000000408e+02
4.130105419999999867e+02
3.339961190000000215e+02
1.404987199999999916e+02
2.196550340000000006e+02
4.579301360000000045e+02
3.704847310000000107e+02
2.920049240000000168e+02
3.551786260000000084e+02
2.926826029999999719e+02
2.317935400000000072e+02
4.247195140000000038e+02
5.907581259999999475e+02
3.276564230000000180e+02
3.857860039999999913e+02
5.224150339999999915e+02
4.422648829999999975e+02
3.400014600000000087e+02
3.817807230000000231e+02
2.260761980000000051e+02
3.554535839999999780e+02
3.863426309999999830e+02
2.162132729999999867e+02
3.874487930000000233e+02
2.070368909999999971e+02
4.341756100000000060e+02
3.215860749999999939e+02
1.395427280000000110e+02
3.990645059999999944e+02
7.723004110000000537e+02
3.100406449999999836e+02
5.510082260000000360e+02
8.364118479999999636e+02
6.007623499999999694e+01
4.252911789999999996e+02
6.199615619999999581e+02
2.947656000000000063e+02
2.743983539999999834e+02
3.492704810000000180e+02
2.174342629999999872e+02
5.455023049999999785e+02
3.587150730000000181e+02
1.245774880000000024e+02
4.726561159999999973e+02
3.785058200000000284e+02
7.367357869999999593e+02
3.216205100000000243e+02
5.626144809999999552e+02
2.986245079999999916e+02
3.266662329999999770e+02
2.470337069999999926e+02
6.870583870000000388e+02
3.338443740000000162e+02
2.311419400000000053e+02
1.933847570000000076e+02
6.293821990000000142e+02
3.660673370000000091e+02
4.092177389999999946e+02
5.822333559999999579e+02
3.415127780000000257e+02
3.323638510000000110e+02
3.855164889999999787e+02
3.388912500000000136e+02
4.230277459999999792e+02
5.519445110000000341e+02
6.052001549999999952e+02
5.493373689999999669e+02
1.821111190000000022e+02
2.748547929999999724e+02
4.419824889999999868e+02
3.699554989999999748e+02
4.775189530000000104e+02
6.532273740000000544e+02
4.748798259999999800e+02
2.901354339999999752e+02
5.194257820000000265e+02
6.588529600000000528e+02
6.204792589999999564e+02
2.648394959999999969e+02
3.397823720000000094e+02
3.393437079999999924e+02
3.631062650000000076e+02
1.257226840000000010e+02
3.881527189999999905e+02
2.249243030000000090e+02
3.633449519999999779e+02
6.343918280000000323e+02
3.364192059999999742e+02
2.700578899999999862e+02
3.644317280000000210e+02
4.801147789999999986e+02
5.249387809999999490e+02
3.580699290000000019e+02
1.653878799999999956e+02
3.516854779999999892e+02
2.594778220000000033e+02
1.985409310000000005e+02
3.771556209999999965e+02
2.336685300000000041e+02
4.599013630000000035e+02
4.249999609999999848e+02
3.291855580000000145e+02
4.808937129999999911e+02
2.857297639999999888e+02
5.275999779999999646e+02
4.875938469999999825e+02
2.672743520000000217e+02
7.479180450000000064e+02
2.494123179999999991e+02
4.975682750000000283e+02
1.673292399999999986e+02
2.129451599999999871e+02
5.228068869999999606e+02
4.497496699999999805e+02
5.451770800000000463e+02
3.426007759999999962e+02
1.511417429999999911e+02
7.047732899999999745e+01
6.110011620000000221e+02
6.025371840000000248e+02
2.566986049999999864e+02
3.120353259999999977e+02
2.986009879999999725e+02
3.282133519999999862e+02
3.474411630000000173e+02
3.510028990000000135e+02
1.946400360000000092e+02
3.154519440000000259e+02
4.878506330000000162e+02
2.641640390000000025e+02
2.458523869999999931e+02
8.030201130000000376e+02
1.665656590000000108e+02
2.699142699999999877e+02
1.862608449999999891e+02
2.872258540000000266e+02
4.057446790000000192e+02
3.997221160000000282e+02
7.323737230000000409e+02
3.725151789999999892e+02
2.475175999999999874e+02
4.763835000000000264e+02
2.301846889999999917e+02
2.911632250000000113e+02
2.333613180000000114e+02
5.508491749999999456e+02
4.221686240000000225e+02
3.143837149999999951e+02
4.898124990000000025e+02
1.752980929999999944e+02
1.648815089999999941e+02
3.243711040000000025e+02
2.053975330000000099e+02
4.228711979999999926e+02
2.144726180000000113e+02
4.064074669999999969e+02
3.341305800000000090e+02
4.902929710000000227e+02
2.900913649999999961e+02
4.939859819999999786e+02
5.342298180000000229e+02
5.559629830000000084e+02
3.205203910000000178e+02
5.527603880000000345e+02
3.752645840000000135e+02
2.362831979999999987e+02
5.171152779999999893e+02
2.546357399999999984e+02
5.618268809999999576e+02
3.389908399999999915e+02
3.021484229999999798e+02
2.305795579999999916e+02
2.492115640000000099e+02
9.477863200000000177e+01
3.280805490000000191e+02
4.029778739999999857e+02
4.190610260000000267e+02
3.025777610000000095e+02
1.570690519999999992e+02
6.127918650000000298e+02
3.935869769999999903e+02
3.397250000000000227e+02
2.622028290000000084e+02
1.340730179999999905e+02
4.065186370000000124e+02
4.022767830000000231e+02
4.016039680000000089e+02
2.516804559999999924e+02
4.041387869999999793e+02
4.859243309999999951e+02
7.543869019999999637e+02
3.430125330000000190e+02
2.580521919999999909e+02
2.118599829999999997e+02
4.172134409999999889e+02
2.668562079999999810e+02
3.134701680000000010e+02
3.681524640000000090e+02
4.262285239999999931e+02
4.026819100000000162e+02
1.875133010000000127e+02
4.860041749999999752e+02
2.830032120000000191e+02
5.118780290000000264e+02
7.086622399999999971e+02
2.651427780000000212e+02
7.140953500000000531e+02
4.389574250000000006e+02
3.756349410000000262e+02
3.527189660000000231e+02
2.647737079999999992e+02
2.504934470000000033e+02
5.376172249999999622e+02
5.276460859999999684e+02
2.163529509999999902e+02
2.680827179999999998e+02
3.781939719999999738e+02
1.635407170000000008e+02
2.089606320000000039e+02
2.733059809999999743e+02
2.571858179999999834e+02
2.862773589999999899e+02
2.127813099999999906e+02
3.339323709999999892e+02
2.786685929999999871e+02
2.427966450000000123e+02
4.933613230000000272e+02
3.915100879999999961e+02
3.198849149999999781e+02
4.004435889999999745e+02
3.291695359999999937e+02
2.112506370000000118e+02
2.521455180000000098e+02
4.198719669999999837e+02
1.568178980000000138e+02
3.965076690000000212e+02
4.954051600000000235e+02
5.286504129999999577e+02
4.784840540000000146e+02
3.111450609999999983e+02
1.843355080000000044e+02
5.304682910000000220e+02
5.627833779999999706e+02
4.130717339999999922e+02
5.599819220000000541e+02
3.625299570000000244e+02
4.448658970000000181e+02
4.492368290000000002e+02
3.038031460000000266e+02
5.474473659999999882e+02
4.251314360000000079e+02
3.908565209999999865e+02
3.144345920000000092e+02
2.962089910000000259e+02
1.897925569999999880e+02
2.840079900000000066e+02
5.965748029999999744e+02
1.017127749999999935e+02
3.240707719999999767e+02
4.454971840000000043e+02
3.792403320000000235e+02
2.770276119999999764e+02
2.335900049999999908e+02
2.905974689999999896e+02
2.706036990000000060e+02
2.674574430000000120e+02
2.662432069999999840e+02
5.175573249999999916e+02
2.171824929999999938e+02
1.371041679999999872e+02
2.566474029999999971e+02
6.234550390000000561e+02
2.503884860000000003e+02
3.523421670000000177e+02
2.586319960000000151e+02
1.320747780000000091e+02
1.509319749999999942e+02
4.893620880000000284e+02
5.656464079999999512e+02
9.297168700000000285e+01
3.614614849999999819e+02
3.693821970000000192e+02
2.091810659999999871e+02
6.763315069999999878e+02
3.248346680000000219e+02
5.337123669999999720e+02
2.313967389999999966e+02
3.176303909999999746e+02
4.794349369999999908e+02
3.129399280000000090e+02
1.575197579999999959e+02
5.110869509999999991e+02
7.257307739999999967e+02
2.802346620000000144e+02
2.759354739999999993e+02
4.491960609999999861e+02
4.567812059999999974e+02
2.668594449999999938e+02
4.182121539999999982e+02
6.646457910000000311e+02
4.855045880000000125e+02
5.139710589999999684e+02
6.450544509999999718e+02
3.493082650000000058e+02
2.662146060000000034e+02
1.708744800000000055e+02
1.520090069999999969e+02
6.013739199999999983e+02
5.060250120000000038e+02
3.789304480000000126e+02
4.120636779999999817e+02
1.902882859999999994e+02
2.599285770000000184e+02
2.042489510000000053e+02
3.445238539999999716e+02
2.670900449999999751e+02
1.699417119999999954e+02
3.881475649999999860e+02
4.263806839999999738e+02
3.202909970000000044e+02
5.560588079999999991e+02
2.691914399999999929e+01
2.961437829999999849e+02
4.017025949999999739e+02
6.467861370000000534e+02
5.236704670000000306e+02
6.390706989999999905e+02
3.048320529999999735e+02
2.840832550000000083e+02
2.308223989999999901e+02
1.658371009999999899e+02
4.441539189999999735e+02
1.980983809999999892e+02
5.189885209999999915e+02
3.331993620000000078e+02
6.198129900000000134e+02
2.778736059999999952e+02
2.095100370000000112e+02
3.836937710000000266e+02
1.201092260000000067e+02
3.858079619999999750e+02
4.435564299999999776e+02
8.248066549999999779e+02
3.695591759999999795e+02
1.765709380000000124e+02
3.682605260000000271e+02
2.881091949999999997e+02
3.879444599999999923e+02
3.899013949999999795e+02
1.143727099999999979e+02
5.572858420000000024e+02
2.134451750000000061e+02
3.362446289999999749e+02
2.303803470000000004e+02
2.772794559999999819e+02
2.509821139999999957e+02
4.611243549999999800e+02
4.643370199999999670e+01
3.426953740000000153e+02
3.914511959999999817e+02
4.355242180000000189e+02
3.606630799999999795e+02
3.826087400000000116e+02
4.769710150000000226e+02
2.681677920000000199e+02
1.721483139999999992e+02
4.059000209999999811e+02
1.320150030000000072e+02
3.817535379999999918e+02
4.430256739999999809e+02
2.928668139999999767e+02
4.111523579999999924e+02
2.346252200000000130e+02
2.272660930000000121e+02
6.588386389999999437e+02
3.354346780000000194e+02
1.950964219999999898e+02
2.695774819999999750e+02
4.431984079999999722e+02
6.662451240000000325e+02
1.312163290000000018e+02
6.856095159999999851e+02
4.344865930000000276e+02
6.059267610000000559e+02
2.393182290000000023e+02
1.500599510000000123e+02
1.481711280000000102e+02
3.182708460000000059e+02
3.475273450000000253e+02
1.518467799999999954e+02
3.752584200000000010e+02
2.673079660000000217e+02
5.900977999999999923e+01
2.409683410000000094e+02
2.759655490000000100e+02
4.193817250000000172e+02
5.425286680000000388e+02
3.074891319999999837e+02
4.196377969999999777e+02
4.200098120000000108e+02
4.693188339999999812e+02
2.655690650000000232e+02
3.707638140000000249e+02
3.067148980000000051e+02
4.021773390000000177e+02
1.582760340000000099e+02
3.849918700000000058e+02
4.887520779999999831e+02
6.313515210000000479e+02
1.882555120000000102e+02
9.715887800000000141e+01
3.052786019999999780e+02
2.237413950000000114e+02
5.820876399999999649e+02
1.054303351999999904e+03
3.747380489999999895e+02
1.111106220000000064e+02
2.644567450000000122e+02
2.408437209999999880e+02
5.051685650000000010e+02
2.803015159999999923e+02
2.445590740000000096e+02
7.018878019999999651e+02
3.435513080000000059e+02
2.905152610000000095e+02
6.675841030000000274e+02
4.803752099999999814e+02
6.864298900000000003e+02
1.883422129999999868e+02
5.057232940000000099e+02
4.185638779999999883e+02
5.709781369999999470e+02
3.330928749999999923e+02
2.410956759999999974e+02
3.927616709999999784e+02
7.621790740000000142e+02
3.307590559999999869e+02
4.312235200000000077e+02
4.701563520000000267e+02
4.116441479999999729e+02
3.452459279999999922e+02
7.703824759999999969e+02
1.714153420000000096e+02
3.674358060000000137e+02
2.065799480000000017e+02
6.894954350000000431e+02
5.512501819999999952e+02
7.127193770000000086e+02
5.968214850000000524e+02
3.422892990000000282e+02
5.021400610000000029e+02
1.489360029999999995e+02
4.036632179999999721e+02
4.772893829999999866e+02
3.784599999999999795e+02
6.144224870000000465e+02
4.114643260000000282e+02
3.642853210000000104e+02
3.230788570000000277e+02
3.346781839999999875e+02
7.744777840000000424e+02
1.271301229999999975e+02
4.547017440000000192e+02
4.683838059999999928e+02
4.334495309999999790e+02
3.623632509999999911e+02
1.479319460000000106e+02
4.506706950000000234e+02
2.961706120000000055e+02
3.040327139999999986e+02
3.792431320000000028e+02
1.529453800000000001e+02
5.434228890000000547e+02
4.433134900000000016e+02
6.029167429999999968e+02
6.337438899999999649e+02
1.445667459999999949e+02
1.558727030000000013e+02
4.079223529999999869e+02
2.610999380000000087e+02
3.617382329999999797e+02
3.322734040000000277e+02
1.272831029999999970e+02
6.623324599999999407e+01
4.193868360000000166e+02
3.765232100000000059e+02
4.192558680000000209e+02
3.236516560000000027e+02
2.306063029999999969e+02
2.503451330000000041e+02
1.820506169999999884e+02
1.747237829999999974e+02
3.540675820000000158e+02
5.504677930000000288e+02
7.512663750000000391e+02
2.038694230000000118e+02
3.265719129999999950e+02
1.847851190000000088e+02
2.899059760000000097e+02
3.321575300000000084e+02
3.634264539999999784e+02
5.515644710000000259e+02
3.436450189999999907e+02
3.758143929999999955e+02
7.144321320000000242e+02
3.038606409999999869e+02
3.100128359999999930e+02
3.794708489999999870e+02
3.266066170000000284e+02
4.407731689999999958e+02
3.406179639999999722e+02
4.223705429999999978e+02
3.912159320000000093e+02
3.532105659999999716e+02
3.857324019999999791e+02
3.354693859999999859e+02
3.136758150000000001e+02
4.199302950000000010e+02
4.031476000000000113e+02
2.512855859999999950e+02
2.329315770000000043e+02
8.045495260000000144e+02
4.464934870000000160e+02
1.889517500000000041e+02
4.661042739999999753e+02
1.891375659999999925e+02
6.899810199999999440e+02
3.952539059999999722e+02
2.705788229999999999e+02
1.889131470000000093e+02
3.747784879999999816e+02
1.406129320000000007e+02
3.829104409999999916e+02
1.881359009999999898e+02
4.173718359999999734e+02
3.166242040000000202e+02
7.408097000000000207e+02
4.966500330000000076e+02
3.690454510000000141e+02
1.099379959999999983e+02
5.415982529999999997e+02
4.053948439999999778e+02
5.277115770000000339e+02
3.170220340000000192e+02
5.459433559999999943e+02
4.729391989999999737e+02
1.097846021999999948e+03
3.711969030000000203e+02
3.997132169999999860e+02
7.879931860000000370e+02
5.803836700000000519e+02
3.511949280000000044e+02
3.287371810000000210e+02
5.952037259999999605e+02
6.759066679999999678e+02
2.329680020000000127e+02
4.035256870000000049e+02
5.258855889999999818e+02
2.465383870000000002e+02
2.978416270000000168e+02
2.481923559999999895e+02
6.104165239999999812e+02
6.294298790000000281e+02
3.926254700000000071e+02
3.911759969999999953e+02
2.173153360000000021e+02
2.766821640000000002e+02
5.733041030000000546e+02
5.992995039999999562e+02
2.015469249999999874e+02
4.736657149999999774e+02
2.938509040000000141e+02
5.009340020000000209e+02
3.261100309999999922e+02
4.219567230000000109e+02
3.833054300000000012e+02
3.088836999999999762e+02
3.495783480000000054e+02
3.973116650000000050e+02
4.177650140000000079e+02
3.828950409999999920e+02
2.123495700000000141e+01
3.584812360000000240e+02
6.414331019999999626e+02
3.728936370000000124e+02
4.075431189999999901e+02
3.597752080000000205e+02
3.378989010000000235e+02
3.282476050000000214e+02
3.134892080000000192e+02
5.777076479999999492e+02
3.449295619999999758e+02
2.961840599999999881e+02
6.368857500000000300e+02
6.193928079999999454e+02
6.396141599999999698e+02
2.405024999999999977e+02
2.545625149999999906e+02
2.342284840000000088e+02
2.892105250000000183e+02
5.524006010000000515e+02
7.928677799999999820e+01
3.058949489999999969e+02
1.984346299999999985e+02
1.456843759999999861e+02
8.729848800000000608e+01
4.395663779999999861e+02
2.536402840000000083e+02
2.964880499999999870e+02
5.907165350000000217e+02
9.843231199999999603e+01
5.652326729999999770e+02
2.930627319999999827e+02
3.522175930000000221e+02
3.987507659999999987e+02
3.406035549999999716e+02
4.756374630000000252e+02
4.904063669999999888e+02
3.018354850000000056e+02
1.205456680000000063e+02
4.389748559999999884e+02
2.821129080000000044e+02
4.465655409999999961e+02
1.767874979999999994e+02
2.410138990000000092e+02
4.344156950000000279e+02
5.020833079999999882e+02
3.905949820000000159e+02
4.547206459999999879e+02
6.055693069999999807e+02
3.025812470000000189e+02
5.405705010000000357e+02
1.593586499999999972e+01
2.965765190000000189e+02
5.091899010000000203e+02
1.245588410000000010e+02
3.186687810000000241e+02
3.164479650000000106e+02
1.869440490000000068e+02
4.719365859999999770e+02
4.028898929999999723e+02
