7.334844360351562500e+02
5.500444946289062500e+02
2.733302001953125000e+02
2.582046813964843750e+02
5.099993591308593750e+02
6.158092041015625000e+02
2.769536743164062500e+02
4.741622009277343750e+02
4.936604919433593750e+02
4.529316711425781250e+02
2.194557037353515625e+02
2.789561462402343750e+02
3.414182739257812500e+02
7.506325073242187500e+02
1.208294067382812500e+02
1.845742187500000000e+02
5.711450195312500000e+02
2.576659545898437500e+02
2.628095397949218750e+02
7.612719726562500000e+02
2.929405212402343750e+02
6.462630615234375000e+02
4.728474731445312500e+02
4.966819763183593750e+02
3.113499755859375000e+02
4.412927246093750000e+02
9.478300170898437500e+02
5.525673675537109375e+01
2.869067687988281250e+02
3.377173156738281250e+02
2.423064727783203125e+02
1.662583465576171875e+02
3.723427734375000000e+02
5.619640502929687500e+02
4.258350219726562500e+02
2.581204833984375000e+02
4.464472351074218750e+02
6.044765625000000000e+02
4.167519531250000000e+02
1.050185165405273438e+02
4.567491760253906250e+02
4.240247802734375000e+02
4.909464416503906250e+02
5.017311706542968750e+02
4.432650146484375000e+02
7.890289306640625000e+02
6.856505737304687500e+02
2.007812805175781250e+02
5.569638061523437500e+02
1.501510009765625000e+02
3.244458923339843750e+02
5.058498229980468750e+02
4.008098754882812500e+02
1.561919403076171875e+02
3.424421386718750000e+02
6.688171997070312500e+02
3.962681274414062500e+02
3.382409667968750000e+02
5.650398559570312500e+02
6.034168090820312500e+02
3.457868041992187500e+02
6.144514770507812500e+02
1.727542266845703125e+02
5.889827270507812500e+02
3.529245910644531250e+02
1.447175292968750000e+02
4.393002929687500000e+02
5.371831054687500000e+02
1.655940704345703125e+02
3.779092712402343750e+02
5.806967773437500000e+02
3.487042846679687500e+02
5.460458984375000000e+02
3.247971801757812500e+02
4.182979125976562500e+02
5.029350280761718750e+02
2.279550628662109375e+02
2.936710815429687500e+02
5.559060668945312500e+02
2.591900634765625000e+02
2.170171661376953125e+02
5.032053833007812500e+02
5.051115722656250000e+02
4.875372924804687500e+02
2.547023773193359375e+02
3.372449951171875000e+02
4.837673339843750000e+02
7.929848022460937500e+02
3.385396118164062500e+02
5.678246459960937500e+02
1.648638000488281250e+02
2.910405273437500000e+02
2.434736480712890625e+02
2.090313110351562500e+02
3.655408325195312500e+02
2.402261199951171875e+02
5.131212158203125000e+02
4.863534545898437500e+02
6.137579956054687500e+02
4.565096435546875000e+02
2.914794921875000000e+02
4.061719360351562500e+02
7.426032104492187500e+02
8.296386718750000000e+02
3.739330749511718750e+02
5.106522216796875000e+02
1.026291259765625000e+03
1.255216369628906250e+02
3.203238525390625000e+02
3.222296142578125000e+02
8.018117065429687500e+02
2.939834594726562500e+02
3.496926269531250000e+02
3.497835998535156250e+02
1.554483947753906250e+02
4.502480163574218750e+02
4.238606567382812500e+02
4.486213684082031250e+02
6.800312500000000000e+02
2.779001464843750000e+02
2.125168304443359375e+02
1.960165710449218750e+02
4.294474182128906250e+02
2.161843109130859375e+02
3.486792297363281250e+02
1.347548217773437500e+02
3.272994995117187500e+02
5.541567993164062500e+02
5.390118408203125000e+02
4.119574890136718750e+02
3.041582946777343750e+02
4.481198425292968750e+02
2.810859375000000000e+02
9.840954589843750000e+01
4.804301147460937500e+02
5.179432373046875000e+02
2.200975036621093750e+02
5.676817016601562500e+02
6.416165771484375000e+02
3.665447998046875000e+02
7.273545532226562500e+02
4.786838378906250000e+02
5.740529174804687500e+02
5.445099487304687500e+02
3.606491394042968750e+02
4.667156677246093750e+02
1.365858459472656250e+02
5.813369750976562500e+02
3.745782470703125000e+02
4.709956359863281250e+02
4.398016357421875000e+02
7.225806274414062500e+02
4.248558044433593750e+02
3.678336791992187500e+02
2.213326110839843750e+02
2.144487915039062500e+02
3.821933898925781250e+02
4.323661193847656250e+02
3.675885009765625000e+02
4.336475524902343750e+02
1.075828018188476562e+02
6.500578613281250000e+02
2.098261413574218750e+02
7.534494628906250000e+02
1.389928741455078125e+02
9.371746063232421875e+01
3.309437255859375000e+02
2.328572998046875000e+02
3.044198303222656250e+02
2.197452545166015625e+02
2.955565185546875000e+02
5.353380126953125000e+02
1.096427841186523438e+02
2.840234680175781250e+02
4.835726623535156250e+02
7.362396240234375000e+02
2.893385925292968750e+02
6.646207275390625000e+02
4.372281799316406250e+02
4.507971191406250000e+02
5.365163574218750000e+02
1.126722412109375000e+03
4.688016967773437500e+02
6.261882934570312500e+02
4.435831909179687500e+02
7.600106201171875000e+02
5.628571777343750000e+02
4.765562133789062500e+02
8.010855102539062500e+02
3.549114074707031250e+02
5.887254028320312500e+02
5.537213134765625000e+02
3.256312561035156250e+02
3.403212890625000000e+02
2.178082885742187500e+02
5.094447937011718750e+02
2.340771636962890625e+02
4.106979064941406250e+02
1.496290130615234375e+02
7.088835449218750000e+02
6.105734863281250000e+02
3.569015502929687500e+02
3.421720886230468750e+02
7.094596557617187500e+02
3.109296569824218750e+02
3.847472229003906250e+02
1.924546813964843750e+02
4.839705200195312500e+02
3.240374450683593750e+02
3.550982055664062500e+02
3.569366455078125000e+02
2.688139953613281250e+02
4.317835693359375000e+02
9.303361816406250000e+02
5.547772216796875000e+02
4.048524475097656250e+02
4.578555908203125000e+02
5.078424072265625000e+02
6.511347656250000000e+02
2.891368713378906250e+02
3.602548217773437500e+02
6.643890380859375000e+02
3.636277770996093750e+02
9.301632690429687500e+02
3.918135681152343750e+02
3.814440002441406250e+02
5.522910766601562500e+02
3.218904113769531250e+02
2.751242065429687500e+02
2.441888580322265625e+02
5.760124511718750000e+02
5.759158935546875000e+02
4.867193603515625000e+02
4.514367370605468750e+02
1.682296142578125000e+02
8.998812866210937500e+02
2.543128662109375000e+02
8.194605102539062500e+02
4.179298400878906250e+02
5.243164672851562500e+02
3.214513244628906250e+02
7.136687622070312500e+02
3.005950317382812500e+02
7.127758178710937500e+02
9.637430419921875000e+02
2.336228485107421875e+02
5.926833496093750000e+02
6.357512817382812500e+02
1.671785888671875000e+02
4.403963012695312500e+02
5.631251220703125000e+02
5.848867797851562500e+02
6.962056274414062500e+02
3.607927551269531250e+02
4.106519470214843750e+02
3.315483703613281250e+02
4.555596008300781250e+02
4.205221557617187500e+02
4.302944946289062500e+02
4.279523620605468750e+02
3.884737854003906250e+02
5.743771362304687500e+02
4.163607788085937500e+02
5.219176025390625000e+02
1.012680847167968750e+03
1.543681640625000000e+02
4.227127380371093750e+02
4.858601379394531250e+02
3.409582824707031250e+02
5.424180908203125000e+02
1.695961608886718750e+02
3.867686462402343750e+02
4.916745300292968750e+02
3.490861511230468750e+02
5.018488769531250000e+02
8.370216064453125000e+02
2.827381286621093750e+02
7.578923339843750000e+02
2.674635314941406250e+02
3.014925231933593750e+02
3.226346435546875000e+02
8.527484130859375000e+02
1.931319274902343750e+02
2.369683990478515625e+02
2.812023010253906250e+02
4.730203247070312500e+02
4.257585754394531250e+02
3.023987426757812500e+02
1.390055999755859375e+02
2.380051422119140625e+02
6.463491210937500000e+02
4.913114929199218750e+02
3.908808593750000000e+02
6.732061767578125000e+02
5.484343872070312500e+02
3.553851928710937500e+02
6.116138916015625000e+02
6.033234863281250000e+02
2.963564758300781250e+02
7.131234130859375000e+02
3.899850158691406250e+02
3.543330993652343750e+02
5.248604125976562500e+02
9.396394653320312500e+02
6.558596191406250000e+02
3.083310546875000000e+02
1.831999511718750000e+02
7.063469238281250000e+02
6.305858764648437500e+02
1.565005798339843750e+02
2.790930175781250000e+02
4.452217712402343750e+02
2.400891418457031250e+02
1.799703674316406250e+02
6.362377929687500000e+02
3.404556884765625000e+02
8.520266113281250000e+02
3.011942443847656250e+02
5.808616333007812500e+02
4.868018493652343750e+02
9.064085693359375000e+02
7.715156250000000000e+02
5.422095947265625000e+02
3.661027832031250000e+02
2.744753112792968750e+02
5.710153808593750000e+02
5.886406250000000000e+02
3.712918090820312500e+02
3.999479675292968750e+02
7.164085693359375000e+02
4.060653686523437500e+02
5.943359985351562500e+02
6.232666015625000000e+02
4.115794982910156250e+02
3.518193054199218750e+02
6.278251342773437500e+02
4.556558532714843750e+02
5.056239624023437500e+02
1.615121917724609375e+02
4.831830444335937500e+02
1.389833984375000000e+03
7.654482421875000000e+02
8.030131225585937500e+02
3.080805358886718750e+02
3.309883728027343750e+02
4.447135314941406250e+02
5.822645263671875000e+02
5.343674316406250000e+02
4.881882019042968750e+02
3.218622741699218750e+02
2.741224670410156250e+02
4.367748413085937500e+02
8.504847412109375000e+02
4.829647521972656250e+02
4.007773437500000000e+02
5.411927490234375000e+02
4.507745666503906250e+02
2.555671539306640625e+02
5.965880126953125000e+02
5.255516357421875000e+02
6.116490478515625000e+02
4.222860412597656250e+02
3.540742492675781250e+02
6.479485473632812500e+02
1.055399093627929688e+02
2.714582214355468750e+02
1.483935546875000000e+02
5.143740844726562500e+02
4.774212646484375000e+02
4.823228454589843750e+02
1.297454467773437500e+03
7.059906005859375000e+02
4.634482116699218750e+02
4.118697509765625000e+02
1.878642120361328125e+02
2.362368621826171875e+02
1.888049926757812500e+02
4.297803955078125000e+02
8.505694580078125000e+01
2.603839111328125000e+02
1.139441040039062500e+03
4.006669006347656250e+02
1.595888214111328125e+02
2.671998901367187500e+02
2.690748901367187500e+02
6.125154418945312500e+02
7.176146240234375000e+02
1.782827606201171875e+02
5.527667236328125000e+02
4.047941894531250000e+02
1.660647888183593750e+02
8.096954956054687500e+02
5.410700073242187500e+02
4.559022216796875000e+02
2.250073852539062500e+02
9.963681030273437500e+02
4.684789123535156250e+02
9.951682739257812500e+02
4.783308715820312500e+02
7.573871459960937500e+02
7.004384765625000000e+02
3.716164855957031250e+02
7.611246337890625000e+02
6.665765991210937500e+02
4.185410766601562500e+02
3.651025085449218750e+02
8.423132324218750000e+02
4.210276794433593750e+02
8.956970214843750000e+02
3.253657531738281250e+02
5.190240478515625000e+02
3.626057739257812500e+02
3.865531005859375000e+02
4.300314331054687500e+02
5.769365234375000000e+02
4.590183715820312500e+02
2.343331298828125000e+02
5.614421997070312500e+02
1.787425689697265625e+02
5.887762451171875000e+02
5.390516357421875000e+02
7.250144653320312500e+02
1.431183166503906250e+02
3.560815734863281250e+02
5.470194091796875000e+02
7.756760864257812500e+02
5.954022827148437500e+02
4.125032043457031250e+02
9.473414916992187500e+02
2.559204406738281250e+02
2.726470336914062500e+02
4.174200439453125000e+02
3.160595092773437500e+02
3.967209777832031250e+02
2.965991516113281250e+02
9.464794158935546875e+01
6.248153686523437500e+02
8.399252929687500000e+02
9.956516113281250000e+02
3.158084411621093750e+02
4.068286132812500000e+02
3.292480163574218750e+02
6.588372192382812500e+02
5.879073486328125000e+02
3.384228820800781250e+02
4.930534667968750000e+02
2.667440490722656250e+02
1.884572448730468750e+02
3.982906799316406250e+02
3.844888000488281250e+02
3.073442382812500000e+02
8.905849609375000000e+02
2.261201782226562500e+02
5.246217651367187500e+02
8.431170043945312500e+02
3.927698974609375000e+02
2.650334777832031250e+02
5.363206787109375000e+02
2.089017486572265625e+02
1.394858245849609375e+02
2.623869934082031250e+02
4.896781005859375000e+02
3.034693603515625000e+02
7.152109985351562500e+02
2.930568542480468750e+02
6.984347534179687500e+02
6.680371704101562500e+02
5.181116333007812500e+02
2.616289672851562500e+02
4.799771728515625000e+02
4.308816223144531250e+02
4.682570800781250000e+02
7.318437500000000000e+02
5.177045288085937500e+02
3.372257690429687500e+02
3.896478881835937500e+02
6.050498046875000000e+02
3.294439392089843750e+02
6.242217407226562500e+02
4.807951354980468750e+02
2.351014556884765625e+02
2.472294158935546875e+02
3.340291137695312500e+02
3.703122558593750000e+02
4.075008850097656250e+02
4.668936767578125000e+02
1.223128662109375000e+02
6.051010742187500000e+02
3.160198364257812500e+02
5.577875976562500000e+02
4.481205749511718750e+02
4.949255065917968750e+02
5.467726440429687500e+02
4.122903137207031250e+02
5.735040893554687500e+02
7.328947143554687500e+02
5.231013793945312500e+02
2.873023681640625000e+02
3.123699645996093750e+02
3.129031982421875000e+02
7.268609008789062500e+02
3.453719787597656250e+02
2.066102142333984375e+02
2.646208190917968750e+02
5.679364013671875000e+02
8.201044311523437500e+02
8.211057128906250000e+02
1.107107299804687500e+03
3.413417358398437500e+02
5.830117187500000000e+02
2.859495239257812500e+02
2.649420471191406250e+02
3.946800842285156250e+02
6.468750000000000000e+02
2.385064086914062500e+02
6.099739990234375000e+02
8.617339324951171875e+01
3.906353454589843750e+02
5.496939697265625000e+02
5.518807983398437500e+02
2.960460205078125000e+02
5.488053588867187500e+02
4.086421813964843750e+02
1.753703613281250000e+02
4.687965698242187500e+02
3.001382751464843750e+02
8.739219360351562500e+02
4.619403991699218750e+02
3.965812683105468750e+02
6.864569702148437500e+02
4.074203796386718750e+02
1.496950531005859375e+02
4.033778076171875000e+02
3.515747375488281250e+02
3.626302185058593750e+02
2.817861633300781250e+02
4.327892150878906250e+02
3.781056823730468750e+02
3.458498535156250000e+02
5.882525024414062500e+02
7.589263916015625000e+02
4.414810180664062500e+02
2.364358367919921875e+02
6.402936401367187500e+02
1.996804351806640625e+02
4.704131774902343750e+02
2.583434143066406250e+02
4.956189575195312500e+02
3.146890563964843750e+02
6.277919921875000000e+02
4.203014221191406250e+02
4.153973083496093750e+02
4.613486022949218750e+02
1.014764831542968750e+03
4.124084777832031250e+02
6.519562988281250000e+02
6.638995361328125000e+02
3.532937011718750000e+02
4.457678833007812500e+02
5.113181457519531250e+02
2.421717071533203125e+02
6.521020507812500000e+02
1.788665313720703125e+02
4.174325866699218750e+02
3.515744628906250000e+02
2.849955139160156250e+02
4.455548400878906250e+02
4.417587585449218750e+02
3.682270507812500000e+02
3.814686279296875000e+02
2.815494384765625000e+02
6.676080932617187500e+02
6.569685058593750000e+02
2.824682922363281250e+02
3.508822326660156250e+02
3.495527343750000000e+02
5.449420776367187500e+02
4.248460998535156250e+02
1.900876007080078125e+02
5.763705444335937500e+02
9.824680786132812500e+02
5.532920532226562500e+02
2.845605163574218750e+02
4.872543640136718750e+02
1.388597778320312500e+03
6.391229248046875000e+02
5.389856567382812500e+02
8.919857788085937500e+02
4.541323547363281250e+02
6.654719848632812500e+02
3.246209411621093750e+02
4.665268249511718750e+02
3.492011108398437500e+02
1.537353515625000000e+02
6.929912719726562500e+02
3.698833312988281250e+02
5.203179321289062500e+02
4.002573852539062500e+02
4.837565917968750000e+02
1.765664978027343750e+02
6.320968017578125000e+02
6.260868530273437500e+02
4.494761047363281250e+02
1.157818984985351562e+02
4.332347412109375000e+02
1.667211761474609375e+02
8.571385498046875000e+02
9.488937377929687500e+02
8.295529785156250000e+02
2.980035400390625000e+02
2.131983947753906250e+02
1.020274291992187500e+03
3.499531555175781250e+02
5.371223754882812500e+02
4.135555114746093750e+02
2.653244628906250000e+02
5.465016479492187500e+02
9.968174743652343750e+01
4.566783142089843750e+02
3.222771606445312500e+02
1.489953918457031250e+02
8.127524414062500000e+02
7.134815673828125000e+02
3.250309143066406250e+02
6.609360351562500000e+02
2.230197906494140625e+02
2.824618530273437500e+02
7.974957885742187500e+02
3.626700134277343750e+02
5.777725830078125000e+02
6.774357910156250000e+02
6.073808593750000000e+02
1.539208831787109375e+02
4.892594299316406250e+02
4.041694030761718750e+02
8.875902099609375000e+02
4.016224975585937500e+02
3.257465209960937500e+02
3.877149353027343750e+02
5.029675598144531250e+02
2.320129699707031250e+02
5.519607543945312500e+02
6.834438476562500000e+02
1.654847869873046875e+02
6.070330200195312500e+02
6.369275512695312500e+02
3.149992065429687500e+02
8.340713500976562500e+02
2.790674133300781250e+02
7.588826293945312500e+02
2.773062744140625000e+02
5.288898925781250000e+02
3.760617370605468750e+02
4.741405029296875000e+02
2.169564056396484375e+02
2.282435913085937500e+02
3.394685974121093750e+02
5.364815673828125000e+02
4.994345397949218750e+02
4.088292846679687500e+02
2.386368865966796875e+02
5.442141113281250000e+02
2.842991638183593750e+02
6.544334106445312500e+02
4.040012512207031250e+02
4.117119750976562500e+02
2.132200775146484375e+02
5.565343017578125000e+02
7.683603515625000000e+02
2.437790679931640625e+02
1.826109008789062500e+02
4.365472717285156250e+02
3.112286071777343750e+02
6.622062377929687500e+02
7.772007446289062500e+02
1.294132537841796875e+02
2.860501708984375000e+02
1.704022521972656250e+02
2.552759857177734375e+02
1.891517028808593750e+02
4.699286499023437500e+02
6.873396606445312500e+02
3.189874877929687500e+02
6.136264038085937500e+02
2.503026580810546875e+02
2.898506469726562500e+02
5.344558105468750000e+02
4.725567016601562500e+02
8.816750488281250000e+02
4.282166748046875000e+02
3.671980590820312500e+02
6.764041137695312500e+02
5.684288940429687500e+02
5.082161865234375000e+02
4.281389465332031250e+02
4.567287902832031250e+02
6.286718139648437500e+02
1.678890686035156250e+02
2.089987640380859375e+02
3.482352905273437500e+02
5.966502685546875000e+02
1.856018218994140625e+02
4.291487121582031250e+02
1.209103637695312500e+03
3.323317871093750000e+02
3.865205993652343750e+02
4.845597534179687500e+02
3.744102172851562500e+02
4.576495361328125000e+02
3.765872497558593750e+02
1.643479919433593750e+02
6.694733276367187500e+02
3.167366943359375000e+02
6.136726074218750000e+02
3.810965576171875000e+02
4.168186645507812500e+02
4.862658996582031250e+02
2.665913391113281250e+02
4.533128356933593750e+02
2.632226562500000000e+02
6.768606567382812500e+02
6.837199096679687500e+02
5.369291992187500000e+02
2.214116973876953125e+02
7.802287597656250000e+02
6.234389038085937500e+02
4.890922546386718750e+02
6.184434204101562500e+02
1.305240325927734375e+02
1.540561981201171875e+02
9.260745239257812500e+02
2.022022552490234375e+02
4.756285705566406250e+02
4.443104248046875000e+02
3.692932128906250000e+02
3.445601501464843750e+02
5.682386474609375000e+02
2.849768676757812500e+02
5.779956054687500000e+02
5.991730346679687500e+02
5.351587524414062500e+02
1.061292724609375000e+03
4.412261962890625000e+02
5.076829833984375000e+02
6.423781738281250000e+02
4.364795532226562500e+02
5.030506896972656250e+02
5.217489624023437500e+02
6.338173828125000000e+02
2.994178161621093750e+02
5.291083374023437500e+02
5.779862670898437500e+02
7.862005004882812500e+02
4.045618896484375000e+02
2.557635650634765625e+02
6.278827514648437500e+02
4.755047912597656250e+02
8.265519409179687500e+02
2.777972106933593750e+02
3.819277038574218750e+02
4.860472412109375000e+02
1.765816955566406250e+02
2.647060241699218750e+02
9.136165161132812500e+02
4.086057128906250000e+02
4.454330139160156250e+02
3.970845642089843750e+02
3.032004394531250000e+02
4.035930480957031250e+02
3.003461914062500000e+02
4.373073425292968750e+02
2.888409729003906250e+02
7.925994262695312500e+02
6.247528076171875000e+02
4.261352539062500000e+02
5.886100463867187500e+02
3.312379150390625000e+02
2.488901672363281250e+02
8.587077026367187500e+02
4.228720092773437500e+02
2.924026184082031250e+02
6.181137084960937500e+02
2.368324127197265625e+02
4.762268371582031250e+02
4.412447814941406250e+02
1.478410644531250000e+02
4.424052124023437500e+02
3.804968872070312500e+02
5.688944091796875000e+02
3.861333007812500000e+02
2.522562713623046875e+02
5.345527343750000000e+02
4.387379150390625000e+02
2.927723388671875000e+02
2.146671447753906250e+02
1.063298217773437500e+03
1.625241394042968750e+02
7.320352783203125000e+02
4.561907348632812500e+02
3.329662475585937500e+02
9.430123901367187500e+02
3.708371887207031250e+02
5.014588928222656250e+02
3.508967590332031250e+02
8.624280395507812500e+02
3.433759460449218750e+02
5.345092773437500000e+02
6.263148193359375000e+02
9.436154785156250000e+02
7.537561645507812500e+02
2.636065063476562500e+02
4.154411010742187500e+02
6.483092651367187500e+02
4.432132263183593750e+02
3.230729064941406250e+02
5.131763916015625000e+02
2.335230255126953125e+02
2.050650329589843750e+02
2.269001617431640625e+02
3.256868591308593750e+02
3.741823425292968750e+02
5.750180664062500000e+02
5.948850708007812500e+02
3.483694763183593750e+02
1.617686614990234375e+02
6.569929809570312500e+02
3.952494506835937500e+02
2.232310638427734375e+02
4.738558044433593750e+02
5.129573364257812500e+02
1.178228149414062500e+02
5.232498779296875000e+02
7.218675537109375000e+02
5.518099365234375000e+02
6.034675292968750000e+02
2.705784301757812500e+02
4.129121398925781250e+02
1.446893463134765625e+02
9.821755981445312500e+02
7.757239990234375000e+02
4.089180297851562500e+02
7.422706909179687500e+02
6.689619750976562500e+02
7.247995605468750000e+02
9.740248413085937500e+02
1.680055999755859375e+02
6.618002319335937500e+02
4.918469848632812500e+02
5.309183959960937500e+02
3.559623107910156250e+02
3.990043640136718750e+02
3.346825561523437500e+02
7.812187500000000000e+02
4.643916015625000000e+02
1.560371704101562500e+02
7.594847412109375000e+02
6.161941528320312500e+02
5.119007873535156250e+02
5.259949951171875000e+02
3.924004516601562500e+02
7.516088867187500000e+02
2.280016632080078125e+02
5.484030151367187500e+02
3.152645568847656250e+02
4.953765258789062500e+02
5.596934204101562500e+02
2.880826721191406250e+02
5.572946166992187500e+02
2.531595306396484375e+02
4.332926025390625000e+02
2.471692199707031250e+02
7.793582153320312500e+02
4.553561401367187500e+02
1.023208984375000000e+03
6.449399414062500000e+02
4.994408264160156250e+02
3.390547180175781250e+02
3.826774597167968750e+02
4.509529113769531250e+02
1.520588073730468750e+02
3.292708129882812500e+02
3.380492553710937500e+02
2.595212707519531250e+02
3.785539855957031250e+02
2.312133941650390625e+02
5.118865661621093750e+02
2.464346008300781250e+02
7.217348632812500000e+02
4.942291259765625000e+02
6.595230102539062500e+02
5.876752319335937500e+02
3.354507446289062500e+02
6.684611816406250000e+02
9.831434326171875000e+02
2.373053894042968750e+02
3.065777282714843750e+02
3.890382080078125000e+02
3.100382080078125000e+02
2.532326202392578125e+02
6.268843383789062500e+02
4.502699279785156250e+02
1.504618530273437500e+02
1.382714996337890625e+02
2.849709472656250000e+02
7.359252929687500000e+02
2.815320434570312500e+02
5.258123168945312500e+02
9.073472900390625000e+02
3.736210937500000000e+02
5.109598083496093750e+02
6.102645263671875000e+02
4.228327941894531250e+02
4.325585632324218750e+02
3.562979736328125000e+02
5.951005859375000000e+02
2.306947784423828125e+02
2.453286743164062500e+02
3.275226135253906250e+02
5.023166198730468750e+02
4.662643737792968750e+02
1.581498870849609375e+02
4.358799743652343750e+02
5.876528320312500000e+02
4.402556457519531250e+02
6.165012207031250000e+02
1.185151290893554688e+02
4.880935363769531250e+02
3.651669006347656250e+02
3.966908569335937500e+02
3.670596008300781250e+02
3.587897949218750000e+02
4.023783264160156250e+02
4.642943420410156250e+02
6.862958374023437500e+02
2.443205108642578125e+02
3.117325439453125000e+02
5.010568847656250000e+02
4.094643859863281250e+02
5.811456909179687500e+02
2.487232971191406250e+02
2.777874450683593750e+02
4.190702209472656250e+02
5.570117797851562500e+02
4.058996582031250000e+02
5.581491699218750000e+02
5.582058105468750000e+02
1.380867309570312500e+02
6.242484130859375000e+02
3.730239257812500000e+02
5.912190551757812500e+02
6.692250061035156250e+01
1.887124633789062500e+02
3.781217346191406250e+02
2.972723999023437500e+02
3.698824768066406250e+02
5.706491699218750000e+02
5.500813598632812500e+02
5.154405517578125000e+02
1.839557037353515625e+02
4.543519592285156250e+02
3.278591918945312500e+02
4.473324890136718750e+02
1.933452453613281250e+02
5.313267211914062500e+02
2.711146545410156250e+02
5.810982055664062500e+02
2.405754699707031250e+02
1.652407379150390625e+02
3.433593750000000000e+02
7.221387329101562500e+02
2.136504364013671875e+02
2.615564880371093750e+02
4.349342041015625000e+02
1.790048675537109375e+02
6.386431884765625000e+02
2.694166259765625000e+02
3.830705871582031250e+02
4.542025756835937500e+02
8.628724365234375000e+02
3.889830017089843750e+02
1.716196289062500000e+02
7.427822875976562500e+02
4.285148620605468750e+02
7.788010864257812500e+02
2.737111816406250000e+02
3.238082885742187500e+02
4.932184143066406250e+02
6.053553466796875000e+02
3.635760498046875000e+02
4.651523132324218750e+02
4.334628295898437500e+02
5.749867553710937500e+02
4.945672607421875000e+02
2.817523498535156250e+02
7.277464599609375000e+02
5.877296142578125000e+02
4.881721801757812500e+02
5.175615234375000000e+02
5.376994628906250000e+02
5.158215942382812500e+02
7.282422485351562500e+02
3.225442199707031250e+02
5.940361938476562500e+02
5.176764526367187500e+02
2.601460876464843750e+02
4.056686401367187500e+02
4.455558166503906250e+02
1.528722076416015625e+02
3.924855346679687500e+02
5.791491088867187500e+02
8.278040771484375000e+02
5.435230102539062500e+02
8.357902832031250000e+02
5.812963256835937500e+02
7.687628173828125000e+02
6.412432861328125000e+02
4.468407592773437500e+02
4.192471008300781250e+02
5.804105834960937500e+02
6.455427246093750000e+02
7.443847656250000000e+02
5.169700317382812500e+02
6.705430297851562500e+02
3.162756958007812500e+02
3.319168395996093750e+02
6.123577270507812500e+02
4.367176208496093750e+02
4.076723022460937500e+02
6.923690795898437500e+02
5.793623657226562500e+02
8.951991577148437500e+02
3.793108215332031250e+02
3.015845336914062500e+02
3.993487548828125000e+02
7.312728881835937500e+02
4.241154174804687500e+02
3.870747985839843750e+02
5.611657714843750000e+02
6.780654296875000000e+02
2.797473449707031250e+02
6.272359008789062500e+02
8.039398193359375000e+02
1.900139617919921875e+02
3.526727600097656250e+02
4.267062988281250000e+02
3.684729919433593750e+02
4.270922851562500000e+02
5.738773193359375000e+02
3.033458557128906250e+02
6.515015258789062500e+02
4.184891662597656250e+02
2.035618133544921875e+02
4.511763916015625000e+02
3.474394226074218750e+02
1.207037200927734375e+02
4.700456542968750000e+02
3.378091430664062500e+02
4.741709289550781250e+02
8.806284179687500000e+02
3.294707641601562500e+02
9.193052978515625000e+02
6.063377075195312500e+02
7.261229705810546875e+01
4.795545043945312500e+02
3.812137756347656250e+02
6.672517089843750000e+02
8.237402343750000000e+02
5.924992065429687500e+02
5.478027954101562500e+02
3.665530700683593750e+02
3.457016601562500000e+02
4.435653686523437500e+02
2.258989410400390625e+02
4.819237060546875000e+02
3.248623046875000000e+02
7.974642333984375000e+02
3.483500671386718750e+02
3.029618835449218750e+02
2.627025146484375000e+02
3.261803894042968750e+02
2.364383544921875000e+02
2.937032470703125000e+02
2.927926635742187500e+02
2.931268920898437500e+02
5.527662353515625000e+02
4.777148132324218750e+02
7.541840362548828125e+01
1.818221282958984375e+02
6.801116333007812500e+02
3.670796203613281250e+02
8.726386108398437500e+02
3.791777038574218750e+02
2.859385986328125000e+02
7.715603027343750000e+02
7.062611083984375000e+02
2.424538421630859375e+02
5.896646118164062500e+02
2.603703613281250000e+02
1.044522476196289062e+02
4.193308105468750000e+02
4.686604309082031250e+02
4.479067382812500000e+02
5.124396972656250000e+02
3.066821289062500000e+02
3.203411865234375000e+02
2.107897186279296875e+02
4.612193908691406250e+02
6.163374633789062500e+02
3.679703063964843750e+02
4.379714355468750000e+02
5.306652221679687500e+02
4.914140319824218750e+02
2.476827392578125000e+02
1.087662734985351562e+02
3.253721923828125000e+02
2.275058746337890625e+02
2.493824920654296875e+02
4.599358825683593750e+02
3.883836975097656250e+02
4.109671630859375000e+02
1.643261718750000000e+02
3.628209228515625000e+02
1.788254699707031250e+02
2.968808593750000000e+02
5.384932861328125000e+02
4.977479934692382812e+01
6.846164550781250000e+02
7.564837036132812500e+02
3.755987854003906250e+02
5.961220703125000000e+02
4.875978698730468750e+02
7.750562133789062500e+02
5.594448242187500000e+02
4.263902587890625000e+02
5.480569458007812500e+02
7.277405395507812500e+02
6.013541870117187500e+02
5.792254028320312500e+02
3.812427978515625000e+02
8.911536254882812500e+02
2.346654510498046875e+02
5.870929565429687500e+02
2.207785186767578125e+02
3.643446960449218750e+02
1.854698791503906250e+02
4.301719360351562500e+02
4.039019165039062500e+02
2.549281005859375000e+02
4.327904052734375000e+02
5.837057495117187500e+02
3.759171142578125000e+02
1.409561004638671875e+02
1.368576049804687500e+02
4.780812988281250000e+02
5.792846069335937500e+02
2.718118896484375000e+02
3.977090148925781250e+02
5.586370849609375000e+02
5.197101440429687500e+02
2.714436340332031250e+02
8.399893798828125000e+02
4.068639526367187500e+02
6.616232299804687500e+02
8.563135986328125000e+02
4.152792968750000000e+02
8.536421508789062500e+02
2.868970336914062500e+02
4.525516052246093750e+02
5.097523193359375000e+02
2.042775115966796875e+02
1.603204650878906250e+02
4.810458068847656250e+02
5.055193786621093750e+02
4.619736328125000000e+02
5.316343383789062500e+02
2.099172668457031250e+02
5.116388854980468750e+02
4.654819030761718750e+02
1.735184783935546875e+02
3.787015991210937500e+02
7.449887695312500000e+02
8.013256835937500000e+01
4.000749206542968750e+02
7.647634887695312500e+01
3.723271179199218750e+02
1.927251892089843750e+02
6.936826324462890625e+01
1.859315490722656250e+02
2.699251098632812500e+02
2.321455230712890625e+02
3.749031677246093750e+02
8.911664428710937500e+02
4.017598876953125000e+02
6.544678955078125000e+02
3.208201599121093750e+02
1.991823730468750000e+02
3.115776367187500000e+02
4.308678894042968750e+02
8.880490875244140625e+01
4.917796630859375000e+02
2.156169128417968750e+02
2.605558776855468750e+02
7.150654296875000000e+02
1.442147827148437500e+02
5.190066528320312500e+02
4.924881286621093750e+02
6.453515014648437500e+02
5.150962524414062500e+02
4.107907714843750000e+02
4.684212036132812500e+02
4.181476745605468750e+02
3.657224731445312500e+02
3.129658203125000000e+02
1.421692962646484375e+02
4.655633239746093750e+02
8.692800292968750000e+02
5.933856811523437500e+02
6.827666625976562500e+02
3.904888000488281250e+02
6.379295043945312500e+02
3.178619079589843750e+02
3.636464233398437500e+02
7.735427246093750000e+02
4.488137512207031250e+02
6.594540405273437500e+02
5.070955505371093750e+02
7.341919555664062500e+02
1.739620056152343750e+02
3.612493591308593750e+02
4.700449523925781250e+02
3.270401916503906250e+02
1.540748901367187500e+02
6.167035522460937500e+02
7.028498535156250000e+02
3.979111022949218750e+02
1.668695678710937500e+02
4.315600280761718750e+02
1.849382629394531250e+02
4.410149536132812500e+02
4.793478393554687500e+02
2.869164123535156250e+02
3.177979431152343750e+02
3.784403076171875000e+02
6.262438354492187500e+02
2.884164733886718750e+02
4.923186645507812500e+02
4.146299133300781250e+02
2.339067687988281250e+02
7.373438110351562500e+02
4.252476806640625000e+02
1.072256622314453125e+02
9.931630249023437500e+02
2.684888916015625000e+02
4.119594726562500000e+02
4.180188293457031250e+02
2.778243103027343750e+02
4.762452392578125000e+02
4.174358825683593750e+02
5.312158203125000000e+02
6.280538940429687500e+02
2.075472869873046875e+02
5.249500732421875000e+02
3.610338745117187500e+02
5.479332275390625000e+02
5.277847290039062500e+02
1.806076507568359375e+02
7.918129272460937500e+02
2.248290100097656250e+02
7.757250366210937500e+02
3.803617858886718750e+02
3.408273925781250000e+02
6.478264160156250000e+02
4.866472473144531250e+02
3.867419128417968750e+02
3.756840209960937500e+02
5.731347656250000000e+02
4.997728271484375000e+02
3.875564575195312500e+02
3.481743469238281250e+02
5.221574096679687500e+02
5.442298583984375000e+02
3.738477172851562500e+02
5.683449096679687500e+02
3.531267395019531250e+02
7.799808349609375000e+02
8.314898681640625000e+02
5.349440917968750000e+02
6.516076049804687500e+02
5.267830200195312500e+02
5.546094360351562500e+02
2.300862579345703125e+02
7.567503051757812500e+02
9.050620269775390625e+01
3.947367553710937500e+02
2.109784088134765625e+02
6.371849365234375000e+02
5.930397949218750000e+02
7.321718750000000000e+02
7.420969848632812500e+02
2.594274902343750000e+02
3.185707397460937500e+02
3.657709960937500000e+02
7.077802734375000000e+02
2.187104034423828125e+02
4.772770385742187500e+02
5.738897094726562500e+02
6.377335815429687500e+02
6.185311889648437500e+02
4.565064697265625000e+02
3.296739501953125000e+02
8.967894287109375000e+02
4.335071411132812500e+02
6.532868041992187500e+02
4.929895324707031250e+02
3.929335327148437500e+02
8.348291625976562500e+02
6.353455810546875000e+02
4.216364746093750000e+02
1.620014953613281250e+02
4.207329101562500000e+02
2.285692749023437500e+02
3.689145507812500000e+02
3.600511779785156250e+02
5.480851440429687500e+02
3.813143310546875000e+02
4.814791259765625000e+02
3.723864440917968750e+02
7.190656127929687500e+02
4.714654846191406250e+02
3.488609619140625000e+02
3.610660095214843750e+02
4.623703918457031250e+02
5.405010986328125000e+02
5.939495849609375000e+02
1.622238464355468750e+02
2.455411529541015625e+02
7.033506469726562500e+02
4.713150634765625000e+02
4.352377624511718750e+02
4.601074523925781250e+02
4.893955383300781250e+02
6.502554321289062500e+02
1.857525939941406250e+02
2.142517700195312500e+02
5.388018188476562500e+02
2.530789337158203125e+02
5.508181152343750000e+02
7.098468627929687500e+02
4.709938049316406250e+02
4.223125915527343750e+02
6.644181518554687500e+02
5.471944580078125000e+02
2.057624206542968750e+02
3.819044494628906250e+02
5.275369262695312500e+02
6.476301269531250000e+02
7.873460693359375000e+02
7.688696899414062500e+02
2.667081298828125000e+02
1.382888641357421875e+02
5.678690795898437500e+02
2.575122680664062500e+02
3.822729797363281250e+02
5.027663574218750000e+02
4.658039550781250000e+02
7.652272949218750000e+02
4.359512023925781250e+02
7.172594604492187500e+02
6.570364990234375000e+02
1.619861755371093750e+02
3.774733581542968750e+02
3.946537170410156250e+02
6.648609619140625000e+02
5.419461059570312500e+02
2.225667877197265625e+02
5.939765625000000000e+02
2.748867492675781250e+02
1.003116760253906250e+02
4.191451416015625000e+02
6.190718383789062500e+02
7.238402709960937500e+02
9.575873413085937500e+02
4.543906250000000000e+02
6.933103637695312500e+02
6.971057128906250000e+02
4.040018310546875000e+02
4.187617187500000000e+02
7.880167846679687500e+02
7.687510986328125000e+02
3.899133300781250000e+02
5.987852172851562500e+02
1.400159759521484375e+02
7.312326660156250000e+02
5.967011108398437500e+02
4.325751037597656250e+02
4.564117431640625000e+02
2.190252838134765625e+02
2.642726135253906250e+02
7.648392944335937500e+02
4.891423950195312500e+02
3.630632019042968750e+02
6.054760742187500000e+02
3.791206970214843750e+02
5.391632080078125000e+02
7.012673950195312500e+02
6.174038696289062500e+02
6.992374267578125000e+02
4.920859375000000000e+02
1.587905120849609375e+02
6.419497070312500000e+02
1.814626922607421875e+02
2.720338745117187500e+02
4.689176025390625000e+02
3.619330749511718750e+02
3.886722106933593750e+02
4.695893859863281250e+02
3.502226867675781250e+02
3.608100280761718750e+02
7.080228271484375000e+02
2.052576751708984375e+02
5.740486450195312500e+02
4.542905273437500000e+02
4.926317443847656250e+02
3.009939575195312500e+02
1.813833618164062500e+02
1.115843734741210938e+02
3.305997314453125000e+02
3.176944274902343750e+02
4.324608154296875000e+02
3.472315368652343750e+02
3.983293762207031250e+02
5.354660644531250000e+02
7.645172729492187500e+02
2.820838623046875000e+02
3.836361694335937500e+02
7.886520996093750000e+02
7.521545410156250000e+02
2.735316772460937500e+02
7.395710449218750000e+02
6.472771606445312500e+02
1.778975067138671875e+02
6.955606079101562500e+02
3.076491394042968750e+02
3.056205139160156250e+02
5.802179565429687500e+02
7.207345581054687500e+01
4.211216735839843750e+02
4.358562011718750000e+02
5.360874023437500000e+02
2.313085021972656250e+02
5.334044799804687500e+02
5.900546875000000000e+02
4.573163452148437500e+02
2.295451660156250000e+02
1.029082763671875000e+03
4.004888916015625000e+02
3.381402282714843750e+02
3.750707092285156250e+02
7.338952026367187500e+02
4.282875366210937500e+02
6.717263793945312500e+02
5.549498901367187500e+02
3.585057373046875000e+02
3.156365966796875000e+02
4.977704467773437500e+02
3.744627685546875000e+02
2.255026855468750000e+02
5.441314086914062500e+02
2.523444671630859375e+02
1.577967071533203125e+02
2.686347961425781250e+02
5.130010986328125000e+02
2.044628143310546875e+02
3.853755493164062500e+02
5.071530151367187500e+02
2.663940429687500000e+02
1.405915832519531250e+02
2.013316650390625000e+02
2.515682525634765625e+02
6.230849609375000000e+02
2.526911468505859375e+02
2.693373413085937500e+02
2.358202972412109375e+02
3.693547058105468750e+02
1.098750976562500000e+03
5.167452392578125000e+02
4.691432800292968750e+02
3.900249328613281250e+02
1.333905487060546875e+02
3.147674560546875000e+02
7.883598632812500000e+02
2.434388122558593750e+02
4.379108886718750000e+02
3.928420104980468750e+02
6.022780761718750000e+02
3.899932556152343750e+02
4.456223144531250000e+02
2.696598205566406250e+02
7.241017456054687500e+02
4.593082580566406250e+02
1.626479339599609375e+02
1.762068023681640625e+02
2.985414428710937500e+02
4.300299377441406250e+02
4.207056274414062500e+02
7.053642578125000000e+02
4.670701904296875000e+02
7.068801879882812500e+02
6.478291015625000000e+02
8.055339355468750000e+02
2.969503479003906250e+02
6.282405395507812500e+02
4.463695373535156250e+02
4.551307373046875000e+02
4.633077087402343750e+02
5.136427612304687500e+02
3.164298095703125000e+02
6.565158081054687500e+02
1.341765899658203125e+02
6.431837768554687500e+02
3.094220275878906250e+02
1.887756347656250000e+02
4.234031066894531250e+02
4.992406921386718750e+02
9.368118286132812500e+02
5.618100585937500000e+02
7.044113769531250000e+02
5.875620117187500000e+02
5.723189697265625000e+02
1.269007568359375000e+02
2.481016998291015625e+02
4.001534729003906250e+02
8.465343017578125000e+02
3.718321838378906250e+02
2.750180358886718750e+02
5.007774353027343750e+02
9.942731475830078125e+01
5.330096435546875000e+02
4.998026733398437500e+02
2.660909118652343750e+02
2.354922637939453125e+02
5.787888793945312500e+02
5.113179931640625000e+02
5.480871582031250000e+02
4.325307006835937500e+02
5.674709472656250000e+02
4.062852783203125000e+02
4.058345031738281250e+02
2.152220001220703125e+02
7.502887573242187500e+02
1.888003845214843750e+02
3.758975524902343750e+02
2.568559265136718750e+02
5.196580200195312500e+02
8.907810058593750000e+02
6.884803466796875000e+02
6.252894897460937500e+02
1.684374694824218750e+02
3.534283752441406250e+02
2.489031219482421875e+02
2.746325073242187500e+02
2.023113250732421875e+02
3.091170959472656250e+02
3.296385498046875000e+02
6.238634643554687500e+02
1.898386993408203125e+02
3.930068054199218750e+02
2.409877777099609375e+02
5.047217102050781250e+02
2.346754760742187500e+02
3.092872314453125000e+02
1.170253829956054688e+02
5.764610595703125000e+02
6.298673095703125000e+02
4.159070434570312500e+02
1.589808349609375000e+02
7.331370239257812500e+02
4.242766418457031250e+02
6.485566406250000000e+02
6.641118164062500000e+02
3.727011108398437500e+02
5.959523925781250000e+02
1.752742767333984375e+02
5.472006835937500000e+02
1.346111297607421875e+02
2.420417633056640625e+02
3.541705932617187500e+02
2.661542968750000000e+02
5.329447631835937500e+02
3.161292114257812500e+02
7.469562377929687500e+02
5.092671203613281250e+02
2.231793823242187500e+02
4.826696166992187500e+02
3.881986389160156250e+02
5.884131469726562500e+02
3.144967651367187500e+02
7.219049682617187500e+02
3.329241333007812500e+02
3.821762084960937500e+02
3.437448730468750000e+02
4.347210388183593750e+02
2.353923187255859375e+02
2.928403930664062500e+02
4.718457336425781250e+02
3.879783935546875000e+02
2.155141296386718750e+02
8.689700317382812500e+02
6.379805908203125000e+02
8.982550048828125000e+02
6.200821533203125000e+02
3.246713867187500000e+02
2.674057922363281250e+02
6.199541625976562500e+02
3.692082214355468750e+02
4.150875244140625000e+02
4.078413696289062500e+02
1.736225433349609375e+02
8.970746459960937500e+02
3.877297058105468750e+02
5.643598022460937500e+02
8.853229522705078125e+01
6.494436645507812500e+02
7.593156738281250000e+02
5.414345092773437500e+02
5.596484985351562500e+02
2.744098815917968750e+02
6.361210327148437500e+02
3.396566467285156250e+02
4.294149780273437500e+02
5.100169372558593750e+02
2.952311096191406250e+02
1.746630249023437500e+02
4.959766540527343750e+02
1.624050750732421875e+02
1.834940643310546875e+02
3.009190368652343750e+02
6.042528686523437500e+02
6.019598388671875000e+02
2.499937286376953125e+02
4.539008789062500000e+02
6.174882202148437500e+02
4.697276306152343750e+02
2.296961822509765625e+02
4.277384643554687500e+02
2.541437377929687500e+02
1.490030670166015625e+02
4.560457763671875000e+02
2.432729034423828125e+02
3.318185119628906250e+02
4.142832946777343750e+02
7.204368286132812500e+02
6.253496093750000000e+02
6.685804443359375000e+02
4.000195617675781250e+02
5.915772705078125000e+02
1.172873901367187500e+03
8.262106933593750000e+02
4.170256958007812500e+02
6.755289306640625000e+02
3.477114562988281250e+02
7.255181884765625000e+02
3.471697998046875000e+02
5.612714233398437500e+02
3.535503234863281250e+02
9.745012207031250000e+02
4.784933471679687500e+02
4.827219238281250000e+02
4.374973144531250000e+02
3.967506408691406250e+02
4.542258300781250000e+02
4.274839477539062500e+02
4.068381652832031250e+02
6.889723510742187500e+02
2.794226074218750000e+02
9.235868530273437500e+02
3.953758239746093750e+02
4.696703796386718750e+02
6.604558105468750000e+02
1.038999404907226562e+02
4.734911804199218750e+02
6.258745727539062500e+02
7.890324096679687500e+02
2.010937347412109375e+02
4.714374389648437500e+02
6.503218383789062500e+02
3.232944641113281250e+02
3.786816711425781250e+02
4.858322143554687500e+02
2.126854858398437500e+02
7.378702392578125000e+02
3.948775329589843750e+02
3.484982299804687500e+02
6.253901367187500000e+02
1.836369018554687500e+02
2.280720520019531250e+02
6.243151245117187500e+02
3.552532043457031250e+02
4.108000183105468750e+02
3.474123229980468750e+02
5.333750610351562500e+02
5.203531494140625000e+02
3.709300231933593750e+02
6.315275268554687500e+02
3.652862243652343750e+02
6.303270874023437500e+02
3.827214965820312500e+02
5.612058715820312500e+02
3.802512817382812500e+02
3.604057312011718750e+02
5.982667236328125000e+02
3.238140869140625000e+02
6.567503051757812500e+02
6.952499389648437500e+02
6.423216552734375000e+02
3.123425292968750000e+02
5.770636596679687500e+02
6.275150146484375000e+02
3.199616699218750000e+02
4.850626831054687500e+02
9.802089233398437500e+02
9.472059936523437500e+02
3.890162658691406250e+02
1.359043884277343750e+02
7.156064453125000000e+02
4.654264831542968750e+02
3.319268493652343750e+02
2.882536010742187500e+02
4.206754760742187500e+02
6.523161010742187500e+02
5.342731323242187500e+02
3.514430236816406250e+02
7.914235229492187500e+02
1.248375488281250000e+03
6.079049682617187500e+02
1.202577148437500000e+03
3.578350830078125000e+02
2.139198913574218750e+02
5.350142822265625000e+02
7.647053222656250000e+02
5.668432006835937500e+02
1.901171569824218750e+02
4.259303894042968750e+02
3.741502380371093750e+02
4.116867065429687500e+02
4.616462097167968750e+02
1.993715362548828125e+02
7.387598266601562500e+02
3.556174011230468750e+02
6.571258544921875000e+02
5.037692260742187500e+02
4.294263305664062500e+02
3.964718322753906250e+02
3.049708251953125000e+02
5.900000000000000000e+02
1.372888031005859375e+02
7.170097045898437500e+02
6.903767089843750000e+02
4.875532836914062500e+02
5.763369140625000000e+02
1.271916809082031250e+02
3.473190307617187500e+02
4.130296630859375000e+02
3.220126037597656250e+02
6.653111572265625000e+02
5.801360473632812500e+02
3.133687438964843750e+02
3.730261840820312500e+02
1.125547256469726562e+02
2.880114746093750000e+02
2.297384033203125000e+02
3.895416259765625000e+02
7.407238159179687500e+02
2.851293029785156250e+02
3.307058105468750000e+02
2.717494812011718750e+02
1.815715942382812500e+02
5.718372192382812500e+02
5.914326171875000000e+02
4.019040832519531250e+02
3.450606994628906250e+02
3.249675903320312500e+02
4.212783432006835938e+01
2.419614868164062500e+02
4.623807067871093750e+02
3.959060058593750000e+02
9.702066650390625000e+02
6.425812988281250000e+02
6.928004150390625000e+02
5.086175537109375000e+02
4.863283081054687500e+02
5.740136718750000000e+02
1.696632080078125000e+02
5.429231567382812500e+02
5.686524047851562500e+02
4.975017089843750000e+02
2.318838043212890625e+02
3.559542846679687500e+02
1.999624938964843750e+02
8.929116210937500000e+02
5.147512817382812500e+02
4.164036254882812500e+02
3.281751403808593750e+02
5.799876098632812500e+02
1.870932159423828125e+02
3.415170593261718750e+02
2.105301361083984375e+02
1.520126800537109375e+02
4.007279357910156250e+02
6.437726440429687500e+02
5.634450073242187500e+02
4.098644409179687500e+02
5.514083251953125000e+02
3.707856445312500000e+02
4.523565368652343750e+02
9.858930053710937500e+02
6.283666381835937500e+02
2.073108062744140625e+02
3.342652893066406250e+02
5.481484985351562500e+02
3.582857666015625000e+02
3.035050659179687500e+02
8.170838623046875000e+02
4.708523559570312500e+02
5.385927734375000000e+02
2.593396911621093750e+02
5.044731140136718750e+02
2.698600463867187500e+02
7.735162963867187500e+02
4.226084289550781250e+02
2.579425354003906250e+02
2.880917968750000000e+02
4.986159362792968750e+02
2.406452026367187500e+02
7.552501831054687500e+02
7.887902832031250000e+02
7.307044677734375000e+02
3.855234375000000000e+02
7.517108154296875000e+02
3.177972106933593750e+02
5.929372558593750000e+02
5.178193359375000000e+02
1.023635437011718750e+03
4.945893554687500000e+02
9.836793212890625000e+02
2.785422363281250000e+02
6.750549316406250000e+02
4.726730651855468750e+02
4.663881225585937500e+02
6.474443359375000000e+02
2.899199523925781250e+02
5.367594604492187500e+02
6.303464355468750000e+02
2.863156738281250000e+02
1.249393157958984375e+02
4.532568969726562500e+02
4.333321228027343750e+02
6.773948974609375000e+02
6.057656250000000000e+02
2.233280487060546875e+02
4.265711364746093750e+02
1.299705505371093750e+02
7.991135864257812500e+02
4.190149536132812500e+02
4.495414733886718750e+02
4.935059814453125000e+02
3.136218566894531250e+02
4.269461364746093750e+02
3.949553833007812500e+02
4.325692443847656250e+02
4.063909912109375000e+02
5.890396728515625000e+02
4.292929687500000000e+02
3.558337402343750000e+02
6.223378295898437500e+02
3.913388671875000000e+02
2.730617370605468750e+02
6.596391601562500000e+02
6.487185668945312500e+02
3.599847412109375000e+02
7.509975585937500000e+02
4.295233459472656250e+02
7.280487670898437500e+02
3.791286621093750000e+02
4.732317810058593750e+02
2.484557342529296875e+02
7.916527099609375000e+02
5.367087402343750000e+02
4.824817810058593750e+02
2.470352172851562500e+02
2.633849487304687500e+02
1.564039764404296875e+02
4.859506225585937500e+02
3.788218994140625000e+02
2.202920837402343750e+02
1.822562408447265625e+02
3.169384460449218750e+02
3.242858886718750000e+02
5.412989501953125000e+02
8.464147949218750000e+02
4.944896240234375000e+02
5.772673950195312500e+02
5.587227172851562500e+02
5.292419433593750000e+02
2.759569091796875000e+02
5.997495117187500000e+02
4.638800048828125000e+02
7.674058837890625000e+02
2.421894989013671875e+02
8.150606079101562500e+02
2.150964660644531250e+02
3.978222351074218750e+02
2.880747070312500000e+02
3.760211791992187500e+02
5.076921081542968750e+02
3.806740417480468750e+02
3.835416259765625000e+02
3.067315368652343750e+02
1.293517822265625000e+03
2.021584014892578125e+02
5.348907470703125000e+02
5.010888061523437500e+02
2.994387512207031250e+02
3.729785461425781250e+02
5.948358764648437500e+02
3.096614379882812500e+02
4.938208923339843750e+02
5.048689880371093750e+02
2.593785095214843750e+02
4.162630004882812500e+02
4.243641662597656250e+02
2.022783660888671875e+02
2.052938690185546875e+02
6.051389160156250000e+02
2.414263305664062500e+02
6.310157470703125000e+02
3.898001708984375000e+02
4.578275756835937500e+02
7.541228637695312500e+02
3.156440124511718750e+02
4.828344421386718750e+02
9.820410156250000000e+01
4.450252380371093750e+02
5.213768920898437500e+02
3.442591857910156250e+02
4.256538696289062500e+02
1.571610412597656250e+02
7.959572753906250000e+02
3.215648803710937500e+02
6.545642852783203125e+01
1.180396118164062500e+02
3.875044860839843750e+02
3.581495361328125000e+02
4.472575683593750000e+02
6.134596557617187500e+02
1.690837707519531250e+02
2.198045043945312500e+02
4.006512451171875000e+02
2.529358825683593750e+02
3.089113159179687500e+02
6.126716308593750000e+02
4.856399841308593750e+02
4.316907653808593750e+02
6.608887939453125000e+02
3.893517150878906250e+02
2.011616516113281250e+02
4.089599304199218750e+02
6.827935791015625000e+02
3.217046813964843750e+02
5.477724609375000000e+02
7.513770141601562500e+02
3.580536804199218750e+02
3.830121765136718750e+02
8.894500122070312500e+02
6.775283203125000000e+02
6.430672607421875000e+02
4.933118591308593750e+02
7.874918823242187500e+02
3.327888183593750000e+02
4.934003295898437500e+02
1.124421005249023438e+02
3.258712463378906250e+02
6.055483398437500000e+02
3.535961608886718750e+02
1.755579681396484375e+02
1.751474151611328125e+02
4.517731933593750000e+02
3.747191162109375000e+02
7.686985473632812500e+02
7.993385620117187500e+02
5.165723266601562500e+02
5.414959106445312500e+02
5.296420288085937500e+02
1.131817550659179688e+02
6.806610717773437500e+02
1.874508819580078125e+02
7.755822753906250000e+02
5.314320068359375000e+02
5.424873046875000000e+02
5.812008056640625000e+02
3.472264099121093750e+02
4.821264648437500000e+02
5.446781616210937500e+02
4.338684692382812500e+02
6.678920898437500000e+02
1.686911468505859375e+02
3.536447143554687500e+02
7.079837036132812500e+02
6.298027954101562500e+02
1.049943161010742188e+02
5.507802734375000000e+02
7.466123657226562500e+02
3.546712036132812500e+02
3.507979125976562500e+02
4.312681884765625000e+02
6.755758666992187500e+02
2.002714691162109375e+02
5.733326416015625000e+02
3.369159851074218750e+02
2.587992553710937500e+02
3.459147338867187500e+02
3.277182617187500000e+02
3.424585876464843750e+02
3.420529174804687500e+02
7.414894409179687500e+02
5.061426086425781250e+02
3.595190734863281250e+02
3.783157043457031250e+02
3.317146606445312500e+02
3.286702270507812500e+02
2.671190185546875000e+02
6.325334472656250000e+02
5.542976684570312500e+02
2.517786712646484375e+02
3.120075073242187500e+02
4.285433959960937500e+02
6.432406005859375000e+02
1.235859603881835938e+02
5.415033569335937500e+02
2.376240997314453125e+02
6.554262084960937500e+02
3.047971496582031250e+02
3.844708251953125000e+02
6.358913574218750000e+02
2.470410308837890625e+02
2.541758575439453125e+02
4.946393432617187500e+02
1.149990081787109375e+02
1.577050628662109375e+02
5.650593261718750000e+02
2.990828552246093750e+02
6.624002075195312500e+02
4.656702270507812500e+02
3.815260314941406250e+02
4.347006530761718750e+02
4.595183715820312500e+02
5.442089843750000000e+02
6.063721313476562500e+02
4.808244628906250000e+02
6.651641845703125000e+02
6.939403076171875000e+02
3.679835815429687500e+02
2.982778625488281250e+02
8.959072265625000000e+02
5.522746582031250000e+02
6.059313964843750000e+02
1.082135375976562500e+03
7.031029663085937500e+02
2.557185363769531250e+02
3.935938720703125000e+02
5.372815551757812500e+02
6.137322616577148438e+01
4.264660339355468750e+02
2.658961486816406250e+02
5.501923828125000000e+02
7.644168701171875000e+02
6.151057739257812500e+02
3.107932434082031250e+02
5.273234252929687500e+02
8.015420532226562500e+02
4.415793151855468750e+02
5.509201049804687500e+02
3.422622375488281250e+02
2.679298706054687500e+02
2.598610229492187500e+02
9.834925537109375000e+02
8.770929565429687500e+02
6.107401123046875000e+02
3.586963195800781250e+02
1.465935363769531250e+02
3.111542663574218750e+02
5.213898315429687500e+02
4.030029296875000000e+02
2.936282348632812500e+02
1.655636138916015625e+02
7.298706054687500000e+02
1.636177825927734375e+02
9.594228363037109375e+01
3.213793945312500000e+02
5.584631347656250000e+02
8.129143676757812500e+02
5.106242675781250000e+02
4.784104614257812500e+02
2.641040039062500000e+02
6.921502075195312500e+02
4.812383728027343750e+02
4.504354248046875000e+02
2.816352844238281250e+02
9.748828887939453125e+01
5.566940307617187500e+02
7.665081787109375000e+01
2.361491394042968750e+02
3.828236694335937500e+02
4.485429687500000000e+02
5.134039916992187500e+02
4.349412231445312500e+02
5.309561767578125000e+02
8.231810913085937500e+02
4.589672470092773438e+01
2.850000000000000000e+02
1.337530059814453125e+02
5.125594482421875000e+02
5.778739624023437500e+02
4.077189636230468750e+02
8.395006103515625000e+02
3.612112121582031250e+02
4.862372436523437500e+02
4.348254089355468750e+02
2.673199157714843750e+02
6.018864135742187500e+02
6.671215209960937500e+02
8.340899047851562500e+02
1.845940093994140625e+02
5.747663574218750000e+02
3.983703613281250000e+02
6.099815063476562500e+02
3.715492858886718750e+02
2.842757263183593750e+02
6.950437011718750000e+02
5.775548095703125000e+02
7.602043457031250000e+02
4.385246887207031250e+02
3.609620971679687500e+02
7.797783813476562500e+02
3.041428833007812500e+02
6.781384277343750000e+02
1.681585235595703125e+02
2.863875732421875000e+02
5.685311889648437500e+02
4.394234619140625000e+02
3.376892395019531250e+02
3.421680908203125000e+02
7.019669799804687500e+02
3.028226623535156250e+02
8.042770996093750000e+02
5.548904418945312500e+02
6.571293334960937500e+02
4.287190246582031250e+02
2.727062072753906250e+02
4.259837036132812500e+02
2.541942138671875000e+02
3.379029235839843750e+02
1.821887054443359375e+02
2.040183868408203125e+02
4.759382629394531250e+02
6.166308593750000000e+02
3.581897888183593750e+02
6.283280639648437500e+02
6.886565551757812500e+02
5.383358154296875000e+02
8.317079467773437500e+02
2.642266845703125000e+02
1.059426879882812500e+02
2.595098876953125000e+02
5.981962280273437500e+02
5.026919860839843750e+02
3.474239501953125000e+02
1.612847290039062500e+02
2.507163238525390625e+02
5.152366943359375000e+02
1.403076782226562500e+02
6.675125732421875000e+02
7.935324707031250000e+02
2.185910797119140625e+02
6.688646850585937500e+02
6.570270385742187500e+02
6.392539672851562500e+02
7.097659301757812500e+02
1.969788970947265625e+02
2.316427612304687500e+02
1.433701171875000000e+02
3.164046325683593750e+02
1.300520935058593750e+02
2.557618408203125000e+02
3.153548889160156250e+02
2.635837707519531250e+02
4.864138183593750000e+02
4.470901794433593750e+02
4.520465393066406250e+02
2.365703735351562500e+02
3.961366271972656250e+02
3.068707885742187500e+02
3.522248229980468750e+02
6.218754272460937500e+02
4.417442321777343750e+02
2.775224914550781250e+02
5.380134887695312500e+02
1.639815826416015625e+02
3.307155151367187500e+02
5.095945129394531250e+02
2.554004821777343750e+02
3.305419006347656250e+02
6.231109619140625000e+02
4.948305358886718750e+02
5.841580200195312500e+02
4.078283081054687500e+02
5.907861328125000000e+02
3.215427246093750000e+02
4.713604736328125000e+02
5.032821960449218750e+02
6.736590576171875000e+02
2.288085327148437500e+02
6.924260864257812500e+02
3.877655029296875000e+02
4.897234802246093750e+02
1.238736877441406250e+02
5.972694702148437500e+02
3.792698364257812500e+02
1.139777450561523438e+02
1.137608184814453125e+02
3.715614318847656250e+02
9.571774291992187500e+02
4.078158264160156250e+02
9.507624511718750000e+02
4.244372177124023438e+01
3.927695007324218750e+02
2.430357513427734375e+02
7.055158691406250000e+02
2.402073516845703125e+02
5.860612182617187500e+02
4.397947387695312500e+02
5.273283081054687500e+02
7.047416381835937500e+02
5.801660156250000000e+02
3.645837097167968750e+02
5.637587890625000000e+02
3.030181884765625000e+02
8.364639282226562500e+02
3.468985290527343750e+02
2.389562530517578125e+02
7.597465820312500000e+02
3.271538085937500000e+02
7.656071777343750000e+02
2.689138183593750000e+02
5.702984008789062500e+02
2.530306701660156250e+02
2.258070526123046875e+02
4.309845275878906250e+02
5.841524047851562500e+02
4.601690673828125000e+02
4.732508239746093750e+02
2.299171142578125000e+02
8.247795410156250000e+02
6.276103515625000000e+02
4.518967590332031250e+02
2.395407562255859375e+02
7.691048431396484375e+01
7.084287719726562500e+02
5.306299438476562500e+02
5.157124023437500000e+02
2.222422332763671875e+02
6.386232299804687500e+02
5.347583618164062500e+02
3.444792175292968750e+02
2.773500061035156250e+02
2.450673065185546875e+02
3.978159179687500000e+02
3.703877563476562500e+02
6.814611206054687500e+02
7.351962280273437500e+02
2.765170898437500000e+02
5.176903686523437500e+02
8.369756469726562500e+02
8.245866394042968750e+01
3.709993591308593750e+02
7.178206787109375000e+02
6.085255737304687500e+02
7.572432861328125000e+02
6.278286743164062500e+02
5.700413818359375000e+02
4.051129455566406250e+02
4.409800415039062500e+02
3.258666076660156250e+02
3.553911743164062500e+02
5.413489990234375000e+02
1.132350830078125000e+03
1.304008178710937500e+02
4.265824890136718750e+02
6.954909057617187500e+02
2.620228271484375000e+02
2.999896545410156250e+02
5.496155395507812500e+02
6.336719970703125000e+02
2.769797058105468750e+02
5.831721801757812500e+02
2.324881134033203125e+02
3.304559631347656250e+02
2.434934082031250000e+02
3.226285705566406250e+02
1.605662841796875000e+02
5.694801025390625000e+02
2.081958618164062500e+02
8.276466674804687500e+02
4.277497558593750000e+02
2.281245574951171875e+02
4.728905029296875000e+02
7.907555541992187500e+02
2.943972167968750000e+02
2.415843353271484375e+02
1.071423095703125000e+03
3.557583312988281250e+02
8.476998291015625000e+02
6.873196411132812500e+02
6.007902832031250000e+02
4.902905578613281250e+02
4.839365844726562500e+02
7.336116333007812500e+02
1.491764678955078125e+02
3.913333129882812500e+02
3.439965820312500000e+02
6.340738525390625000e+02
4.555584716796875000e+02
3.295077819824218750e+02
4.570305175781250000e+02
3.081145935058593750e+02
7.197200927734375000e+02
3.445652770996093750e+02
1.857055358886718750e+02
9.115029907226562500e+02
2.745141906738281250e+02
6.520987548828125000e+02
1.214190444946289062e+02
5.157360229492187500e+02
5.903087768554687500e+02
7.123543701171875000e+02
5.154480590820312500e+02
5.097384338378906250e+02
5.340560913085937500e+02
4.940847167968750000e+02
2.079572753906250000e+02
1.599361267089843750e+02
4.378757934570312500e+02
4.271614379882812500e+02
5.411624145507812500e+02
5.093860168457031250e+02
6.497719726562500000e+02
2.645811157226562500e+02
1.706224975585937500e+02
6.857914428710937500e+02
7.532301635742187500e+02
5.500260620117187500e+02
4.963479614257812500e+02
4.620710144042968750e+02
3.770536193847656250e+02
2.017859802246093750e+02
3.833550109863281250e+02
3.928153686523437500e+02
4.472868652343750000e+02
5.912236328125000000e+02
5.784293823242187500e+02
2.643894042968750000e+02
4.255500488281250000e+02
4.007491149902343750e+02
4.382631530761718750e+02
4.926599731445312500e+02
4.419659423828125000e+02
2.097028350830078125e+02
2.626563415527343750e+02
1.922997283935546875e+02
3.412614440917968750e+02
3.953669738769531250e+02
3.896470031738281250e+02
3.010374145507812500e+02
4.962168273925781250e+02
6.396527709960937500e+02
5.125628662109375000e+02
1.480908813476562500e+02
3.310880126953125000e+02
8.184105224609375000e+02
3.540006408691406250e+02
4.425464172363281250e+02
7.047914428710937500e+02
1.014717941284179688e+02
5.217399291992187500e+02
3.353233947753906250e+02
4.171043395996093750e+02
5.333633422851562500e+02
4.436144714355468750e+02
2.951068725585937500e+02
1.758309326171875000e+02
3.094211120605468750e+02
7.077258300781250000e+02
2.993009948730468750e+02
1.938517761230468750e+02
3.996744384765625000e+02
4.239294738769531250e+02
4.262480468750000000e+02
6.464525756835937500e+02
5.349454956054687500e+02
8.751765747070312500e+02
6.367969970703125000e+02
6.185015869140625000e+02
1.615409545898437500e+02
4.267799072265625000e+02
3.962294006347656250e+02
7.124082031250000000e+02
5.042154235839843750e+02
7.391069946289062500e+02
2.774034118652343750e+02
6.228472900390625000e+02
6.439588012695312500e+02
4.175853271484375000e+02
4.308447875976562500e+02
3.912816162109375000e+02
5.170123901367187500e+02
3.130218200683593750e+02
9.058334960937500000e+02
7.319871215820312500e+02
5.977319946289062500e+02
2.269802551269531250e+02
3.170834960937500000e+02
7.602020874023437500e+02
4.779468994140625000e+02
8.563188476562500000e+02
3.566142578125000000e+02
2.421316375732421875e+02
3.288612060546875000e+02
3.808055419921875000e+02
9.762058258056640625e+01
3.821997680664062500e+02
8.736071777343750000e+02
8.404889526367187500e+02
3.778421020507812500e+02
2.680587768554687500e+02
2.326541595458984375e+02
2.916875610351562500e+02
4.943942565917968750e+02
6.797696533203125000e+02
5.418104858398437500e+02
4.913235168457031250e+02
5.104353942871093750e+02
6.428848266601562500e+02
1.887129058837890625e+02
2.335148010253906250e+02
4.529329528808593750e+02
5.170386352539062500e+02
4.597824096679687500e+02
9.413206787109375000e+02
5.257947387695312500e+02
2.248894500732421875e+02
4.394376525878906250e+02
3.849260559082031250e+02
3.251959838867187500e+02
1.041487548828125000e+03
3.237950134277343750e+02
4.663407592773437500e+02
3.634050292968750000e+02
8.389325714111328125e+01
1.273424072265625000e+03
5.523363037109375000e+02
1.059589477539062500e+03
1.464335937500000000e+02
5.754064941406250000e+02
2.718009948730468750e+02
1.984651794433593750e+02
3.926458435058593750e+02
3.641916198730468750e+02
6.676643676757812500e+02
1.822409820556640625e+02
4.328800659179687500e+02
4.245929260253906250e+02
2.989767150878906250e+02
4.303162536621093750e+02
3.409344482421875000e+02
6.115178833007812500e+02
6.510436401367187500e+02
7.436303710937500000e+02
8.422966308593750000e+02
2.621458740234375000e+02
3.257499694824218750e+02
4.655447998046875000e+02
2.867084350585937500e+02
1.848465728759765625e+02
4.575083618164062500e+02
4.574345703125000000e+02
1.182183303833007812e+02
7.596941528320312500e+02
1.568027496337890625e+02
2.752257690429687500e+02
1.053064819335937500e+03
3.538506469726562500e+02
3.665141906738281250e+02
1.907718048095703125e+02
4.477686767578125000e+02
4.045914306640625000e+02
5.367084960937500000e+02
4.145111999511718750e+02
4.531759643554687500e+02
3.257899169921875000e+02
2.862495117187500000e+02
3.931289672851562500e+02
6.186788940429687500e+02
2.244121246337890625e+02
1.640183715820312500e+02
4.031056518554687500e+02
3.638638916015625000e+02
5.385503540039062500e+02
3.778016662597656250e+02
3.922151184082031250e+02
1.683059082031250000e+02
5.070383300781250000e+02
3.584804687500000000e+02
6.178024291992187500e+02
1.596959075927734375e+02
5.275418090820312500e+02
4.514626770019531250e+02
5.972204589843750000e+02
4.732816772460937500e+02
3.644485778808593750e+02
3.774830017089843750e+02
5.034658203125000000e+02
4.946414184570312500e+02
2.939862060546875000e+02
2.871255493164062500e+02
5.235827636718750000e+02
4.699931945800781250e+02
1.908865661621093750e+02
6.307437133789062500e+02
9.024122924804687500e+02
4.594459228515625000e+02
7.123858642578125000e+02
2.290983886718750000e+02
5.569167480468750000e+02
3.708861694335937500e+02
4.818746948242187500e+02
4.133633422851562500e+02
4.281379394531250000e+02
4.770259704589843750e+02
4.865401611328125000e+02
5.755499267578125000e+02
5.292367553710937500e+02
3.128139343261718750e+02
6.793761596679687500e+02
6.066726684570312500e+02
2.331693420410156250e+02
1.835241088867187500e+02
2.960407714843750000e+02
4.029984741210937500e+02
4.534020690917968750e+02
5.017898864746093750e+02
4.100546875000000000e+02
5.402257080078125000e+02
4.257261352539062500e+02
7.253587646484375000e+02
2.757775573730468750e+02
4.690689392089843750e+02
4.744920959472656250e+02
6.470322875976562500e+02
4.593544921875000000e+02
1.692459106445312500e+02
6.005620117187500000e+02
3.450126953125000000e+02
4.005882263183593750e+02
5.224837646484375000e+02
4.486846618652343750e+02
4.396201782226562500e+02
3.297320861816406250e+02
5.403920288085937500e+02
6.641087646484375000e+02
3.656421508789062500e+02
6.879331054687500000e+02
4.879243469238281250e+02
4.607825012207031250e+02
3.941729431152343750e+02
5.015689086914062500e+02
4.969419860839843750e+02
2.710766296386718750e+02
5.592931518554687500e+02
5.704581298828125000e+02
5.658044433593750000e+02
6.407680053710937500e+02
1.752600097656250000e+02
4.610297851562500000e+02
2.449391326904296875e+02
5.302852172851562500e+02
6.884097900390625000e+02
1.583532562255859375e+02
4.058984680175781250e+02
4.473106079101562500e+02
5.629247436523437500e+02
4.277015991210937500e+02
1.291255493164062500e+02
1.818553619384765625e+02
4.083304138183593750e+02
6.455519409179687500e+02
1.721994171142578125e+02
4.976800231933593750e+02
6.268852539062500000e+02
4.469982299804687500e+02
2.468946533203125000e+02
1.292286224365234375e+02
2.771640625000000000e+02
1.229500244140625000e+03
3.305640869140625000e+02
7.987991943359375000e+02
2.336173400878906250e+02
1.121922683715820312e+02
5.864700317382812500e+02
9.213679504394531250e+01
5.580585327148437500e+02
6.445929565429687500e+02
5.095088806152343750e+02
2.279624481201171875e+02
4.278141174316406250e+02
5.253223876953125000e+02
3.836783447265625000e+02
9.666782226562500000e+02
4.746150817871093750e+02
7.552088012695312500e+02
3.332053833007812500e+02
3.858698425292968750e+02
2.663609008789062500e+02
3.211912536621093750e+02
3.743922424316406250e+02
5.667870483398437500e+02
7.678763427734375000e+02
3.430714111328125000e+02
4.539378967285156250e+02
4.137718200683593750e+02
2.145346221923828125e+02
9.001673126220703125e+01
3.521545410156250000e+02
5.641037597656250000e+02
3.339615173339843750e+02
5.756602783203125000e+02
3.734768371582031250e+02
5.912274169921875000e+02
4.999706726074218750e+02
4.985628967285156250e+02
6.753894042968750000e+02
6.166246337890625000e+02
7.409938964843750000e+02
7.189844970703125000e+02
3.331282348632812500e+02
1.062505340576171875e+02
4.355559387207031250e+02
4.014287719726562500e+02
3.333926086425781250e+02
6.103483886718750000e+02
2.313358306884765625e+02
3.688408508300781250e+02
6.138711547851562500e+02
4.700559997558593750e+02
2.594969177246093750e+02
4.435579223632812500e+02
1.995912628173828125e+02
1.049227783203125000e+03
1.911206207275390625e+02
7.552469635009765625e+01
3.505292968750000000e+02
2.647896728515625000e+02
1.685686492919921875e+02
6.395628051757812500e+02
1.043419555664062500e+03
7.598651123046875000e+02
5.426610107421875000e+02
5.012781372070312500e+02
1.033331909179687500e+02
2.134188690185546875e+02
7.914772338867187500e+02
2.413611297607421875e+02
4.307037048339843750e+02
3.869186706542968750e+02
3.109962158203125000e+02
5.501621093750000000e+02
6.259478759765625000e+02
8.228748168945312500e+02
4.527139282226562500e+02
4.001093139648437500e+02
5.831684570312500000e+02
2.944434814453125000e+02
1.220913619995117188e+02
3.124272766113281250e+02
5.333955078125000000e+02
2.322068786621093750e+02
3.287266540527343750e+02
4.588309631347656250e+02
3.865000915527343750e+02
6.549960327148437500e+02
3.778719787597656250e+02
2.693900146484375000e+02
3.795136718750000000e+02
5.349201660156250000e+02
4.590014343261718750e+02
4.288113403320312500e+02
4.788976135253906250e+02
4.165686645507812500e+02
3.282841186523437500e+02
9.508632812500000000e+02
4.050580139160156250e+02
5.001333312988281250e+02
4.286939697265625000e+02
5.999995727539062500e+02
1.129382324218750000e+02
2.583744812011718750e+02
2.917378234863281250e+02
3.886237182617187500e+02
1.083195434570312500e+03
4.653984069824218750e+02
4.761496276855468750e+02
3.243911743164062500e+02
3.515554504394531250e+02
4.703634643554687500e+02
3.160338439941406250e+02
1.970042724609375000e+02
2.949132995605468750e+02
2.128178253173828125e+02
4.339926147460937500e+02
7.310537109375000000e+02
5.903629150390625000e+02
4.625367736816406250e+02
8.237320556640625000e+02
1.470250091552734375e+02
7.994899291992187500e+02
1.112294921875000000e+03
1.310327148437500000e+02
4.231302490234375000e+02
9.175322265625000000e+02
2.143704223632812500e+02
1.067935256958007812e+02
5.258408813476562500e+02
7.825305175781250000e+01
4.387723693847656250e+02
3.038995666503906250e+02
5.153425903320312500e+02
4.022346801757812500e+02
2.952457275390625000e+02
7.183135986328125000e+02
4.132240295410156250e+02
3.083441772460937500e+02
2.541985931396484375e+02
2.871847229003906250e+02
5.903111572265625000e+02
1.956849670410156250e+02
7.215705566406250000e+02
1.412596435546875000e+03
1.802338562011718750e+02
2.477029113769531250e+02
7.546483154296875000e+02
3.372520751953125000e+02
3.025415649414062500e+02
5.162957763671875000e+02
3.263558349609375000e+02
5.939053344726562500e+02
2.995262451171875000e+02
3.266796875000000000e+02
4.091403808593750000e+02
5.561808471679687500e+02
4.530261535644531250e+02
4.097492675781250000e+02
4.341961975097656250e+02
9.263015747070312500e+02
5.673234252929687500e+02
4.674787292480468750e+02
5.714593505859375000e+02
1.724045562744140625e+02
7.420985717773437500e+02
2.701717834472656250e+02
4.371507263183593750e+02
4.876629333496093750e+02
3.409420776367187500e+02
3.686809997558593750e+02
6.441190185546875000e+02
3.393597717285156250e+02
2.816105651855468750e+02
7.226586914062500000e+02
4.404819030761718750e+02
5.449137573242187500e+02
2.884344787597656250e+02
5.646856689453125000e+02
5.227778930664062500e+02
5.596405639648437500e+02
2.330338897705078125e+02
2.889870910644531250e+02
1.263090972900390625e+02
5.729935913085937500e+02
6.459685058593750000e+02
1.570663909912109375e+02
9.406912231445312500e+02
3.749797668457031250e+02
5.672449340820312500e+02
2.366856079101562500e+02
7.272169799804687500e+02
2.142008209228515625e+02
7.793265991210937500e+02
4.702169799804687500e+02
7.605318450927734375e+01
3.739527893066406250e+02
3.545294494628906250e+02
5.045423583984375000e+02
3.924186096191406250e+02
1.907924194335937500e+02
3.129353027343750000e+02
2.819138488769531250e+02
3.471504211425781250e+02
6.440052490234375000e+02
4.989852905273437500e+02
8.258817749023437500e+02
5.100094909667968750e+02
4.288029785156250000e+02
4.494807739257812500e+02
3.475031738281250000e+02
2.394037933349609375e+02
5.714424438476562500e+02
4.759694519042968750e+02
9.247714233398437500e+02
2.187396087646484375e+02
1.822862396240234375e+02
2.683951416015625000e+02
4.379227905273437500e+02
2.447791442871093750e+02
4.938502502441406250e+02
5.108638305664062500e+02
1.289410888671875000e+03
4.976349487304687500e+02
1.839003601074218750e+02
1.817135620117187500e+02
6.603325805664062500e+02
1.841436767578125000e+02
5.342352294921875000e+02
1.960166168212890625e+02
7.127437133789062500e+02
3.222193908691406250e+02
5.774063720703125000e+02
2.193302307128906250e+02
2.713044128417968750e+02
6.981259155273437500e+02
2.264931182861328125e+02
4.435553588867187500e+02
2.224718933105468750e+02
1.623488006591796875e+02
2.372178192138671875e+02
6.096007080078125000e+02
5.093993530273437500e+02
5.346840820312500000e+02
3.960819702148437500e+02
4.803126831054687500e+02
6.252213134765625000e+02
1.318290252685546875e+02
7.438131713867187500e+02
5.923234252929687500e+02
4.246386413574218750e+02
4.783724975585937500e+02
8.885214233398437500e+02
2.321365203857421875e+02
4.334331054687500000e+02
6.510681152343750000e+02
2.741979980468750000e+02
5.046998291015625000e+02
7.450123291015625000e+02
2.915807800292968750e+02
1.724953308105468750e+02
1.802597503662109375e+02
3.092311096191406250e+02
5.132507324218750000e+02
4.552818298339843750e+02
6.426283569335937500e+02
3.216088867187500000e+02
6.571449584960937500e+02
3.460807800292968750e+02
2.184733734130859375e+02
3.034317016601562500e+02
5.544788208007812500e+02
3.719161987304687500e+02
5.806582641601562500e+02
6.004387817382812500e+02
2.714247436523437500e+02
2.565841369628906250e+02
3.461719665527343750e+02
3.744718627929687500e+02
1.898174743652343750e+02
4.850360717773437500e+02
2.984673767089843750e+02
1.444549255371093750e+02
5.039293518066406250e+02
7.893916625976562500e+02
7.793753662109375000e+02
9.319539794921875000e+02
2.591188659667968750e+02
5.802440185546875000e+02
5.419396972656250000e+02
6.392821655273437500e+02
6.690361938476562500e+02
4.761635131835937500e+02
6.123555908203125000e+02
5.682525024414062500e+02
4.679042663574218750e+02
5.650947875976562500e+02
3.621679992675781250e+02
3.057618103027343750e+02
1.934231872558593750e+02
7.715867919921875000e+02
5.906456909179687500e+02
2.643202514648437500e+02
4.555918273925781250e+02
5.592596435546875000e+02
4.997707214355468750e+02
2.442801971435546875e+02
1.507265472412109375e+02
1.805887603759765625e+02
2.581720275878906250e+02
2.624843750000000000e+02
4.181669006347656250e+02
4.299176635742187500e+02
6.192993164062500000e+02
2.721871032714843750e+02
3.602951354980468750e+02
3.572382507324218750e+02
4.997581176757812500e+02
7.810100708007812500e+02
3.841205749511718750e+02
4.306888427734375000e+02
3.090114440917968750e+02
9.901193237304687500e+01
6.049375610351562500e+02
4.240672912597656250e+02
4.852600708007812500e+02
6.937693023681640625e+01
5.057207946777343750e+02
2.502817077636718750e+02
2.940605163574218750e+02
3.438219299316406250e+02
3.789160766601562500e+02
2.132423553466796875e+02
3.810140991210937500e+02
1.994439086914062500e+02
2.569376525878906250e+02
6.525805664062500000e+02
4.072258300781250000e+02
2.071609954833984375e+02
1.756205444335937500e+02
3.651968994140625000e+02
2.211014404296875000e+02
2.222132110595703125e+02
3.866065673828125000e+02
5.747946777343750000e+02
5.752090454101562500e+02
3.931189270019531250e+02
6.488538818359375000e+02
5.957773437500000000e+02
4.489848937988281250e+02
4.493205871582031250e+02
5.624641723632812500e+02
5.811765136718750000e+02
2.275585021972656250e+02
4.714429016113281250e+02
3.337831420898437500e+02
2.636346740722656250e+02
2.986948242187500000e+02
1.702502441406250000e+02
4.366080322265625000e+02
6.921760864257812500e+02
4.353093261718750000e+02
7.156193847656250000e+02
3.038443603515625000e+02
4.132661132812500000e+02
6.832644042968750000e+02
1.524427032470703125e+02
1.186221466064453125e+02
6.679207763671875000e+02
6.389883422851562500e+02
3.817886047363281250e+02
2.603412475585937500e+02
2.580586242675781250e+02
5.130159912109375000e+02
3.944983215332031250e+02
5.019359436035156250e+02
5.053857421875000000e+02
2.662821350097656250e+02
4.658385925292968750e+02
1.440797271728515625e+02
5.672266845703125000e+02
4.427236633300781250e+02
4.062497558593750000e+02
3.793711853027343750e+02
1.590907592773437500e+02
5.551071777343750000e+02
7.772294921875000000e+02
6.710921630859375000e+02
6.491889648437500000e+02
1.021809082031250000e+03
5.041653442382812500e+02
7.807565917968750000e+02
4.107827453613281250e+02
2.622641296386718750e+02
2.097569122314453125e+02
8.319537963867187500e+02
3.867372131347656250e+02
4.327497253417968750e+02
4.074599304199218750e+02
7.496538085937500000e+02
4.827138671875000000e+02
7.318040771484375000e+02
3.602114868164062500e+02
5.390430297851562500e+02
5.078386230468750000e+02
3.574333190917968750e+02
6.814987792968750000e+02
6.120835571289062500e+02
1.972357025146484375e+02
4.440958251953125000e+02
3.070065002441406250e+02
3.990850219726562500e+02
4.823508911132812500e+02
2.210980529785156250e+02
4.361853332519531250e+02
4.570656433105468750e+02
2.298734741210937500e+02
7.116885375976562500e+02
5.702656860351562500e+02
4.540676269531250000e+02
5.502980346679687500e+02
3.915943908691406250e+02
5.176436767578125000e+02
3.012980651855468750e+02
2.038462524414062500e+02
2.057695922851562500e+02
4.381853637695312500e+02
1.968903350830078125e+02
4.982555847167968750e+02
1.272613449096679688e+02
3.639996643066406250e+02
3.316259155273437500e+02
4.786690979003906250e+02
4.718138732910156250e+02
3.642339477539062500e+02
5.589011230468750000e+02
6.291486206054687500e+02
4.352820434570312500e+02
4.853658142089843750e+02
1.586175689697265625e+02
4.032977905273437500e+02
5.354558105468750000e+02
3.684607849121093750e+02
3.367326354980468750e+02
6.191773071289062500e+02
4.644356689453125000e+02
2.913121032714843750e+02
3.617486877441406250e+02
6.710380249023437500e+02
3.088863220214843750e+02
4.180620422363281250e+02
4.304546203613281250e+02
3.518487548828125000e+02
3.272376708984375000e+02
4.993013000488281250e+02
4.059773559570312500e+02
5.819856567382812500e+02
5.404289550781250000e+02
2.990887756347656250e+02
5.744152221679687500e+02
5.993971557617187500e+02
7.940772094726562500e+02
1.562427368164062500e+02
4.281371765136718750e+02
3.914555664062500000e+02
3.296222534179687500e+02
5.474534912109375000e+02
2.132793426513671875e+02
9.958187255859375000e+02
3.951263122558593750e+02
6.490742187500000000e+02
2.592082519531250000e+02
5.213600463867187500e+02
6.790684814453125000e+02
4.304061889648437500e+02
2.475482635498046875e+02
4.429007263183593750e+02
4.062466430664062500e+02
3.013297424316406250e+02
5.201997070312500000e+02
3.121635742187500000e+02
2.798146362304687500e+02
3.938456115722656250e+02
4.041157531738281250e+02
3.754044189453125000e+02
4.436640319824218750e+02
1.740835876464843750e+02
4.369397888183593750e+02
3.650529785156250000e+02
3.777778930664062500e+02
5.047947998046875000e+02
4.288235473632812500e+02
7.323829956054687500e+02
5.040638427734375000e+02
8.115268554687500000e+02
3.446877441406250000e+02
4.263190917968750000e+02
3.036283264160156250e+02
2.005163269042968750e+02
2.416668243408203125e+02
2.827271118164062500e+02
2.909971923828125000e+02
4.580269470214843750e+02
7.776606445312500000e+02
7.197127685546875000e+02
4.878509521484375000e+02
4.958295898437500000e+02
3.380455322265625000e+02
5.139661865234375000e+02
3.574751281738281250e+02
8.166170654296875000e+02
2.636846008300781250e+02
3.775154724121093750e+02
2.068592681884765625e+02
3.498074340820312500e+02
2.486419219970703125e+02
6.763522949218750000e+02
6.232394409179687500e+02
5.198421020507812500e+02
5.326762084960937500e+02
3.449955444335937500e+02
2.494931793212890625e+02
5.174362792968750000e+02
8.418554077148437500e+02
4.718248291015625000e+02
2.560136108398437500e+02
3.547178955078125000e+02
4.096097412109375000e+02
5.782119750976562500e+02
1.637476348876953125e+02
4.716044311523437500e+02
2.861506958007812500e+02
5.955070800781250000e+02
3.322111816406250000e+02
4.759962768554687500e+02
1.078506393432617188e+02
3.990670471191406250e+02
3.948708190917968750e+02
4.310781250000000000e+02
3.637785949707031250e+02
3.333813171386718750e+02
1.803681793212890625e+02
8.013706054687500000e+02
5.446046142578125000e+02
1.759423675537109375e+02
4.189833984375000000e+02
6.713833007812500000e+02
3.793356628417968750e+02
3.267566833496093750e+02
3.230046081542968750e+02
7.027919311523437500e+02
3.631320800781250000e+02
1.484483337402343750e+02
2.642656250000000000e+02
6.328047485351562500e+02
3.222723693847656250e+02
1.414750976562500000e+02
4.062629089355468750e+02
2.236372985839843750e+02
5.051583251953125000e+02
5.806499023437500000e+02
4.640790710449218750e+02
6.172172851562500000e+02
2.429679412841796875e+02
4.104100341796875000e+02
2.505855102539062500e+02
4.604538879394531250e+02
4.960587768554687500e+02
5.632514648437500000e+02
6.419718017578125000e+02
3.571210632324218750e+02
1.065386230468750000e+03
5.291563110351562500e+02
6.901970214843750000e+02
3.851347045898437500e+02
3.752113647460937500e+02
3.905387573242187500e+02
1.735736236572265625e+02
4.618077087402343750e+02
4.945440979003906250e+02
9.023017578125000000e+02
2.956124267578125000e+02
7.818308105468750000e+02
5.881784667968750000e+02
8.976679077148437500e+02
4.337480163574218750e+02
2.858184204101562500e+02
3.471424865722656250e+02
5.583441772460937500e+02
2.808832702636718750e+02
4.465591125488281250e+02
4.955957336425781250e+02
2.865737304687500000e+02
2.539149169921875000e+02
6.121940307617187500e+02
8.998018798828125000e+02
6.128609619140625000e+02
6.766516113281250000e+02
3.997346801757812500e+02
2.655023498535156250e+02
7.769418334960937500e+02
5.480941162109375000e+02
4.914383239746093750e+02
5.484093627929687500e+02
2.604483947753906250e+02
3.296636657714843750e+02
5.611460571289062500e+02
4.796875915527343750e+02
3.090094604492187500e+02
1.381749267578125000e+02
3.322127075195312500e+02
3.472365722656250000e+02
3.955406188964843750e+02
2.724944458007812500e+02
9.054568481445312500e+02
3.643971862792968750e+02
8.808081054687500000e+01
3.330272521972656250e+02
4.079934082031250000e+02
6.116649169921875000e+02
5.109777832031250000e+02
3.645193786621093750e+02
2.493850708007812500e+02
3.191113891601562500e+02
3.153824462890625000e+02
8.608198852539062500e+02
2.166904907226562500e+02
4.625681457519531250e+02
2.362713623046875000e+02
6.739790649414062500e+02
1.823835296630859375e+02
7.826552734375000000e+02
5.334967041015625000e+02
2.763675537109375000e+02
6.917161865234375000e+02
5.766517944335937500e+02
3.703839111328125000e+02
2.925686950683593750e+02
9.164314575195312500e+02
3.400116882324218750e+02
2.693829345703125000e+02
5.427822265625000000e+02
5.299454345703125000e+02
3.149628601074218750e+02
4.231184387207031250e+02
4.474748229980468750e+02
5.095940551757812500e+02
4.002846374511718750e+02
5.301795654296875000e+02
7.688491210937500000e+02
3.213157043457031250e+02
8.071076049804687500e+02
3.064006042480468750e+02
3.957055969238281250e+02
6.831284790039062500e+02
3.976223144531250000e+02
2.494363708496093750e+02
6.549291381835937500e+02
7.225424194335937500e+02
2.178993225097656250e+02
2.854837341308593750e+02
3.192005004882812500e+02
4.965853271484375000e+02
4.363376464843750000e+02
2.764325561523437500e+02
2.951644897460937500e+02
1.197909164428710938e+02
7.690658569335937500e+02
4.709949340820312500e+02
2.256642456054687500e+02
2.471496582031250000e+02
2.442377777099609375e+02
6.042337646484375000e+02
2.702821044921875000e+02
5.608627319335937500e+02
4.466284179687500000e+02
4.853380126953125000e+02
4.763750610351562500e+02
4.114552612304687500e+02
2.419214630126953125e+02
7.396385498046875000e+02
5.153366699218750000e+02
7.607025756835937500e+02
1.119992523193359375e+02
4.330445861816406250e+02
5.218578491210937500e+02
5.317642822265625000e+02
2.769353637695312500e+02
6.791192626953125000e+02
3.586412963867187500e+02
4.583046264648437500e+02
8.448303222656250000e+02
4.637056579589843750e+02
6.205486450195312500e+02
6.735965576171875000e+02
8.045107421875000000e+02
8.493781738281250000e+02
7.173997192382812500e+02
2.774396057128906250e+02
3.758259582519531250e+02
6.744636230468750000e+02
1.745795898437500000e+02
4.706394348144531250e+02
4.238450012207031250e+02
4.998464355468750000e+02
5.711662597656250000e+02
3.113388977050781250e+02
1.199957656860351562e+02
3.472836303710937500e+02
4.416721801757812500e+02
8.775940551757812500e+02
4.302263793945312500e+02
5.280615844726562500e+02
7.397502441406250000e+02
2.666168212890625000e+02
5.604199829101562500e+02
6.985392456054687500e+02
4.376116333007812500e+02
1.706996459960937500e+02
4.337479248046875000e+02
2.988379821777343750e+02
4.287742614746093750e+02
4.059202575683593750e+02
3.050315246582031250e+02
3.671929931640625000e+02
6.751804199218750000e+02
5.228536376953125000e+02
3.689108276367187500e+02
7.349907226562500000e+02
5.408947143554687500e+02
1.881958770751953125e+02
1.349961090087890625e+02
1.489933013916015625e+02
8.457573242187500000e+02
9.230786132812500000e+01
4.607100219726562500e+02
6.329362182617187500e+02
3.639288024902343750e+02
8.389960327148437500e+02
1.310306701660156250e+02
7.120223388671875000e+02
4.847098083496093750e+02
6.275264282226562500e+02
3.126824340820312500e+02
2.126346282958984375e+02
3.548966369628906250e+02
3.153793640136718750e+02
2.810332641601562500e+02
5.654071044921875000e+02
5.067883300781250000e+02
6.381685180664062500e+02
4.789952087402343750e+02
2.073733215332031250e+02
3.643229675292968750e+02
4.879616088867187500e+02
1.645546264648437500e+02
5.735993041992187500e+02
4.372920532226562500e+02
7.968799438476562500e+02
3.899403686523437500e+02
9.228660278320312500e+02
4.110695495605468750e+02
8.807620239257812500e+01
9.843148193359375000e+02
3.329501037597656250e+02
3.533180541992187500e+02
4.295575256347656250e+02
5.589367065429687500e+02
3.325538024902343750e+02
5.105098266601562500e+02
3.878952026367187500e+02
6.185270385742187500e+02
1.374799194335937500e+02
4.826371459960937500e+02
7.377346801757812500e+02
2.213565368652343750e+02
8.216864624023437500e+02
1.935776519775390625e+02
3.980242614746093750e+02
5.267856445312500000e+02
5.442730102539062500e+02
3.382250061035156250e+02
3.962823791503906250e+02
2.143931732177734375e+02
4.865307922363281250e+02
5.356687622070312500e+02
3.652604675292968750e+02
5.019464721679687500e+02
3.248775634765625000e+02
6.866256103515625000e+02
7.992688598632812500e+02
1.646351013183593750e+02
3.163380432128906250e+02
1.244463806152343750e+02
1.651198883056640625e+02
5.094485473632812500e+02
5.021249694824218750e+02
2.527698822021484375e+02
2.850994873046875000e+02
7.071726074218750000e+02
3.377279968261718750e+02
5.930357666015625000e+02
2.636499633789062500e+02
2.244770660400390625e+02
2.868839721679687500e+02
7.099733886718750000e+02
3.630852661132812500e+02
5.677059326171875000e+02
3.331554260253906250e+02
3.341466369628906250e+02
1.254600448608398438e+02
4.871412963867187500e+02
3.517940673828125000e+02
4.797768249511718750e+02
3.253574523925781250e+02
1.017813339233398438e+02
7.419920654296875000e+02
4.036869201660156250e+02
4.195536193847656250e+02
1.326900787353515625e+02
4.706022033691406250e+02
2.307427673339843750e+02
6.398291625976562500e+02
6.000527343750000000e+02
7.399514160156250000e+02
7.385501708984375000e+02
6.152997436523437500e+02
1.859842834472656250e+02
3.754123229980468750e+02
3.570484924316406250e+02
5.155834960937500000e+02
4.741761779785156250e+02
5.589869995117187500e+02
4.331718444824218750e+02
6.362865600585937500e+02
4.265949096679687500e+02
9.567496490478515625e+01
5.647503662109375000e+02
2.694169921875000000e+02
1.245697250366210938e+02
4.100984802246093750e+02
4.957958679199218750e+02
6.139914550781250000e+02
3.025063781738281250e+02
2.422532806396484375e+02
5.869380493164062500e+02
9.031397094726562500e+02
7.832207641601562500e+02
3.289653625488281250e+02
3.011216125488281250e+02
