5.691141357421875000e+02
4.253887329101562500e+02
5.865035400390625000e+02
5.012700195312500000e+02
5.730408935546875000e+02
3.900718688964843750e+02
5.105772705078125000e+02
7.352009277343750000e+02
8.838339233398437500e+02
3.430141296386718750e+02
7.750322875976562500e+02
7.816831665039062500e+02
4.670798950195312500e+02
4.649016113281250000e+02
5.568825073242187500e+02
2.792976989746093750e+02
4.376369934082031250e+02
3.580211791992187500e+02
3.302422485351562500e+02
6.944689941406250000e+02
5.324277343750000000e+02
7.224675292968750000e+02
1.667066192626953125e+02
1.372687683105468750e+02
6.738850708007812500e+02
6.387705078125000000e+02
8.256284179687500000e+02
4.570649719238281250e+01
1.109746398925781250e+02
6.122199707031250000e+02
3.521766662597656250e+02
1.482080230712890625e+02
4.656535034179687500e+02
2.656995849609375000e+02
1.342217712402343750e+02
3.760058898925781250e+02
4.353372192382812500e+02
3.733181457519531250e+02
5.244674072265625000e+02
3.534685363769531250e+02
5.585358276367187500e+02
6.016736450195312500e+02
7.177171630859375000e+02
1.929102630615234375e+02
6.575673217773437500e+02
3.756018981933593750e+02
5.885153198242187500e+02
8.457738647460937500e+02
5.100773010253906250e+02
5.263169555664062500e+02
5.128102416992187500e+02
5.385588989257812500e+02
6.203146362304687500e+02
7.859259033203125000e+02
3.085789489746093750e+02
4.010823364257812500e+02
8.527871093750000000e+02
3.608489379882812500e+02
3.534475708007812500e+02
3.956244812011718750e+02
4.116346435546875000e+02
7.844567871093750000e+02
4.036638793945312500e+02
3.432568359375000000e+02
3.226435546875000000e+02
4.368825683593750000e+02
4.819598693847656250e+02
4.147000427246093750e+02
2.210345458984375000e+02
3.872037353515625000e+02
8.374467773437500000e+02
1.489712982177734375e+02
3.794087829589843750e+02
5.909668579101562500e+02
4.952563171386718750e+02
3.546962585449218750e+02
2.139705047607421875e+02
4.182721862792968750e+02
4.208344726562500000e+02
5.235991210937500000e+02
4.528357849121093750e+02
5.989240112304687500e+02
6.179742431640625000e+02
4.216891174316406250e+02
2.597099304199218750e+02
3.854511413574218750e+02
2.926378784179687500e+02
9.468952026367187500e+02
4.542249755859375000e+02
3.766844482421875000e+02
7.448024902343750000e+02
2.105682678222656250e+02
3.443127136230468750e+02
3.278816223144531250e+02
2.743370666503906250e+02
5.305887451171875000e+02
4.846825561523437500e+02
4.715332031250000000e+02
7.450911254882812500e+02
4.519186096191406250e+02
7.219398803710937500e+02
1.971679840087890625e+02
4.243721618652343750e+02
3.334448852539062500e+02
3.709008483886718750e+02
4.591486206054687500e+02
2.828780212402343750e+02
5.070350646972656250e+02
4.316708984375000000e+02
4.514284667968750000e+02
2.872652587890625000e+02
3.968531188964843750e+02
1.381761016845703125e+02
1.381012573242187500e+03
4.903784484863281250e+02
6.522179565429687500e+02
4.491912231445312500e+02
6.591784667968750000e+02
5.437111206054687500e+02
6.278795166015625000e+02
5.317341918945312500e+02
1.062140502929687500e+03
3.435969543457031250e+02
2.640456848144531250e+02
3.261321411132812500e+02
2.511180572509765625e+02
2.744829406738281250e+02
2.769429321289062500e+02
1.529863891601562500e+02
3.485583190917968750e+02
2.282415924072265625e+02
4.691961669921875000e+02
5.364651489257812500e+02
2.661737670898437500e+02
3.345417175292968750e+02
4.175218200683593750e+02
5.116331481933593750e+02
4.890061950683593750e+02
6.451810913085937500e+02
4.844714355468750000e+02
6.654275512695312500e+02
4.466108398437500000e+02
2.497713165283203125e+02
4.583019409179687500e+02
2.751657409667968750e+02
3.680650939941406250e+02
3.003213500976562500e+02
6.732117309570312500e+02
5.098486938476562500e+02
4.995253601074218750e+02
7.490131225585937500e+02
3.449798583984375000e+02
5.750213012695312500e+02
5.735638427734375000e+02
6.514473266601562500e+02
5.683272705078125000e+02
4.578335266113281250e+02
5.513912353515625000e+02
4.530217590332031250e+02
4.090156555175781250e+02
1.763637695312500000e+02
7.798288574218750000e+02
5.868404541015625000e+02
4.880029602050781250e+02
4.047062683105468750e+02
3.097825317382812500e+02
4.203907165527343750e+02
5.819585571289062500e+02
3.013314514160156250e+02
8.119677734375000000e+02
2.676402893066406250e+02
8.094801025390625000e+02
4.101494750976562500e+02
4.020246276855468750e+02
5.813886108398437500e+02
6.581455230712890625e+01
2.031567993164062500e+02
7.521368408203125000e+02
3.885411376953125000e+02
4.750740051269531250e+02
4.781879577636718750e+02
1.169444458007812500e+03
2.639336547851562500e+02
5.784862060546875000e+02
4.223383483886718750e+02
4.331650085449218750e+02
4.271192016601562500e+02
5.697800903320312500e+02
6.594091186523437500e+02
7.055870971679687500e+02
3.853181457519531250e+02
6.501372070312500000e+02
3.909290771484375000e+02
6.266912231445312500e+02
7.570812988281250000e+02
6.210226440429687500e+02
4.201689147949218750e+02
3.800306396484375000e+02
5.449281616210937500e+02
2.100102386474609375e+02
2.316547851562500000e+02
5.129747924804687500e+02
3.195705566406250000e+02
3.992357482910156250e+02
3.603858642578125000e+02
1.049907104492187500e+03
5.842330932617187500e+02
6.512181396484375000e+02
9.250964965820312500e+02
3.415272216796875000e+02
2.221374969482421875e+02
2.466215820312500000e+02
6.253159179687500000e+02
3.542554321289062500e+02
5.732111816406250000e+02
5.330822753906250000e+02
6.287018432617187500e+02
4.282366943359375000e+02
3.281742248535156250e+02
4.356807250976562500e+02
5.796315917968750000e+02
9.257386016845703125e+01
5.842777099609375000e+02
5.036146240234375000e+02
3.712257690429687500e+02
2.124758605957031250e+02
3.049944152832031250e+02
1.121172561645507812e+02
6.921159057617187500e+02
3.838421020507812500e+02
3.361015319824218750e+02
2.084121093750000000e+02
5.192307739257812500e+02
1.067061401367187500e+03
3.898081970214843750e+02
3.465044860839843750e+02
3.395484619140625000e+02
5.759014892578125000e+02
3.469115295410156250e+02
9.502407836914062500e+02
4.006247253417968750e+02
5.331629638671875000e+02
5.934998779296875000e+02
2.422109375000000000e+02
6.649854736328125000e+02
6.822637939453125000e+02
7.842839965820312500e+02
3.725167846679687500e+02
5.913193359375000000e+02
1.088364501953125000e+03
3.786283569335937500e+02
1.831238250732421875e+02
5.492568359375000000e+02
1.678990631103515625e+02
1.237749267578125000e+03
2.034764709472656250e+02
4.612407226562500000e+02
6.058335571289062500e+02
6.336975097656250000e+02
6.338395996093750000e+02
3.962258911132812500e+02
3.604168701171875000e+02
9.414813842773437500e+02
3.547356872558593750e+02
7.434230957031250000e+02
5.137306518554687500e+02
4.275372009277343750e+02
3.802291870117187500e+02
5.164442749023437500e+02
3.261418151855468750e+02
7.988041992187500000e+02
1.834754333496093750e+02
4.059511413574218750e+02
3.661593627929687500e+02
2.242500457763671875e+02
2.885847778320312500e+02
7.282395019531250000e+02
5.412278442382812500e+02
3.156820983886718750e+02
3.229092407226562500e+02
5.017212829589843750e+02
1.130687744140625000e+03
4.269467773437500000e+02
3.575405578613281250e+02
1.453865203857421875e+02
2.574405517578125000e+02
3.448849182128906250e+02
7.483294677734375000e+02
7.341032104492187500e+02
4.528462219238281250e+02
5.707321777343750000e+02
1.885267028808593750e+02
3.362420043945312500e+02
7.956048583984375000e+02
2.914891662597656250e+02
2.686560668945312500e+02
1.365013732910156250e+02
4.251132812500000000e+02
3.583895263671875000e+02
4.250391540527343750e+02
1.847428131103515625e+02
9.481259155273437500e+02
4.836631164550781250e+02
3.401179809570312500e+02
8.850469970703125000e+02
4.696949157714843750e+02
2.375066375732421875e+02
4.073551940917968750e+02
1.153487426757812500e+03
5.597672729492187500e+02
6.342880859375000000e+02
6.490711669921875000e+02
5.282671508789062500e+02
5.271338500976562500e+02
2.270761108398437500e+02
3.091503906250000000e+02
3.771515808105468750e+02
2.886743164062500000e+02
9.593500976562500000e+02
8.688244018554687500e+02
3.981287536621093750e+02
5.443851928710937500e+02
4.162821350097656250e+02
6.561448974609375000e+02
3.304561157226562500e+02
4.171367492675781250e+02
5.192894287109375000e+02
5.942376708984375000e+02
7.792272186279296875e+01
1.696968383789062500e+02
4.619386596679687500e+02
2.661800537109375000e+02
6.663752441406250000e+02
6.356056518554687500e+02
1.699010620117187500e+02
1.371865081787109375e+02
4.303522949218750000e+02
4.242403869628906250e+02
4.985153503417968750e+02
6.053004150390625000e+02
3.106755981445312500e+02
2.656294860839843750e+02
3.619816589355468750e+02
5.022704162597656250e+02
2.855968627929687500e+02
6.629091796875000000e+02
5.159484863281250000e+02
3.093562622070312500e+02
9.527151489257812500e+02
7.462629394531250000e+02
5.357747192382812500e+02
7.240968627929687500e+02
8.718756713867187500e+02
9.229519042968750000e+02
2.486010589599609375e+02
6.421179809570312500e+02
2.440193176269531250e+02
4.457549743652343750e+02
6.647839355468750000e+02
4.653835144042968750e+02
9.801933593750000000e+02
2.556928558349609375e+02
2.598836669921875000e+02
5.162275390625000000e+02
4.052619934082031250e+02
5.533254394531250000e+02
3.638252868652343750e+02
4.237149658203125000e+02
5.473916015625000000e+02
2.668728332519531250e+02
9.021597290039062500e+02
4.052919616699218750e+02
2.302508239746093750e+02
2.923442382812500000e+02
4.305720825195312500e+02
7.326969604492187500e+02
6.338458251953125000e+02
5.591488647460937500e+02
7.287449340820312500e+02
6.284486083984375000e+02
3.761671142578125000e+02
1.805564270019531250e+02
3.792261352539062500e+02
2.377680053710937500e+02
4.643766174316406250e+02
2.861033935546875000e+02
4.450496520996093750e+02
2.207204284667968750e+02
3.504255371093750000e+02
3.358615417480468750e+02
4.483480224609375000e+02
4.243317565917968750e+02
3.041134643554687500e+02
5.533171997070312500e+02
3.508356628417968750e+02
1.059314086914062500e+03
4.241076049804687500e+02
4.496874694824218750e+02
3.880963745117187500e+02
4.672741394042968750e+02
3.046950683593750000e+02
2.401796417236328125e+02
4.304096679687500000e+02
6.151849975585937500e+02
3.065303039550781250e+02
4.581762084960937500e+02
3.151240539550781250e+02
5.074197387695312500e+02
3.334351501464843750e+02
4.421411743164062500e+02
5.434898681640625000e+02
4.970325622558593750e+02
7.131277465820312500e+02
7.596530151367187500e+02
3.884780578613281250e+02
5.373572998046875000e+02
5.514469604492187500e+02
4.835004272460937500e+02
4.591547851562500000e+02
6.373631591796875000e+02
3.537794189453125000e+02
3.621101989746093750e+02
3.934228820800781250e+02
3.766291198730468750e+02
4.132889404296875000e+02
4.856679077148437500e+02
7.716802978515625000e+02
3.766512451171875000e+02
5.198601074218750000e+02
3.687471923828125000e+02
2.466018218994140625e+02
4.964523620605468750e+02
2.687641906738281250e+02
6.881620483398437500e+02
3.300584106445312500e+02
4.985971069335937500e+02
2.765692749023437500e+02
6.183239746093750000e+02
1.810015563964843750e+02
3.138514099121093750e+02
4.575220336914062500e+02
4.575285644531250000e+02
3.090910644531250000e+02
4.145809020996093750e+02
2.318638153076171875e+02
3.769756164550781250e+02
1.976245117187500000e+02
2.334303283691406250e+02
7.289124145507812500e+02
6.633948974609375000e+02
1.459096069335937500e+02
6.487117919921875000e+02
4.030919494628906250e+02
4.975162658691406250e+02
6.301706542968750000e+02
1.926716003417968750e+02
4.186432189941406250e+02
2.278117980957031250e+02
3.666128234863281250e+02
6.721492919921875000e+02
5.981259155273437500e+02
2.758945617675781250e+02
1.961182708740234375e+02
3.160860595703125000e+02
3.423584899902343750e+02
6.345608520507812500e+02
8.791600952148437500e+02
2.050094451904296875e+02
3.305406188964843750e+02
5.421991577148437500e+02
2.158864746093750000e+02
3.480296630859375000e+02
4.258313293457031250e+02
2.832866821289062500e+02
4.513483581542968750e+02
2.521522369384765625e+02
5.215688476562500000e+02
4.203294372558593750e+02
6.169117431640625000e+02
4.011719360351562500e+02
5.161199340820312500e+02
4.888995971679687500e+02
8.342291259765625000e+02
6.883645629882812500e+02
3.654051513671875000e+02
4.543491821289062500e+02
4.903628845214843750e+02
6.100307617187500000e+02
4.128879089355468750e+02
9.086277465820312500e+02
2.709684753417968750e+02
4.147530822753906250e+02
3.738622436523437500e+02
3.006948852539062500e+02
5.597719726562500000e+02
4.899863586425781250e+02
6.714508666992187500e+02
1.353058471679687500e+03
2.432512207031250000e+02
4.034445190429687500e+02
4.594844055175781250e+02
4.750469360351562500e+02
4.636517028808593750e+02
4.617898864746093750e+02
1.675670166015625000e+02
5.216008911132812500e+02
5.333667602539062500e+02
4.036135559082031250e+02
4.897050476074218750e+02
9.215077514648437500e+02
1.337445220947265625e+02
5.047781677246093750e+02
4.166432495117187500e+02
5.396309814453125000e+02
5.894501953125000000e+02
7.575756225585937500e+02
2.580956115722656250e+02
3.975726013183593750e+02
4.090810241699218750e+02
3.120757141113281250e+02
3.016631164550781250e+02
4.177786254882812500e+02
1.476739044189453125e+02
2.894965515136718750e+02
2.744551391601562500e+02
5.358704223632812500e+02
5.811160888671875000e+02
1.173093505859375000e+03
4.762271423339843750e+02
2.681342468261718750e+02
5.493295288085937500e+02
2.231826477050781250e+02
1.660936126708984375e+02
4.661138305664062500e+02
2.682947082519531250e+02
3.065635070800781250e+02
6.914904022216796875e+01
1.036639282226562500e+03
3.571719360351562500e+02
3.804396362304687500e+02
6.470151367187500000e+02
2.367029266357421875e+02
5.660223388671875000e+02
6.802970123291015625e+01
3.011513671875000000e+02
5.023965759277343750e+02
9.415653076171875000e+02
8.750152587890625000e+02
8.999228515625000000e+02
9.670217285156250000e+02
5.804620361328125000e+02
3.427205810546875000e+02
4.195541076660156250e+02
7.384223022460937500e+02
8.110295410156250000e+02
5.873438110351562500e+02
2.645093688964843750e+02
4.166673889160156250e+02
6.828475341796875000e+02
4.617498168945312500e+02
2.934530334472656250e+02
6.887780151367187500e+02
4.927123107910156250e+02
5.946246948242187500e+02
4.562405395507812500e+02
4.737078552246093750e+02
5.825789794921875000e+02
5.786898193359375000e+02
2.574581604003906250e+02
3.191096496582031250e+02
3.834279174804687500e+02
5.000746459960937500e+02
2.151012268066406250e+02
5.280917968750000000e+02
3.915485534667968750e+02
6.225643310546875000e+02
5.665152587890625000e+02
2.968876647949218750e+02
5.452360839843750000e+02
2.374653472900390625e+02
5.286078491210937500e+02
2.573337402343750000e+02
7.874006958007812500e+02
4.153847045898437500e+02
5.114580383300781250e+02
3.979771118164062500e+02
1.023027954101562500e+03
5.465042114257812500e+02
6.251975097656250000e+02
2.309763641357421875e+02
4.210623779296875000e+02
1.614091796875000000e+02
4.003739013671875000e+02
6.356540527343750000e+02
3.455067749023437500e+02
3.679406433105468750e+02
3.652227783203125000e+02
2.283166809082031250e+02
7.611437377929687500e+02
1.843652191162109375e+02
4.984541320800781250e+02
5.136408081054687500e+02
2.275270996093750000e+02
3.016720581054687500e+02
3.234445495605468750e+02
4.529061279296875000e+02
2.786529541015625000e+02
1.580326995849609375e+02
4.741197509765625000e+02
6.754863281250000000e+02
5.046120910644531250e+02
4.618956909179687500e+02
4.855112609863281250e+02
1.637019195556640625e+02
2.772932128906250000e+02
3.337393188476562500e+02
6.875094604492187500e+02
3.876181335449218750e+02
3.492847290039062500e+02
6.852180786132812500e+02
4.536785278320312500e+02
2.724407958984375000e+02
5.063552856445312500e+02
2.817795104980468750e+02
4.340138854980468750e+02
2.627566223144531250e+02
4.593399658203125000e+02
2.715261840820312500e+02
6.259705200195312500e+02
1.643022766113281250e+02
3.619726562500000000e+02
7.220537719726562500e+02
5.886616210937500000e+02
4.950957336425781250e+02
7.950524291992187500e+02
5.236666870117187500e+02
2.890330200195312500e+02
3.792940368652343750e+02
8.101387939453125000e+02
6.580524291992187500e+02
5.063258361816406250e+02
2.163409271240234375e+02
4.624874877929687500e+02
3.179061584472656250e+02
2.426438903808593750e+02
3.645801391601562500e+02
5.832443237304687500e+02
3.723181762695312500e+02
2.849440002441406250e+02
6.311695556640625000e+02
2.035057830810546875e+02
4.692239685058593750e+02
3.298574218750000000e+02
6.167604370117187500e+02
2.352797241210937500e+02
5.389114379882812500e+02
2.937861938476562500e+02
7.827689819335937500e+02
6.087771606445312500e+02
9.217880249023437500e+01
6.866619873046875000e+02
3.370342712402343750e+02
4.816512756347656250e+02
5.248729248046875000e+02
8.409766845703125000e+02
3.850347900390625000e+02
5.867687377929687500e+02
6.146661376953125000e+02
4.055713500976562500e+02
4.897698669433593750e+02
6.123383789062500000e+02
9.355363159179687500e+02
4.578362731933593750e+02
2.193469390869140625e+02
3.343015136718750000e+02
3.655090332031250000e+02
2.670703125000000000e+02
5.582944335937500000e+02
5.157046508789062500e+02
5.353043823242187500e+02
5.303544311523437500e+02
6.827979125976562500e+02
1.020748214721679688e+02
3.970136413574218750e+02
2.346351928710937500e+02
5.226032104492187500e+02
5.504267578125000000e+02
5.844273071289062500e+02
1.719753723144531250e+02
4.128574523925781250e+02
5.009675292968750000e+02
4.552471313476562500e+02
3.808386840820312500e+02
4.748616333007812500e+02
4.391063842773437500e+02
6.217720336914062500e+02
3.863106689453125000e+02
4.375274047851562500e+02
6.603522949218750000e+02
7.856508789062500000e+02
5.755316772460937500e+02
9.712542724609375000e+01
7.337388305664062500e+02
3.605433349609375000e+02
2.384790802001953125e+02
5.274682006835937500e+02
3.585234069824218750e+02
2.929393615722656250e+02
3.634101257324218750e+02
3.387095336914062500e+02
5.202227172851562500e+02
4.489495849609375000e+02
4.086545104980468750e+02
4.981040344238281250e+02
5.025804138183593750e+02
4.389258117675781250e+02
3.872586975097656250e+02
2.067658691406250000e+02
3.358333129882812500e+02
4.183024291992187500e+02
4.535405578613281250e+02
6.454609985351562500e+02
2.930553588867187500e+02
6.332609863281250000e+02
4.282230834960937500e+02
2.506415863037109375e+02
1.961140899658203125e+02
4.871929626464843750e+02
3.173395385742187500e+02
7.513464355468750000e+02
2.989129638671875000e+02
3.161358642578125000e+02
5.538115844726562500e+02
2.511845703125000000e+02
3.451766052246093750e+02
4.618610229492187500e+02
4.715875549316406250e+02
6.156119384765625000e+02
6.119462890625000000e+02
3.096140136718750000e+02
3.419557800292968750e+02
8.826198120117187500e+02
7.504797363281250000e+02
3.384333190917968750e+02
6.796682739257812500e+02
5.343959350585937500e+02
6.378276977539062500e+02
5.532377929687500000e+02
2.647097167968750000e+02
1.681506195068359375e+02
4.450982360839843750e+02
5.760644531250000000e+02
5.487800903320312500e+02
3.761490783691406250e+02
1.546911621093750000e+02
2.317999877929687500e+02
5.857326049804687500e+02
3.369815063476562500e+02
2.499943695068359375e+02
2.168137359619140625e+02
4.286906433105468750e+02
2.827143859863281250e+02
2.223732910156250000e+02
4.304611206054687500e+02
2.284051513671875000e+02
4.396031799316406250e+02
3.151911010742187500e+02
4.121230163574218750e+02
5.281681518554687500e+02
7.512061157226562500e+02
3.072210998535156250e+02
2.228999938964843750e+02
5.270646972656250000e+02
4.153744201660156250e+02
1.988590087890625000e+02
4.151403198242187500e+02
2.883334350585937500e+02
5.474164428710937500e+02
6.037877807617187500e+02
4.473762817382812500e+02
5.686858520507812500e+02
1.641058349609375000e+02
3.725012512207031250e+02
6.495422363281250000e+02
3.285660705566406250e+02
5.652600097656250000e+02
2.827366027832031250e+02
3.534262084960937500e+02
5.579483642578125000e+02
6.900148925781250000e+02
6.755957794189453125e+01
5.340639648437500000e+02
3.049373779296875000e+02
3.871784057617187500e+02
4.344783630371093750e+02
3.279790344238281250e+02
1.297241821289062500e+02
6.477891235351562500e+02
4.468273010253906250e+02
3.712217712402343750e+02
1.962664489746093750e+02
2.054516906738281250e+02
5.433520507812500000e+02
3.168302917480468750e+02
5.704216918945312500e+02
1.041798782348632812e+02
3.177444458007812500e+02
4.404265747070312500e+02
6.678345947265625000e+02
3.279064636230468750e+02
7.705572509765625000e+02
4.666473388671875000e+02
6.946949462890625000e+02
3.367392883300781250e+02
3.966707153320312500e+02
8.324068603515625000e+02
9.812557983398437500e+02
6.174807739257812500e+02
2.871893005371093750e+02
2.895796813964843750e+02
1.297188110351562500e+03
4.029458007812500000e+02
5.843777465820312500e+02
4.800618591308593750e+02
3.806405334472656250e+02
3.604927673339843750e+02
7.978862304687500000e+02
5.771274414062500000e+02
6.411334228515625000e+02
3.183330078125000000e+02
5.719534912109375000e+02
4.272836608886718750e+02
3.441415710449218750e+02
8.077296752929687500e+02
1.988517303466796875e+02
7.572081298828125000e+02
4.357672424316406250e+02
6.384144287109375000e+02
4.796504821777343750e+02
1.119822998046875000e+03
2.962687988281250000e+02
1.130176757812500000e+03
5.202321166992187500e+02
1.900966186523437500e+02
2.560925598144531250e+02
5.015540466308593750e+02
5.076216430664062500e+02
9.314218139648437500e+02
4.712916259765625000e+02
5.712683715820312500e+02
6.597618408203125000e+02
3.797168579101562500e+02
3.178834533691406250e+02
2.079908294677734375e+02
3.758551635742187500e+02
9.079527587890625000e+02
3.198507995605468750e+02
5.118872375488281250e+02
7.163466186523437500e+02
3.878804626464843750e+02
3.251365661621093750e+02
2.323591003417968750e+02
4.418546752929687500e+02
4.621129150390625000e+02
5.102879028320312500e+02
4.401097412109375000e+02
1.696730499267578125e+02
3.824166564941406250e+02
2.722217102050781250e+02
6.383430175781250000e+02
4.834858703613281250e+02
2.672205200195312500e+02
4.481590881347656250e+02
4.270250549316406250e+02
4.189374084472656250e+02
3.786580200195312500e+02
2.233990631103515625e+02
5.479704589843750000e+02
3.961145019531250000e+02
2.446511535644531250e+02
1.807821960449218750e+02
5.719522705078125000e+02
6.832262573242187500e+02
5.034271850585937500e+02
3.676059875488281250e+02
1.173844833374023438e+02
4.425647888183593750e+02
4.404661560058593750e+02
7.459107055664062500e+02
2.005946807861328125e+02
6.668585815429687500e+02
4.902215576171875000e+02
6.546707763671875000e+02
4.919620361328125000e+02
4.064043579101562500e+02
8.243256225585937500e+02
3.009741821289062500e+02
3.414833374023437500e+02
5.224354248046875000e+02
3.826823425292968750e+02
2.040648498535156250e+02
2.283929138183593750e+02
2.702629394531250000e+02
4.537756958007812500e+02
5.469301147460937500e+02
3.095917358398437500e+02
7.631760864257812500e+02
3.109279785156250000e+02
3.706352539062500000e+02
5.175584106445312500e+02
2.329343414306640625e+02
3.130089111328125000e+02
4.225787048339843750e+02
3.480031433105468750e+02
5.076864318847656250e+02
3.957499389648437500e+02
4.968991394042968750e+02
3.594046020507812500e+02
3.587124023437500000e+02
5.903052978515625000e+02
2.758557434082031250e+02
5.538120117187500000e+02
5.909609985351562500e+02
3.534393920898437500e+02
5.178696289062500000e+02
6.243783569335937500e+02
3.668828430175781250e+02
4.022244873046875000e+02
6.784520263671875000e+02
4.364560546875000000e+02
7.983092041015625000e+02
5.010122375488281250e+02
2.225525817871093750e+02
6.307453613281250000e+02
7.983482055664062500e+02
6.169457397460937500e+02
6.766149902343750000e+01
1.289643096923828125e+02
3.860288085937500000e+02
9.169787597656250000e+02
5.692538452148437500e+02
4.233508300781250000e+02
4.220138244628906250e+02
5.390017700195312500e+02
3.711536560058593750e+02
1.109923583984375000e+03
5.803831787109375000e+02
6.192894287109375000e+02
2.590490417480468750e+02
7.850684814453125000e+02
1.815845031738281250e+02
5.170206909179687500e+02
4.194768981933593750e+02
4.629992370605468750e+02
7.026898803710937500e+02
1.054521240234375000e+03
4.259132690429687500e+02
3.617135925292968750e+02
4.219594726562500000e+02
3.028415527343750000e+02
3.626091308593750000e+02
6.291604614257812500e+02
3.214600830078125000e+02
1.475469665527343750e+02
5.909523315429687500e+02
3.816345825195312500e+02
2.584469604492187500e+02
7.012249145507812500e+02
7.923339233398437500e+02
2.947540893554687500e+02
4.367992248535156250e+02
3.315528259277343750e+02
6.624650878906250000e+02
5.106661682128906250e+02
4.032770690917968750e+02
3.560593261718750000e+02
3.960750122070312500e+02
2.896962585449218750e+02
2.168333892822265625e+02
4.100463256835937500e+02
6.432493896484375000e+02
6.468213500976562500e+02
2.836300048828125000e+02
5.801934814453125000e+02
1.741389007568359375e+02
2.869584350585937500e+02
8.836710815429687500e+02
5.996745605468750000e+02
3.090723876953125000e+02
3.770391540527343750e+02
4.120906372070312500e+02
5.558142700195312500e+02
1.151138793945312500e+03
3.561499938964843750e+02
4.971014709472656250e+02
2.455223999023437500e+02
1.796352081298828125e+02
3.719761962890625000e+02
6.836732177734375000e+02
2.483600311279296875e+02
4.233426818847656250e+02
7.484857788085937500e+02
3.790369873046875000e+02
6.447459411621093750e+01
4.346585083007812500e+02
4.425791015625000000e+02
4.810638122558593750e+02
5.882078552246093750e+01
3.280896606445312500e+02
8.103571777343750000e+02
9.385181274414062500e+02
6.562439575195312500e+02
4.297659301757812500e+02
2.735445556640625000e+02
6.505654296875000000e+02
7.081821289062500000e+02
2.413733825683593750e+02
4.591880798339843750e+02
7.450406494140625000e+02
5.135690307617187500e+02
5.371187744140625000e+02
3.766004638671875000e+02
1.100883178710937500e+02
5.608681030273437500e+02
1.462755889892578125e+02
3.940623474121093750e+02
5.333102416992187500e+02
2.346016082763671875e+02
7.224611206054687500e+02
3.581863708496093750e+02
5.638868408203125000e+02
2.690326843261718750e+02
5.398894653320312500e+02
8.042905273437500000e+02
4.545568847656250000e+02
2.290025939941406250e+02
4.339396057128906250e+02
3.568197631835937500e+02
5.031937866210937500e+02
3.734035644531250000e+02
5.775278930664062500e+02
2.579544372558593750e+02
5.627165527343750000e+02
4.770591125488281250e+02
5.931527099609375000e+02
3.808392944335937500e+02
6.577026367187500000e+02
5.269812622070312500e+02
4.028204956054687500e+02
3.584241027832031250e+02
8.590783691406250000e+02
3.956239929199218750e+02
3.265366210937500000e+02
2.292010345458984375e+02
7.280584716796875000e+02
7.183566284179687500e+02
1.850297546386718750e+02
2.658538208007812500e+02
3.060567016601562500e+02
2.725130310058593750e+02
4.521588745117187500e+02
2.739233703613281250e+02
4.556899719238281250e+02
2.936384582519531250e+02
3.458135986328125000e+02
9.942355957031250000e+02
6.445922851562500000e+02
4.505311889648437500e+02
9.986398315429687500e+02
4.829343566894531250e+02
7.553087158203125000e+02
6.346698608398437500e+02
7.155900878906250000e+02
7.242182006835937500e+02
6.934783325195312500e+02
3.376913070678710938e+01
1.722212829589843750e+02
3.238267822265625000e+02
3.467212829589843750e+02
3.933702392578125000e+02
6.156099243164062500e+02
3.657551879882812500e+02
5.878734741210937500e+02
5.550094604492187500e+02
4.314866333007812500e+02
1.536987762451171875e+02
2.636542968750000000e+02
6.727111816406250000e+02
8.648928222656250000e+02
3.482170410156250000e+02
2.012472076416015625e+02
5.744484863281250000e+02
4.864665222167968750e+02
8.738541870117187500e+02
9.138923950195312500e+02
3.335412597656250000e+02
5.057935180664062500e+02
4.769405822753906250e+02
1.592704620361328125e+02
3.324962768554687500e+02
3.156914062500000000e+02
4.771273498535156250e+02
5.777385864257812500e+02
4.403716735839843750e+02
5.128176879882812500e+02
2.856801757812500000e+02
2.624507141113281250e+02
2.595834045410156250e+02
1.003091674804687500e+03
6.511573486328125000e+02
3.144325561523437500e+02
6.221895141601562500e+02
6.903501586914062500e+02
4.515303039550781250e+02
2.008487854003906250e+02
1.909990234375000000e+02
9.952641601562500000e+02
8.861947021484375000e+02
4.687961425781250000e+02
3.585046691894531250e+02
2.966280822753906250e+02
4.315946960449218750e+02
2.039281311035156250e+02
4.254940185546875000e+02
5.191823120117187500e+02
8.638925170898437500e+02
3.602111511230468750e+02
1.008865295410156250e+03
6.585630798339843750e+01
4.071408386230468750e+02
6.556022949218750000e+02
7.068577270507812500e+02
5.388627319335937500e+02
3.336085510253906250e+02
6.346537475585937500e+02
3.308662719726562500e+02
6.669057617187500000e+02
4.701953430175781250e+02
2.162948303222656250e+02
4.182350769042968750e+02
4.880000305175781250e+02
4.065682983398437500e+02
6.235692749023437500e+02
1.662689208984375000e+02
2.732710571289062500e+02
1.847548675537109375e+02
5.769893188476562500e+02
6.125490722656250000e+02
7.990755004882812500e+02
5.947720947265625000e+02
5.057752075195312500e+02
1.278545166015625000e+03
3.046494445800781250e+02
8.181337280273437500e+02
5.457866210937500000e+02
2.677691955566406250e+02
2.211196441650390625e+02
4.949603576660156250e+02
4.093822631835937500e+02
5.166359252929687500e+02
5.724856567382812500e+02
5.176780395507812500e+02
3.250518798828125000e+02
9.438626098632812500e+02
1.930190887451171875e+02
4.266111450195312500e+02
3.873959655761718750e+02
6.889104614257812500e+02
4.752260742187500000e+02
9.063580322265625000e+02
2.750237121582031250e+02
8.688300781250000000e+02
8.135615844726562500e+02
2.932373046875000000e+02
7.837149658203125000e+02
4.966962280273437500e+02
7.422821655273437500e+02
7.049344482421875000e+02
3.129459838867187500e+02
4.564136047363281250e+02
6.797082519531250000e+02
3.999479980468750000e+02
7.046611938476562500e+02
7.222165527343750000e+02
3.872737731933593750e+02
5.572755126953125000e+02
6.525116577148437500e+02
3.298285522460937500e+02
4.336047668457031250e+02
4.078107604980468750e+02
2.646826477050781250e+02
2.372347564697265625e+02
4.697251892089843750e+02
9.998534393310546875e+01
4.842987670898437500e+02
1.063360595703125000e+03
4.500060729980468750e+02
3.873808593750000000e+02
4.044078674316406250e+02
2.841482543945312500e+02
4.842455444335937500e+02
3.884382934570312500e+02
5.335682373046875000e+02
6.636744995117187500e+02
3.406612243652343750e+02
7.648471679687500000e+02
4.892262268066406250e+02
8.925132446289062500e+02
4.360946044921875000e+02
3.819086914062500000e+02
5.472451782226562500e+02
4.056992797851562500e+02
3.497494201660156250e+02
8.064778442382812500e+02
2.602171630859375000e+02
3.027830200195312500e+02
3.852882690429687500e+02
4.356878967285156250e+02
7.390440673828125000e+02
4.950687866210937500e+02
4.159809265136718750e+02
2.255195007324218750e+02
3.258860168457031250e+02
3.763514404296875000e+02
2.603612670898437500e+02
4.609827880859375000e+02
7.346017456054687500e+02
3.675125427246093750e+02
7.242044067382812500e+02
5.966276855468750000e+02
4.443755798339843750e+02
4.530228881835937500e+02
5.415168457031250000e+02
3.986727905273437500e+02
6.217630004882812500e+02
3.616254882812500000e+02
8.118567504882812500e+02
1.329863433837890625e+02
4.541997680664062500e+02
5.201519775390625000e+02
5.067773437500000000e+02
1.326063690185546875e+02
4.081694946289062500e+02
5.497901000976562500e+02
5.224238891601562500e+02
7.169577026367187500e+02
5.444191284179687500e+02
4.165207214355468750e+02
9.977031860351562500e+02
4.623341369628906250e+02
4.380481872558593750e+02
9.887606811523437500e+02
2.241798095703125000e+02
3.657594299316406250e+02
1.586853485107421875e+02
8.012623901367187500e+02
4.773203735351562500e+02
3.091817932128906250e+02
3.469616088867187500e+02
3.808403015136718750e+02
1.400913848876953125e+02
5.330733642578125000e+02
3.932026062011718750e+02
5.988928222656250000e+02
3.133850097656250000e+02
2.872383728027343750e+02
3.650281372070312500e+02
4.960516357421875000e+02
4.358297729492187500e+02
3.748585510253906250e+02
8.646132812500000000e+02
7.422576904296875000e+02
5.435623168945312500e+02
5.084877014160156250e+02
1.470946960449218750e+02
3.777528381347656250e+02
2.781338500976562500e+02
6.853742675781250000e+02
5.408308715820312500e+02
1.547078552246093750e+02
7.519224853515625000e+02
2.861187438964843750e+02
3.527180480957031250e+02
4.439638671875000000e+02
9.107105102539062500e+02
5.623684082031250000e+02
1.967876739501953125e+02
4.836088562011718750e+02
8.248222656250000000e+02
5.666188964843750000e+02
1.895711517333984375e+02
4.362569580078125000e+02
3.039660644531250000e+02
3.271630554199218750e+02
1.309279479980468750e+02
5.374675903320312500e+02
6.261278076171875000e+02
1.670155792236328125e+02
6.629981689453125000e+02
1.815600738525390625e+02
3.055954589843750000e+02
2.339427490234375000e+02
2.517507324218750000e+02
5.959747924804687500e+02
3.688088073730468750e+02
1.853559112548828125e+02
3.304712219238281250e+02
2.132435760498046875e+02
8.914299316406250000e+02
3.838176574707031250e+02
3.503242187500000000e+02
3.144238586425781250e+02
2.461399536132812500e+02
5.757283935546875000e+02
3.016744995117187500e+02
6.365026855468750000e+02
6.157998657226562500e+02
4.250183105468750000e+02
1.497924652099609375e+02
3.518273315429687500e+02
5.127074584960937500e+02
6.139386596679687500e+02
4.270382995605468750e+02
4.624043273925781250e+02
7.252426147460937500e+02
6.052893676757812500e+02
6.912738037109375000e+02
1.286604003906250000e+02
1.832097473144531250e+02
3.020913391113281250e+02
4.812627868652343750e+02
5.026068725585937500e+02
4.956983337402343750e+02
6.615546875000000000e+02
1.179089965820312500e+02
4.905253906250000000e+02
5.220405273437500000e+02
4.007362365722656250e+02
3.678337707519531250e+02
1.363894042968750000e+03
2.523003845214843750e+02
4.499956054687500000e+02
5.015313110351562500e+02
1.014824951171875000e+03
5.109374389648437500e+02
1.118549194335937500e+02
2.108960876464843750e+02
4.052992858886718750e+02
1.225084457397460938e+02
5.071776428222656250e+02
3.187011108398437500e+02
2.222891235351562500e+02
3.887471313476562500e+02
1.690785980224609375e+02
3.666884460449218750e+02
8.481377563476562500e+02
4.976066894531250000e+02
6.546188964843750000e+02
5.840307617187500000e+02
5.659185180664062500e+02
4.093008422851562500e+02
5.122051391601562500e+02
1.929530029296875000e+02
2.641203308105468750e+02
3.580966186523437500e+02
7.622056274414062500e+02
3.822247314453125000e+02
8.616964111328125000e+02
3.112108154296875000e+02
2.466412658691406250e+02
7.197777709960937500e+02
2.014412841796875000e+02
3.284357910156250000e+02
3.093582763671875000e+02
5.560332031250000000e+02
1.456140899658203125e+02
3.136343688964843750e+02
1.388574981689453125e+02
2.849795227050781250e+02
1.546342926025390625e+02
5.645079956054687500e+02
9.557217407226562500e+01
6.132754516601562500e+02
2.228424072265625000e+02
3.609131469726562500e+02
5.077743225097656250e+02
1.414345550537109375e+02
3.472115173339843750e+02
4.482221374511718750e+02
2.921534729003906250e+02
1.797280731201171875e+02
5.681864624023437500e+02
7.839316558837890625e+01
4.357559204101562500e+02
3.496875000000000000e+02
8.977139892578125000e+02
7.439017333984375000e+02
2.551481628417968750e+02
3.512006835937500000e+02
4.652215881347656250e+02
4.618852844238281250e+02
1.657832031250000000e+02
4.666238708496093750e+02
6.490915527343750000e+02
5.270142822265625000e+02
3.401708679199218750e+02
6.927772827148437500e+02
2.189910278320312500e+02
3.635848693847656250e+02
3.162511291503906250e+02
5.057801513671875000e+02
3.778363037109375000e+02
7.382918701171875000e+02
7.657008056640625000e+02
7.438776855468750000e+02
2.630086364746093750e+02
2.227460784912109375e+02
5.263052368164062500e+02
1.636723785400390625e+02
5.132387695312500000e+02
4.961942138671875000e+02
1.239902420043945312e+02
5.671934204101562500e+02
2.522238922119140625e+02
3.996061401367187500e+02
8.358977661132812500e+02
2.680316772460937500e+02
4.046899108886718750e+02
5.642542724609375000e+02
5.593744506835937500e+02
1.870710144042968750e+02
1.635544891357421875e+02
3.206985473632812500e+02
3.243421936035156250e+02
4.320802001953125000e+02
3.590045166015625000e+02
1.727808685302734375e+02
3.050385131835937500e+02
5.488003540039062500e+02
3.558536987304687500e+02
3.494711608886718750e+02
3.581184997558593750e+02
1.939797210693359375e+02
3.484552917480468750e+02
6.287271118164062500e+02
8.468385620117187500e+02
4.776125183105468750e+02
3.913505554199218750e+02
4.923018493652343750e+02
6.770217895507812500e+02
3.582890014648437500e+02
2.297445983886718750e+02
4.080517578125000000e+02
6.647639770507812500e+02
4.687454528808593750e+02
5.810711669921875000e+02
7.675582275390625000e+02
8.973118896484375000e+02
3.450861816406250000e+02
6.013015136718750000e+02
2.991268005371093750e+02
4.779339599609375000e+02
7.636409301757812500e+02
2.428986511230468750e+02
6.487470703125000000e+02
5.278346557617187500e+02
2.460051574707031250e+02
4.290367431640625000e+02
5.740881958007812500e+02
3.755395812988281250e+02
2.715655517578125000e+02
4.599148864746093750e+02
3.316683349609375000e+02
9.449479980468750000e+02
3.562713317871093750e+02
1.596741790771484375e+02
2.608515625000000000e+02
1.102846435546875000e+03
4.477296142578125000e+02
6.489755859375000000e+02
2.333219604492187500e+02
2.967880249023437500e+02
7.704978027343750000e+02
6.936755981445312500e+02
3.179139404296875000e+02
3.555397338867187500e+02
5.507810668945312500e+02
3.072838745117187500e+02
5.437062377929687500e+02
6.975773925781250000e+02
4.421137084960937500e+02
3.560391845703125000e+02
4.909047241210937500e+02
6.175182495117187500e+02
3.433276977539062500e+02
5.908845825195312500e+02
2.775585632324218750e+02
3.203164367675781250e+02
3.278427124023437500e+02
6.064671020507812500e+02
4.570444335937500000e+02
4.891155700683593750e+02
2.678435974121093750e+02
4.118169250488281250e+02
3.411495666503906250e+02
3.449109802246093750e+02
4.025391006469726562e+01
2.862934875488281250e+02
5.174506835937500000e+02
5.411094360351562500e+02
4.065361938476562500e+02
7.521431274414062500e+02
6.290601196289062500e+02
5.463432006835937500e+02
3.765588989257812500e+02
2.034669799804687500e+02
4.104956665039062500e+02
4.856119384765625000e+02
4.615993652343750000e+02
4.044807739257812500e+02
4.152792663574218750e+02
4.243331298828125000e+02
5.277467041015625000e+02
4.443411254882812500e+02
2.473408508300781250e+02
6.067974853515625000e+02
3.871066894531250000e+02
4.203211059570312500e+02
3.492719421386718750e+02
4.341310424804687500e+02
4.556381530761718750e+02
7.752962646484375000e+02
3.773735427856445312e+01
9.990882873535156250e+01
2.239837341308593750e+02
4.643657226562500000e+02
3.790643615722656250e+02
4.208747253417968750e+02
2.966587829589843750e+02
3.500807800292968750e+02
6.766101074218750000e+02
4.215374450683593750e+02
5.891678466796875000e+02
4.618943481445312500e+02
5.068639221191406250e+02
6.174244384765625000e+02
5.226838378906250000e+02
6.121262817382812500e+02
7.253261718750000000e+02
4.017464904785156250e+02
4.572377929687500000e+02
8.678211975097656250e+01
6.459093627929687500e+02
3.051687927246093750e+02
2.087044372558593750e+02
6.940634155273437500e+02
6.791157836914062500e+02
4.157570495605468750e+02
6.006533203125000000e+02
6.237647705078125000e+02
1.357599334716796875e+02
1.535486297607421875e+02
6.175626220703125000e+02
7.306685180664062500e+02
2.779334716796875000e+02
3.360069274902343750e+02
2.651062622070312500e+02
6.259606323242187500e+02
3.580872192382812500e+02
4.634739990234375000e+02
3.215943298339843750e+02
1.757922210693359375e+02
3.155707397460937500e+02
6.081796264648437500e+02
4.934653930664062500e+02
2.269191284179687500e+02
7.089153442382812500e+02
1.769200286865234375e+02
7.271827392578125000e+02
5.458380737304687500e+02
5.048929138183593750e+02
3.681441345214843750e+02
2.446038055419921875e+02
4.399537048339843750e+02
4.897035217285156250e+02
5.139652099609375000e+02
2.089039764404296875e+02
5.015448303222656250e+02
2.231673431396484375e+02
5.501689453125000000e+02
2.508235473632812500e+02
8.731634521484375000e+02
4.129190368652343750e+02
6.095117797851562500e+02
5.978098144531250000e+02
5.682230224609375000e+02
2.452962188720703125e+02
6.153560791015625000e+02
4.732595825195312500e+02
4.733481750488281250e+02
7.231994628906250000e+02
5.593715209960937500e+02
2.481313018798828125e+02
1.809604187011718750e+02
2.482648010253906250e+02
6.753617553710937500e+02
2.557370300292968750e+02
5.040682983398437500e+02
9.542418823242187500e+02
4.522095642089843750e+02
4.714193115234375000e+02
3.120035095214843750e+02
6.644401245117187500e+02
2.751938476562500000e+02
3.744960327148437500e+02
6.674639282226562500e+02
1.636424713134765625e+02
4.472330627441406250e+02
2.503585815429687500e+02
1.028609619140625000e+03
3.719290161132812500e+02
4.470067443847656250e+02
5.922236938476562500e+02
3.143186645507812500e+02
4.833194274902343750e+02
4.398703613281250000e+02
8.025926513671875000e+02
3.183443298339843750e+02
9.666716308593750000e+02
6.522005615234375000e+02
1.055196777343750000e+03
2.281335144042968750e+02
4.690970764160156250e+02
5.035020751953125000e+02
3.115973815917968750e+02
3.037664184570312500e+02
3.445657348632812500e+02
7.559714355468750000e+02
6.445480346679687500e+02
3.959711608886718750e+02
2.405294036865234375e+02
8.107329101562500000e+02
3.691331481933593750e+02
4.646603088378906250e+02
6.521144409179687500e+02
3.299883117675781250e+02
2.051287841796875000e+02
6.076889648437500000e+02
3.369222106933593750e+02
3.662880859375000000e+02
7.041555175781250000e+02
5.052174377441406250e+02
2.974641723632812500e+02
4.546310729980468750e+02
3.645927429199218750e+02
5.760108032226562500e+02
1.923967895507812500e+02
4.334520874023437500e+02
1.083068237304687500e+03
3.640220336914062500e+02
6.580028686523437500e+02
6.081224975585937500e+02
1.960968933105468750e+02
2.344714508056640625e+02
9.679712524414062500e+02
5.464959716796875000e+02
4.250302734375000000e+02
4.706287841796875000e+02
4.879508361816406250e+02
4.802542724609375000e+02
1.349804992675781250e+02
5.566961059570312500e+02
2.721886901855468750e+02
6.173402099609375000e+02
3.333814392089843750e+02
2.430553436279296875e+02
4.090658264160156250e+02
1.114707397460937500e+03
1.198676223754882812e+02
3.124543762207031250e+02
8.943499145507812500e+02
4.469940795898437500e+02
3.867498474121093750e+02
4.251991882324218750e+02
5.513253784179687500e+02
4.306971740722656250e+02
1.703433227539062500e+02
4.680390014648437500e+02
7.274608764648437500e+02
5.955397949218750000e+02
5.471989746093750000e+02
3.283017883300781250e+02
4.819827880859375000e+02
4.719985351562500000e+02
9.185208740234375000e+02
2.239482421875000000e+02
4.381900939941406250e+02
1.268408813476562500e+02
5.390980834960937500e+02
5.378187255859375000e+02
6.322589721679687500e+02
5.330979003906250000e+02
4.220602416992187500e+02
4.552822875976562500e+02
1.754753875732421875e+02
5.386808471679687500e+02
2.812582702636718750e+02
8.951332397460937500e+02
4.960053405761718750e+02
2.203544006347656250e+02
6.107463378906250000e+02
3.328402099609375000e+02
6.527505493164062500e+02
1.682814483642578125e+02
1.260958938598632812e+02
4.722218627929687500e+02
4.946611328125000000e+02
4.735429382324218750e+02
5.655607910156250000e+02
9.274230957031250000e+02
4.697302856445312500e+02
2.170884246826171875e+02
3.690309448242187500e+02
1.782288055419921875e+02
3.478826293945312500e+02
1.267438354492187500e+02
3.422224731445312500e+02
2.287112884521484375e+02
2.934008483886718750e+02
3.222441711425781250e+02
3.327770690917968750e+02
4.571034545898437500e+02
5.461509399414062500e+02
7.223618164062500000e+02
5.291235351562500000e+02
4.975748901367187500e+02
3.765584716796875000e+02
2.481072540283203125e+02
9.485869598388671875e+01
6.160707397460937500e+02
6.661617431640625000e+02
5.830849609375000000e+02
4.224273376464843750e+02
3.125516357421875000e+02
4.387025756835937500e+02
9.162884521484375000e+02
2.301898803710937500e+02
2.706068420410156250e+02
7.828563232421875000e+02
4.461637573242187500e+02
2.435563964843750000e+02
3.265573120117187500e+02
3.713642578125000000e+02
3.417712097167968750e+02
6.131340332031250000e+02
6.655544433593750000e+02
2.105403594970703125e+02
4.194315490722656250e+02
5.627925415039062500e+02
9.141828613281250000e+02
5.783152465820312500e+02
5.546695709228515625e+01
4.490935058593750000e+02
4.987025756835937500e+02
2.870812072753906250e+02
3.178620605468750000e+02
3.231560974121093750e+02
2.070294494628906250e+02
2.610056762695312500e+02
3.751558837890625000e+02
6.263552856445312500e+02
4.006175231933593750e+02
2.225947418212890625e+02
7.499044799804687500e+02
3.312105407714843750e+02
2.257902526855468750e+02
7.845845336914062500e+02
3.934634704589843750e+02
1.415828094482421875e+02
3.227674560546875000e+02
5.281279296875000000e+02
6.711824951171875000e+02
4.508453979492187500e+02
2.595031738281250000e+02
3.911412963867187500e+02
3.628310852050781250e+02
4.595064086914062500e+02
2.691044006347656250e+02
4.008209838867187500e+02
6.000614013671875000e+02
6.519284667968750000e+02
3.536363220214843750e+02
5.264491577148437500e+02
3.752045898437500000e+02
2.992326660156250000e+02
3.159331359863281250e+02
2.891224060058593750e+02
6.772913818359375000e+02
5.213536987304687500e+02
7.156249389648437500e+02
6.274550170898437500e+02
5.450144653320312500e+02
4.649879760742187500e+02
1.787407073974609375e+02
7.315796508789062500e+02
4.983892822265625000e+02
4.479994812011718750e+02
5.760512695312500000e+02
4.748043823242187500e+02
5.595391235351562500e+02
4.308973388671875000e+02
2.944341430664062500e+02
3.098432617187500000e+02
4.760401306152343750e+02
1.949943542480468750e+02
5.644791870117187500e+02
3.666394653320312500e+02
3.509802856445312500e+02
7.355084838867187500e+02
2.874831542968750000e+02
5.824301147460937500e+02
5.862005004882812500e+02
6.354479370117187500e+02
4.663584289550781250e+02
3.516387329101562500e+02
4.791855163574218750e+02
3.814381408691406250e+02
2.163976593017578125e+02
6.489668579101562500e+02
3.238544311523437500e+02
7.930121459960937500e+02
4.145126647949218750e+02
1.585896148681640625e+02
5.869989624023437500e+02
1.043848190307617188e+02
3.260387268066406250e+02
8.189947509765625000e+02
9.695343017578125000e+02
2.690771789550781250e+02
6.786030273437500000e+02
3.328596801757812500e+02
8.375562744140625000e+02
3.000807495117187500e+02
5.501158447265625000e+02
6.671673583984375000e+02
5.159814453125000000e+02
5.562337646484375000e+02
4.611490783691406250e+02
2.461911315917968750e+02
1.369776611328125000e+02
7.606932373046875000e+02
6.676873779296875000e+02
1.631041412353515625e+02
4.868752441406250000e+02
5.401118774414062500e+02
1.753288421630859375e+02
4.285957336425781250e+02
4.659969787597656250e+02
2.564996948242187500e+02
2.134524230957031250e+02
6.318059082031250000e+02
2.135319824218750000e+02
4.130353088378906250e+02
7.196141967773437500e+02
4.261505126953125000e+02
7.667763061523437500e+02
5.387388916015625000e+02
5.089360961914062500e+02
2.597074890136718750e+02
4.029928894042968750e+02
3.143642272949218750e+02
8.302237548828125000e+02
6.660177612304687500e+02
3.931191711425781250e+02
1.826475677490234375e+02
3.064486694335937500e+02
2.981593322753906250e+02
4.180292053222656250e+02
5.962546386718750000e+02
5.728516845703125000e+02
5.014297485351562500e+02
9.933450317382812500e+01
6.348541870117187500e+02
3.176335144042968750e+02
1.962173004150390625e+02
4.829718017578125000e+02
7.653884124755859375e+01
3.919103393554687500e+02
5.129514160156250000e+02
2.582646789550781250e+02
2.998235168457031250e+02
4.445403747558593750e+02
6.840875854492187500e+02
7.952495117187500000e+02
4.622255859375000000e+02
5.779498901367187500e+02
4.841229248046875000e+02
9.819046020507812500e+02
4.037801208496093750e+02
3.494367370605468750e+02
5.331550292968750000e+02
5.797843017578125000e+02
5.186878051757812500e+02
4.417424011230468750e+02
6.909075317382812500e+02
1.590937500000000000e+02
4.887304992675781250e+02
4.458826904296875000e+02
4.035227355957031250e+02
2.304923248291015625e+02
9.368262939453125000e+02
7.783205566406250000e+02
5.461068725585937500e+02
6.540512084960937500e+02
1.426063995361328125e+02
1.466603088378906250e+02
3.230420837402343750e+02
2.099148712158203125e+02
5.918726196289062500e+02
3.422504577636718750e+02
1.829854736328125000e+02
4.284006958007812500e+02
6.276388549804687500e+02
2.014830322265625000e+02
6.015789794921875000e+02
4.470327453613281250e+02
4.454418334960937500e+02
3.766239013671875000e+02
5.064709472656250000e+02
5.806082763671875000e+02
4.289189758300781250e+02
3.871289672851562500e+02
5.105513610839843750e+02
7.729651641845703125e+01
2.992632446289062500e+02
3.833875122070312500e+02
7.419188842773437500e+02
4.602035522460937500e+02
2.320511627197265625e+02
1.539269104003906250e+02
5.081603698730468750e+02
6.819729003906250000e+02
5.775132446289062500e+02
6.348872680664062500e+02
1.806356201171875000e+02
7.060889892578125000e+02
2.006016998291015625e+02
7.229313964843750000e+02
6.504452514648437500e+02
5.984091186523437500e+02
2.627326660156250000e+02
1.838435211181640625e+02
3.481572570800781250e+02
1.787443847656250000e+02
3.603868408203125000e+02
1.491642608642578125e+02
8.043754882812500000e+02
3.817454223632812500e+02
2.850354919433593750e+02
3.252946166992187500e+02
4.269243469238281250e+02
3.894124450683593750e+02
5.490698242187500000e+02
2.653120117187500000e+02
1.006257568359375000e+03
3.572492980957031250e+02
9.609436645507812500e+02
5.014675292968750000e+02
2.050376892089843750e+02
5.972084350585937500e+02
4.765768737792968750e+02
8.207826232910156250e+01
4.386055603027343750e+02
3.821273498535156250e+02
9.069033203125000000e+02
8.625109252929687500e+02
1.375110931396484375e+02
1.120505615234375000e+03
6.087615966796875000e+02
2.772633666992187500e+02
5.667432861328125000e+02
2.357531738281250000e+02
3.174855957031250000e+02
2.531236267089843750e+02
2.962429199218750000e+02
1.264283752441406250e+02
2.396369628906250000e+02
5.091407165527343750e+02
3.064190368652343750e+02
9.701885223388671875e+01
4.816713867187500000e+02
6.797019042968750000e+02
4.198090209960937500e+02
9.830455932617187500e+02
6.625501098632812500e+02
6.108087158203125000e+02
8.260432128906250000e+02
4.054504699707031250e+02
4.955744323730468750e+02
7.439507446289062500e+02
3.453410034179687500e+02
5.662235107421875000e+02
1.220429534912109375e+02
3.142639465332031250e+02
3.088656616210937500e+02
3.477355346679687500e+02
5.428709716796875000e+02
6.510617065429687500e+02
4.274882202148437500e+02
2.590627441406250000e+02
2.836182250976562500e+02
3.947464294433593750e+02
5.585853881835937500e+02
4.736845397949218750e+02
2.632517395019531250e+02
5.307320556640625000e+02
3.397110900878906250e+02
5.461438598632812500e+02
1.692153472900390625e+02
2.425103454589843750e+02
5.772628173828125000e+02
2.250929718017578125e+02
3.166846923828125000e+02
3.733361511230468750e+02
6.701754150390625000e+02
1.337503295898437500e+03
4.546678771972656250e+02
1.782017211914062500e+02
3.136071166992187500e+02
5.221164550781250000e+02
6.807766113281250000e+02
4.236112365722656250e+02
3.710764465332031250e+02
3.077799377441406250e+02
3.090216369628906250e+02
1.040733413696289062e+02
6.207863159179687500e+02
2.334392700195312500e+02
4.844602355957031250e+02
4.817022399902343750e+02
2.148357391357421875e+02
1.898181915283203125e+02
7.701980590820312500e+02
3.941164245605468750e+02
4.784121093750000000e+02
2.394536132812500000e+02
7.207369384765625000e+02
2.807633972167968750e+02
8.597424316406250000e+02
5.229545898437500000e+02
4.311976928710937500e+02
5.133917236328125000e+02
7.650322875976562500e+02
2.651300659179687500e+02
3.279017028808593750e+02
2.844750976562500000e+02
5.608215332031250000e+02
5.970125732421875000e+02
2.537761535644531250e+02
6.968084106445312500e+02
4.843816528320312500e+02
3.350747375488281250e+02
5.828247680664062500e+02
7.221959838867187500e+02
2.460044250488281250e+02
4.749088439941406250e+02
5.390431518554687500e+02
3.680138854980468750e+02
3.474505310058593750e+02
2.498778076171875000e+02
4.021636962890625000e+02
2.275805511474609375e+02
6.850451049804687500e+02
8.052631225585937500e+02
4.913924560546875000e+02
1.033715576171875000e+03
3.132309570312500000e+02
7.117562255859375000e+02
2.098406829833984375e+02
3.056804809570312500e+02
3.884210510253906250e+02
1.243361663818359375e+02
6.040435180664062500e+02
4.674565734863281250e+02
3.031198730468750000e+02
2.246174163818359375e+02
6.797775878906250000e+02
1.095438842773437500e+02
2.891541748046875000e+02
3.425601196289062500e+02
6.704894409179687500e+02
4.886903076171875000e+02
6.242296752929687500e+02
5.820170898437500000e+02
4.712810363769531250e+02
4.682492065429687500e+02
5.358696289062500000e+02
4.608582153320312500e+02
5.892717895507812500e+02
2.210364685058593750e+02
7.153858642578125000e+02
3.902634887695312500e+02
6.603204345703125000e+01
6.598924560546875000e+02
2.608092956542968750e+02
3.313096618652343750e+02
1.006147644042968750e+03
3.612230834960937500e+02
7.616420288085937500e+02
6.054500732421875000e+02
9.324763488769531250e+01
3.716050720214843750e+02
3.905560607910156250e+02
3.821596069335937500e+02
5.026103515625000000e+02
4.044931945800781250e+02
5.031458435058593750e+02
3.852674255371093750e+02
3.861076049804687500e+02
5.201675415039062500e+02
3.312898864746093750e+02
5.620145263671875000e+02
1.510865173339843750e+02
2.303278503417968750e+02
7.882601928710937500e+02
6.039923706054687500e+02
7.936815185546875000e+02
8.800114746093750000e+02
5.947766113281250000e+02
4.326076049804687500e+02
6.618217163085937500e+02
6.238995361328125000e+02
4.193374633789062500e+02
3.298638916015625000e+02
5.154296875000000000e+02
6.767227172851562500e+02
5.905535888671875000e+02
4.792934570312500000e+02
4.599662475585937500e+02
4.467826538085937500e+02
6.285848999023437500e+02
4.854329833984375000e+02
3.703567199707031250e+02
4.604862060546875000e+02
3.135636291503906250e+02
4.874407958984375000e+02
3.670446472167968750e+02
5.094905090332031250e+02
3.118562011718750000e+02
5.193450317382812500e+02
4.710084533691406250e+02
2.459324645996093750e+02
5.632384033203125000e+02
5.539879760742187500e+02
6.052434692382812500e+02
7.449787597656250000e+02
4.751325988769531250e+02
9.607490844726562500e+02
7.724718627929687500e+02
8.341865844726562500e+02
8.937169647216796875e+01
4.420905151367187500e+02
1.085981079101562500e+03
4.699193725585937500e+02
3.794413146972656250e+02
1.860212249755859375e+02
3.387859497070312500e+02
4.619219970703125000e+02
3.335272827148437500e+02
6.186445312500000000e+02
4.915386962890625000e+02
5.051648559570312500e+02
1.233575057983398438e+02
2.643023986816406250e+02
3.079759521484375000e+02
3.430475463867187500e+02
2.683549499511718750e+02
4.509546508789062500e+02
1.002886962890625000e+03
3.444629516601562500e+02
4.431697998046875000e+02
3.611247863769531250e+02
5.157460327148437500e+02
6.123427734375000000e+02
3.066823120117187500e+02
1.476603088378906250e+02
6.139314575195312500e+02
6.905361328125000000e+02
3.032592773437500000e+02
3.510303649902343750e+02
6.097453613281250000e+02
2.224312286376953125e+02
6.007285766601562500e+02
6.708791503906250000e+02
3.886387023925781250e+02
6.841346435546875000e+02
5.013648071289062500e+02
7.632462158203125000e+02
3.931269836425781250e+02
2.907311096191406250e+02
4.857729492187500000e+02
1.867732391357421875e+02
3.725377807617187500e+02
3.822321777343750000e+02
1.707639617919921875e+02
2.249364929199218750e+02
2.482480316162109375e+02
5.148179931640625000e+02
1.485694122314453125e+02
1.993019714355468750e+02
3.773923339843750000e+02
1.674325103759765625e+02
5.402636108398437500e+02
1.534124908447265625e+02
4.476296691894531250e+02
6.739261474609375000e+02
4.923031005859375000e+02
6.975219116210937500e+02
2.385565948486328125e+02
7.811834716796875000e+02
2.113461456298828125e+02
8.766621093750000000e+02
6.175812377929687500e+02
6.121765747070312500e+02
3.280775756835937500e+02
9.607898559570312500e+02
4.056543884277343750e+02
4.222958068847656250e+02
3.183419799804687500e+02
2.129198913574218750e+02
8.482506103515625000e+02
5.422180786132812500e+02
5.631073608398437500e+02
2.272580261230468750e+02
2.775723571777343750e+02
5.616223144531250000e+02
3.766215209960937500e+02
4.780111999511718750e+02
3.197713623046875000e+02
7.534011230468750000e+02
2.926764831542968750e+02
4.574590148925781250e+02
3.979685058593750000e+02
3.326636047363281250e+02
7.122532958984375000e+02
5.182412109375000000e+02
4.960042419433593750e+02
6.478956909179687500e+02
3.967616882324218750e+02
3.058691406250000000e+02
6.832763671875000000e+02
6.417977905273437500e+02
5.973512573242187500e+02
5.054710693359375000e+02
6.622899169921875000e+02
3.660717773437500000e+02
2.068244476318359375e+02
2.098027191162109375e+02
4.836495971679687500e+02
6.056104736328125000e+02
5.980950927734375000e+02
4.382543640136718750e+02
3.937409973144531250e+02
7.010369873046875000e+02
3.003591308593750000e+02
1.449102935791015625e+02
7.073919067382812500e+02
7.286233520507812500e+01
3.736518554687500000e+02
4.908789978027343750e+02
6.022631835937500000e+02
5.523485717773437500e+02
3.736669921875000000e+02
3.250133972167968750e+02
3.068000793457031250e+02
2.381046295166015625e+02
7.181513671875000000e+02
5.671524658203125000e+02
6.713412475585937500e+02
4.908837280273437500e+02
3.003834228515625000e+02
5.035656433105468750e+02
3.538168945312500000e+02
5.241724395751953125e+01
4.176820373535156250e+02
2.605661621093750000e+02
2.583888854980468750e+02
1.063708374023437500e+03
4.605962524414062500e+02
2.879290161132812500e+02
3.714798583984375000e+02
2.778376770019531250e+02
5.827514648437500000e+02
3.668741455078125000e+02
5.909827270507812500e+02
5.818478393554687500e+02
3.764607238769531250e+02
1.283288726806640625e+02
4.464592590332031250e+02
8.172232055664062500e+02
1.607248687744140625e+02
1.974720306396484375e+02
3.103751831054687500e+02
3.826653442382812500e+02
2.525782775878906250e+02
8.315325317382812500e+02
1.893919677734375000e+02
1.945890502929687500e+02
4.437385864257812500e+02
8.029827880859375000e+02
3.869924316406250000e+02
5.379260253906250000e+02
4.286390075683593750e+02
3.356446533203125000e+02
3.667947998046875000e+02
2.376467742919921875e+02
1.715821685791015625e+02
8.344412231445312500e+02
3.804583740234375000e+02
4.041893005371093750e+02
5.395757446289062500e+02
3.539839172363281250e+02
2.290931243896484375e+02
3.739428710937500000e+02
2.374316711425781250e+02
3.699808349609375000e+02
4.370260925292968750e+02
5.528151245117187500e+02
3.038988647460937500e+02
3.543118591308593750e+02
2.609592590332031250e+02
1.962651824951171875e+02
3.688540649414062500e+02
4.159898681640625000e+02
5.927791137695312500e+02
1.570592193603515625e+02
5.751303100585937500e+02
2.641767883300781250e+02
1.434309082031250000e+02
2.110291442871093750e+02
6.468291625976562500e+02
9.773218383789062500e+02
5.289210205078125000e+02
4.228650512695312500e+02
7.803743896484375000e+02
3.795898742675781250e+02
3.015835571289062500e+02
1.266178436279296875e+02
6.052879028320312500e+02
5.147838745117187500e+02
5.471207885742187500e+02
1.993800811767578125e+02
3.284022521972656250e+02
5.373590087890625000e+02
4.982475891113281250e+02
6.318229980468750000e+02
4.192074890136718750e+02
2.942177429199218750e+02
5.795552368164062500e+02
1.606252746582031250e+02
3.315954895019531250e+02
5.151499633789062500e+02
3.262504577636718750e+02
3.464255981445312500e+02
6.377808227539062500e+02
3.448416137695312500e+02
2.285494384765625000e+02
3.208897399902343750e+02
4.751201782226562500e+02
6.752931518554687500e+02
5.710792846679687500e+02
3.923342285156250000e+02
3.609033508300781250e+02
4.435136718750000000e+02
3.195186462402343750e+02
2.988625183105468750e+02
9.206727294921875000e+02
6.793586425781250000e+02
4.800210266113281250e+02
7.160892944335937500e+02
6.458131103515625000e+02
3.012944641113281250e+02
3.123332824707031250e+02
3.069215087890625000e+02
3.183899230957031250e+02
1.012427673339843750e+02
1.680184020996093750e+02
4.751540832519531250e+02
2.875962219238281250e+02
2.927772521972656250e+02
9.782492065429687500e+02
4.962778930664062500e+02
3.689209594726562500e+02
4.927066345214843750e+02
7.377940673828125000e+02
3.630541687011718750e+02
6.406868896484375000e+02
3.217389526367187500e+02
4.966537780761718750e+02
4.604297790527343750e+02
5.492291870117187500e+02
4.453462219238281250e+02
4.135854187011718750e+02
2.538421478271484375e+02
3.999478149414062500e+02
7.386646728515625000e+02
3.780943298339843750e+02
9.520391845703125000e+02
5.287970581054687500e+02
1.879717407226562500e+02
7.377144775390625000e+02
2.315350189208984375e+02
2.258607940673828125e+02
3.334644165039062500e+02
8.271632690429687500e+02
6.637197875976562500e+02
3.496308898925781250e+02
7.996854858398437500e+02
4.268404006958007812e+01
8.642135620117187500e+02
4.154507141113281250e+02
3.998781433105468750e+02
2.058941955566406250e+02
2.595317077636718750e+02
1.551366424560546875e+02
5.164877319335937500e+02
4.028681030273437500e+02
6.379047851562500000e+02
3.968214111328125000e+02
1.841047210693359375e+02
5.076414489746093750e+02
7.994371948242187500e+02
9.456278686523437500e+02
6.627570800781250000e+02
3.563887939453125000e+02
5.385822143554687500e+02
8.875743408203125000e+02
6.815076293945312500e+02
4.142880554199218750e+02
6.398278808593750000e+02
5.037818603515625000e+02
3.460105285644531250e+02
1.062068237304687500e+03
3.178664550781250000e+02
6.510738525390625000e+02
5.668564453125000000e+02
2.594075317382812500e+02
1.476147918701171875e+02
4.756136474609375000e+02
4.966755371093750000e+02
7.737219848632812500e+02
2.904392089843750000e+02
4.066470031738281250e+02
3.449922485351562500e+02
6.447011108398437500e+02
4.885187683105468750e+02
4.108842468261718750e+02
1.928012390136718750e+02
6.691677856445312500e+02
5.120344238281250000e+02
4.030299377441406250e+02
4.191687316894531250e+02
7.599280395507812500e+02
1.434434814453125000e+02
5.498990478515625000e+02
2.733319396972656250e+02
2.936244201660156250e+02
3.766071472167968750e+02
3.233953857421875000e+02
6.024449462890625000e+02
2.331175842285156250e+02
4.089138183593750000e+02
5.541024780273437500e+02
4.985577697753906250e+02
3.530138854980468750e+02
2.531671600341796875e+02
7.396215209960937500e+02
9.777888488769531250e+01
7.509278564453125000e+02
4.547601928710937500e+02
2.352630920410156250e+02
5.869115600585937500e+02
7.154308471679687500e+02
3.942648315429687500e+02
3.420874938964843750e+02
2.682639770507812500e+02
7.478767700195312500e+02
2.799600219726562500e+02
2.342418518066406250e+02
5.044993896484375000e+02
4.117634582519531250e+02
9.460634765625000000e+02
2.204590606689453125e+02
3.317085876464843750e+02
9.887004852294921875e+01
7.258089599609375000e+02
4.204847717285156250e+02
5.911436157226562500e+02
6.965149536132812500e+02
8.165707397460937500e+02
8.589805297851562500e+02
7.841335449218750000e+02
1.484539642333984375e+02
1.976949920654296875e+02
2.813657226562500000e+02
7.172105102539062500e+02
2.047866973876953125e+02
5.323341064453125000e+02
7.083082275390625000e+02
5.643978881835937500e+02
4.451477050781250000e+02
4.731533813476562500e+02
1.935314788818359375e+02
4.690689697265625000e+02
6.285043945312500000e+02
3.242565002441406250e+02
2.013290557861328125e+02
3.058094482421875000e+02
2.719266967773437500e+02
2.897670593261718750e+02
3.306725158691406250e+02
2.507823944091796875e+02
5.877825927734375000e+02
4.507211608886718750e+02
4.059502258300781250e+02
2.257526550292968750e+02
4.492283630371093750e+02
7.569216308593750000e+02
6.636353759765625000e+02
2.839864501953125000e+02
4.359786987304687500e+02
4.101385192871093750e+02
4.914382629394531250e+02
7.741020507812500000e+02
3.486954345703125000e+02
3.442351379394531250e+02
4.067988281250000000e+02
5.918717041015625000e+02
6.109275512695312500e+02
5.526232910156250000e+02
7.020324096679687500e+02
4.128546142578125000e+02
1.622182617187500000e+02
8.584587402343750000e+02
1.089639282226562500e+03
8.398552246093750000e+02
2.087344665527343750e+02
6.393258056640625000e+02
1.719430541992187500e+02
4.287774658203125000e+02
2.873647460937500000e+02
2.880157775878906250e+02
4.077158203125000000e+02
4.681317443847656250e+02
3.889348144531250000e+02
3.354454650878906250e+02
2.145339202880859375e+02
3.383109436035156250e+02
3.198231811523437500e+02
1.961039123535156250e+02
1.016557312011718750e+02
6.776535034179687500e+02
3.990783996582031250e+02
3.350537414550781250e+02
5.114064941406250000e+02
4.656173400878906250e+02
2.172811584472656250e+02
5.253443603515625000e+02
3.856611633300781250e+02
5.087898254394531250e+02
3.558207397460937500e+02
8.010071411132812500e+02
4.355926208496093750e+02
9.096937866210937500e+02
2.823911437988281250e+02
3.489490966796875000e+02
3.617410278320312500e+02
2.233765411376953125e+02
1.772378082275390625e+02
7.766333007812500000e+02
3.831575927734375000e+02
3.292507019042968750e+02
4.340640258789062500e+02
2.429438171386718750e+02
4.205715942382812500e+02
3.707416687011718750e+02
4.286891784667968750e+02
3.039044189453125000e+02
6.609866943359375000e+02
5.854094238281250000e+02
6.463890380859375000e+02
2.651325988769531250e+02
4.867459716796875000e+02
3.804769287109375000e+02
5.284967041015625000e+02
8.126702270507812500e+02
5.124257812500000000e+02
9.985332641601562500e+02
3.407715148925781250e+02
3.777895202636718750e+02
4.950902404785156250e+02
3.783993835449218750e+02
3.396010437011718750e+02
3.347069396972656250e+02
9.624571990966796875e+01
3.206071777343750000e+02
4.648407897949218750e+02
7.452461547851562500e+02
6.035837402343750000e+02
4.512663879394531250e+02
4.674112854003906250e+02
7.253255615234375000e+02
5.966545410156250000e+02
5.908691406250000000e+02
3.447054443359375000e+02
3.942774658203125000e+02
4.341168823242187500e+02
8.854721679687500000e+02
8.724813842773437500e+02
4.530463867187500000e+02
2.266134338378906250e+02
6.724715576171875000e+02
4.658044738769531250e+02
6.996360473632812500e+02
2.681871948242187500e+02
4.861722106933593750e+02
5.383049926757812500e+02
2.208363800048828125e+02
1.580010223388671875e+02
4.773144836425781250e+02
3.756773376464843750e+02
5.319355468750000000e+02
4.072176208496093750e+02
1.811298675537109375e+02
5.192529907226562500e+02
5.697175292968750000e+02
4.178709411621093750e+02
8.621368408203125000e+02
5.329068603515625000e+02
6.455299072265625000e+02
2.448545837402343750e+02
5.828474731445312500e+02
3.247708435058593750e+02
8.622846679687500000e+02
3.817539978027343750e+02
4.258194580078125000e+02
4.428515243530273438e+01
1.312444763183593750e+02
5.002010498046875000e+02
3.067764282226562500e+02
4.104114990234375000e+02
1.064835937500000000e+03
5.302934570312500000e+02
7.293634033203125000e+02
3.891862182617187500e+02
4.326188659667968750e+02
7.230078735351562500e+02
7.240957641601562500e+02
4.391587829589843750e+02
8.657852783203125000e+02
4.338558044433593750e+02
5.957932128906250000e+02
5.191517944335937500e+02
6.774895019531250000e+02
1.120188964843750000e+03
8.495900878906250000e+02
5.270151977539062500e+02
4.934603881835937500e+02
5.500911865234375000e+02
5.198528442382812500e+02
2.913659667968750000e+02
3.631995544433593750e+02
6.945823974609375000e+02
3.570093688964843750e+02
9.454092407226562500e+01
3.095061340332031250e+02
4.505062561035156250e+02
1.024065551757812500e+03
4.244766845703125000e+02
2.783923950195312500e+02
2.970992736816406250e+02
4.886717834472656250e+02
7.868286132812500000e+02
4.491962585449218750e+02
5.555949707031250000e+02
1.898625793457031250e+02
3.449638366699218750e+02
5.799724121093750000e+02
1.916479797363281250e+02
6.628375854492187500e+02
7.317287597656250000e+02
1.840355072021484375e+02
1.367198638916015625e+02
3.450008544921875000e+02
2.835684204101562500e+02
4.734885864257812500e+02
2.200153503417968750e+02
7.536000976562500000e+02
4.709046936035156250e+02
5.602698974609375000e+02
2.180568695068359375e+02
2.256433715820312500e+02
5.947624511718750000e+02
3.886316833496093750e+02
4.266771240234375000e+02
2.839158630371093750e+02
8.725035400390625000e+02
7.467164306640625000e+02
9.553208160400390625e+01
5.606668090820312500e+02
3.984982299804687500e+02
5.749279785156250000e+02
5.883820800781250000e+02
1.080693847656250000e+03
7.358317260742187500e+02
3.856797180175781250e+02
7.146408691406250000e+02
5.854620361328125000e+02
3.638912658691406250e+02
1.560164184570312500e+02
3.936500549316406250e+02
1.823148193359375000e+02
7.499571533203125000e+02
2.915080261230468750e+02
5.483894653320312500e+02
2.581332397460937500e+02
4.140000000000000000e+02
7.672365722656250000e+02
5.043091430664062500e+02
5.758939208984375000e+02
5.119286499023437500e+02
6.833401489257812500e+02
4.508166503906250000e+02
2.495913543701171875e+02
7.249485473632812500e+02
1.240927734375000000e+03
6.964483642578125000e+02
5.109494934082031250e+02
7.836611938476562500e+02
5.688832397460937500e+02
6.320388183593750000e+02
5.686755371093750000e+02
9.248341064453125000e+02
5.751729125976562500e+02
3.066251220703125000e+02
3.428976440429687500e+02
6.076008911132812500e+02
4.922327270507812500e+02
7.340275268554687500e+02
7.795547485351562500e+02
3.763667907714843750e+02
5.598798217773437500e+02
2.858149108886718750e+02
7.253919677734375000e+02
6.551380615234375000e+02
3.414923095703125000e+02
6.483845825195312500e+02
6.672849121093750000e+02
4.936842346191406250e+02
4.814172973632812500e+02
2.555635681152343750e+02
2.250770568847656250e+02
4.709625549316406250e+02
6.340784912109375000e+02
5.356710205078125000e+02
4.563885498046875000e+02
5.153823852539062500e+02
6.023953247070312500e+02
3.284193725585937500e+02
5.775520629882812500e+02
3.762961425781250000e+02
1.519163970947265625e+02
3.568111267089843750e+02
6.887416992187500000e+02
2.492929382324218750e+02
1.168122680664062500e+03
5.311192626953125000e+02
2.751990051269531250e+02
5.667194213867187500e+02
3.991231994628906250e+02
2.474852142333984375e+02
5.712803344726562500e+02
3.764958801269531250e+02
5.113924255371093750e+02
2.844695434570312500e+02
1.107986816406250000e+03
4.172498474121093750e+02
3.680399475097656250e+02
8.733212280273437500e+02
4.616275329589843750e+02
6.681106567382812500e+02
1.088718627929687500e+03
3.983445129394531250e+02
4.230273132324218750e+02
4.151911315917968750e+02
9.092941284179687500e+02
1.450281372070312500e+02
5.963309936523437500e+02
4.651705322265625000e+02
1.926045379638671875e+02
2.425239715576171875e+02
4.943913879394531250e+02
3.855783081054687500e+02
8.337285766601562500e+02
4.753114318847656250e+02
7.464127807617187500e+02
3.810090942382812500e+02
3.362521057128906250e+02
2.015460815429687500e+02
1.016196746826171875e+02
3.437170410156250000e+02
4.597832031250000000e+02
5.047203979492187500e+02
3.942194519042968750e+02
7.267182006835937500e+02
7.077258911132812500e+02
5.298399658203125000e+02
3.425321655273437500e+02
6.958612670898437500e+02
2.948128662109375000e+02
5.074770202636718750e+02
4.828794860839843750e+02
1.730758972167968750e+02
5.425495605468750000e+02
2.336747589111328125e+02
4.360180358886718750e+02
3.947028808593750000e+02
1.779416656494140625e+02
5.653488159179687500e+02
2.650352478027343750e+02
5.197132568359375000e+02
5.660422363281250000e+02
4.970582275390625000e+02
3.318768920898437500e+02
4.476115722656250000e+02
2.488085479736328125e+02
4.898167724609375000e+02
5.091594848632812500e+02
3.586397399902343750e+02
4.591536560058593750e+02
6.771375122070312500e+02
4.914318542480468750e+02
5.161494140625000000e+02
4.802031250000000000e+02
7.884850463867187500e+02
4.217119750976562500e+02
1.862379608154296875e+02
3.504024963378906250e+02
3.557103576660156250e+02
8.033179931640625000e+02
1.011414718627929688e+02
4.226117553710937500e+02
3.555281066894531250e+02
2.107310791015625000e+02
2.014238433837890625e+02
2.220006408691406250e+02
5.428964233398437500e+02
3.123643188476562500e+02
5.366293334960937500e+02
5.734443359375000000e+02
9.319974365234375000e+02
4.764451293945312500e+02
6.560170288085937500e+02
5.510747680664062500e+02
4.852886352539062500e+02
7.406579589843750000e+02
6.848025512695312500e+02
2.677610473632812500e+02
3.960000000000000000e+02
6.702454833984375000e+02
3.211352844238281250e+02
5.724440307617187500e+02
1.027151367187500000e+03
5.781157226562500000e+02
4.376776428222656250e+02
3.022568969726562500e+02
1.200278015136718750e+02
1.814820098876953125e+02
3.685342102050781250e+02
5.739334716796875000e+02
7.203574829101562500e+02
3.345162048339843750e+02
4.398307495117187500e+02
5.462495727539062500e+02
6.639027709960937500e+02
3.661489562988281250e+02
4.634200744628906250e+02
5.117374267578125000e+02
1.054407226562500000e+03
7.626788940429687500e+02
8.928144531250000000e+02
3.987238159179687500e+02
3.731105346679687500e+02
8.105820312500000000e+02
6.445307006835937500e+02
5.624884033203125000e+02
3.414949035644531250e+02
3.704592895507812500e+02
2.970252075195312500e+02
3.715530395507812500e+02
2.071879882812500000e+02
1.117995971679687500e+03
7.133397216796875000e+02
3.550296630859375000e+02
3.101113586425781250e+02
2.454774169921875000e+02
3.839941101074218750e+02
6.413751831054687500e+02
4.430608520507812500e+02
4.532108154296875000e+02
2.538436584472656250e+02
6.759431762695312500e+02
4.146531066894531250e+02
6.140635986328125000e+02
6.013478393554687500e+02
6.611990966796875000e+02
1.869619903564453125e+02
3.452242736816406250e+02
5.616744995117187500e+02
3.362871704101562500e+02
5.990122680664062500e+02
2.467662963867187500e+02
3.768154296875000000e+02
2.280373229980468750e+02
3.985074768066406250e+02
5.635501098632812500e+02
5.369892578125000000e+02
4.462843017578125000e+02
4.223532104492187500e+02
3.083413085937500000e+02
3.868487548828125000e+02
2.107321929931640625e+02
1.805852050781250000e+02
3.682783203125000000e+02
2.940760803222656250e+02
3.014758605957031250e+02
4.901724548339843750e+02
6.335089111328125000e+02
5.395626220703125000e+02
5.614384765625000000e+02
2.437082672119140625e+02
4.704596557617187500e+02
3.212533264160156250e+02
4.186164855957031250e+02
4.679430236816406250e+02
5.273129272460937500e+02
9.152658691406250000e+02
5.209359741210937500e+02
5.881467285156250000e+02
9.074543457031250000e+02
4.546446533203125000e+02
4.710006713867187500e+02
2.513811035156250000e+02
3.585408020019531250e+02
4.785981140136718750e+02
2.541339569091796875e+02
3.338247375488281250e+02
6.021912231445312500e+02
2.457953033447265625e+02
5.363518066406250000e+02
4.286863708496093750e+02
3.774635925292968750e+02
4.260299377441406250e+02
6.484506835937500000e+02
4.271716613769531250e+02
5.600361328125000000e+02
5.194749145507812500e+02
3.523951416015625000e+02
2.933538818359375000e+02
5.839999389648437500e+02
1.960933227539062500e+02
4.200961608886718750e+02
4.074575500488281250e+02
4.368061218261718750e+02
6.968924560546875000e+02
3.770744628906250000e+02
1.447727508544921875e+02
4.265289001464843750e+02
2.845067749023437500e+02
9.488401794433593750e+01
5.388966064453125000e+02
5.920244140625000000e+02
3.398104248046875000e+02
4.948659362792968750e+02
6.676305541992187500e+02
2.171861114501953125e+02
2.481927337646484375e+02
1.046551635742187500e+03
3.782626953125000000e+02
6.357539672851562500e+02
3.085728149414062500e+02
3.207989807128906250e+02
3.607360534667968750e+02
3.686614074707031250e+02
2.811076049804687500e+02
4.545382385253906250e+02
6.720610961914062500e+02
3.722780761718750000e+02
2.029396972656250000e+02
4.718152160644531250e+02
7.472037963867187500e+02
5.178387451171875000e+02
3.256683044433593750e+02
4.012333374023437500e+02
5.925334472656250000e+02
3.861280517578125000e+02
7.277292480468750000e+02
7.670739135742187500e+02
3.059697265625000000e+02
6.105923461914062500e+02
6.248761596679687500e+02
2.623335266113281250e+02
3.329819641113281250e+02
3.984230957031250000e+02
2.637279357910156250e+02
9.525811157226562500e+02
3.233000488281250000e+02
6.427341918945312500e+02
3.508377990722656250e+02
6.374550170898437500e+02
3.801509094238281250e+02
6.588428955078125000e+02
6.149437255859375000e+02
4.825221557617187500e+02
3.057527770996093750e+02
4.271986389160156250e+02
5.369174804687500000e+02
6.803794555664062500e+02
8.713867187500000000e+02
6.905275878906250000e+02
3.650438232421875000e+02
8.503446655273437500e+02
3.800682373046875000e+02
7.022548217773437500e+02
4.056040954589843750e+02
3.556066589355468750e+02
3.718847045898437500e+02
4.084954223632812500e+02
3.859377441406250000e+02
3.562258605957031250e+02
4.888344116210937500e+02
3.515599975585937500e+02
5.707580566406250000e+02
6.375504150390625000e+02
7.763275756835937500e+02
4.223550720214843750e+02
3.038133239746093750e+02
7.253832397460937500e+02
4.750038452148437500e+02
1.768557434082031250e+02
2.679230041503906250e+02
7.181503295898437500e+01
4.434208374023437500e+02
4.424667663574218750e+02
3.385532836914062500e+02
5.043595275878906250e+02
5.410519409179687500e+02
6.192847290039062500e+02
2.079496612548828125e+02
4.920645751953125000e+02
3.703473815917968750e+02
5.638471679687500000e+02
6.427703857421875000e+02
8.044228363037109375e+01
3.126867370605468750e+02
4.064322204589843750e+02
8.326115112304687500e+02
1.726091308593750000e+02
3.422553405761718750e+02
3.949481201171875000e+02
4.827525634765625000e+02
4.003094177246093750e+02
7.689556274414062500e+02
2.016135559082031250e+02
3.920156860351562500e+02
2.501307220458984375e+02
8.446618041992187500e+02
2.204492187500000000e+02
4.958911437988281250e+02
2.834317626953125000e+02
3.004429931640625000e+02
7.441393432617187500e+02
6.749458007812500000e+02
8.244907226562500000e+02
3.773467102050781250e+02
9.602923583984375000e+02
2.723970642089843750e+02
3.314588012695312500e+02
3.727238464355468750e+02
5.575133666992187500e+02
4.067013549804687500e+02
3.694600219726562500e+02
2.091835479736328125e+02
4.179191589355468750e+02
5.773546752929687500e+02
9.176450195312500000e+02
5.921763916015625000e+02
5.991478271484375000e+02
3.150867919921875000e+02
6.529664306640625000e+02
2.528108215332031250e+02
5.016357727050781250e+02
4.745578308105468750e+02
6.671158447265625000e+02
3.182967224121093750e+02
5.692427978515625000e+02
2.285475921630859375e+02
5.135478515625000000e+02
4.475881347656250000e+02
2.696932678222656250e+02
5.492684936523437500e+02
3.413323669433593750e+02
4.740881958007812500e+02
6.433838500976562500e+02
3.276017456054687500e+02
2.148379058837890625e+02
8.294788818359375000e+02
8.220085449218750000e+02
7.163526611328125000e+02
4.408374328613281250e+02
2.093152923583984375e+02
6.997262573242187500e+02
8.661888885498046875e+01
3.032036437988281250e+02
1.846865234375000000e+02
3.280805358886718750e+02
6.990925903320312500e+02
2.518837280273437500e+02
6.174619140625000000e+02
4.478366699218750000e+02
8.789564208984375000e+02
4.230067138671875000e+02
4.586717529296875000e+02
6.939598388671875000e+02
6.324052124023437500e+02
7.653020019531250000e+02
3.193218994140625000e+02
6.397646484375000000e+02
3.839771423339843750e+02
5.039636840820312500e+02
1.330235900878906250e+02
1.697272644042968750e+02
4.884447631835937500e+02
5.966813964843750000e+02
6.843154296875000000e+02
7.511528930664062500e+02
4.267388610839843750e+02
6.921000366210937500e+02
6.920191650390625000e+02
3.991681518554687500e+02
4.464962158203125000e+02
6.740828247070312500e+02
3.403301696777343750e+02
3.725340270996093750e+02
5.880063476562500000e+02
4.644434509277343750e+02
4.655705566406250000e+02
3.227544250488281250e+02
3.599230041503906250e+02
2.481019897460937500e+02
5.265170898437500000e+02
5.985546264648437500e+02
6.722255249023437500e+02
8.402774810791015625e+01
3.326820983886718750e+02
6.763314208984375000e+02
5.480439453125000000e+02
2.762848815917968750e+02
5.995573120117187500e+02
5.200742797851562500e+02
7.589569091796875000e+02
1.635485534667968750e+02
4.159861755371093750e+02
4.447532958984375000e+02
2.420276794433593750e+02
3.560762329101562500e+02
6.926130371093750000e+02
2.102512207031250000e+02
4.130788574218750000e+02
2.985833740234375000e+02
7.431515502929687500e+02
5.886325683593750000e+02
3.358894042968750000e+02
6.357114257812500000e+02
4.790956726074218750e+02
3.560575256347656250e+02
3.627142028808593750e+02
4.562491149902343750e+02
5.241701660156250000e+02
2.856236877441406250e+02
7.903339233398437500e+02
3.452004699707031250e+02
2.908482666015625000e+02
3.237345581054687500e+02
4.578979797363281250e+02
4.644914245605468750e+02
4.951775817871093750e+02
3.950192565917968750e+02
7.306381835937500000e+02
2.274382781982421875e+02
5.388163452148437500e+02
8.732041015625000000e+02
1.162911224365234375e+02
3.758356018066406250e+02
5.053031616210937500e+02
3.444947204589843750e+02
6.359783935546875000e+01
4.567550659179687500e+02
4.223539733886718750e+02
2.022682342529296875e+02
6.342497558593750000e+02
5.737566528320312500e+02
4.133988952636718750e+02
2.106681823730468750e+02
8.438520507812500000e+02
1.060074951171875000e+03
2.523126678466796875e+02
4.149896240234375000e+02
5.403060913085937500e+02
9.805249633789062500e+02
2.205883483886718750e+02
1.653190917968750000e+02
5.024317321777343750e+02
7.069534912109375000e+02
4.089330139160156250e+02
1.978629608154296875e+02
2.463652954101562500e+02
2.553493957519531250e+02
4.043362121582031250e+02
6.126882324218750000e+02
3.073406982421875000e+02
4.848333435058593750e+02
6.218786010742187500e+02
4.162367248535156250e+02
6.151987304687500000e+02
2.246100463867187500e+02
2.688696594238281250e+02
4.454453125000000000e+02
2.855574340820312500e+02
1.087480773925781250e+02
4.157435302734375000e+02
3.738390808105468750e+02
5.225150146484375000e+02
5.604343261718750000e+02
4.363375854492187500e+02
4.072068481445312500e+02
4.437422485351562500e+02
6.925822753906250000e+02
2.821367492675781250e+02
3.912900085449218750e+02
6.163541259765625000e+02
4.084065856933593750e+02
5.144797973632812500e+02
4.911128845214843750e+02
4.969249877929687500e+02
6.571629638671875000e+02
3.293041381835937500e+02
4.113740844726562500e+02
2.867723083496093750e+02
2.911493835449218750e+02
6.958020629882812500e+02
8.995892333984375000e+01
5.710822753906250000e+02
6.831533813476562500e+02
5.250602416992187500e+02
6.924472045898437500e+02
2.154663085937500000e+02
6.537391967773437500e+02
5.037238464355468750e+02
4.714623718261718750e+02
4.739901733398437500e+02
4.869714050292968750e+02
2.275220489501953125e+02
1.015575027465820312e+02
4.535889892578125000e+02
6.540681152343750000e+02
5.994597167968750000e+02
3.628130187988281250e+02
4.844720153808593750e+02
5.822822265625000000e+02
6.359806518554687500e+02
4.005369567871093750e+02
4.347929077148437500e+02
2.764965820312500000e+02
4.013297729492187500e+02
3.755910949707031250e+02
3.813013916015625000e+02
8.065564575195312500e+02
4.469638366699218750e+02
4.177841186523437500e+02
2.278201141357421875e+02
5.090051879882812500e+02
1.956104888916015625e+02
6.040441284179687500e+02
6.440667724609375000e+02
5.050144348144531250e+02
3.173479003906250000e+02
8.002266235351562500e+02
7.504378662109375000e+02
2.623479003906250000e+02
3.359677734375000000e+02
5.807877807617187500e+02
3.457539672851562500e+02
2.422909545898437500e+02
4.311537475585937500e+02
1.961042785644531250e+02
4.013478088378906250e+02
4.927112426757812500e+02
8.438887023925781250e+01
3.547623901367187500e+02
5.387293090820312500e+02
2.933917236328125000e+02
3.882527160644531250e+02
7.815864257812500000e+02
3.825728759765625000e+02
2.369026641845703125e+02
3.470048522949218750e+02
4.512248840332031250e+02
1.026584320068359375e+02
5.305734863281250000e+02
4.323605041503906250e+02
4.911628723144531250e+02
2.425844573974609375e+02
7.381783447265625000e+02
6.959816894531250000e+02
2.953834533691406250e+02
2.550702514648437500e+02
5.150956420898437500e+02
3.091705322265625000e+02
4.373908996582031250e+02
6.504088134765625000e+02
7.312261962890625000e+02
3.947748107910156250e+02
4.989495849609375000e+02
6.154281616210937500e+02
2.748226013183593750e+02
6.825150146484375000e+02
3.159225463867187500e+02
8.470839233398437500e+02
6.484630126953125000e+02
5.764727783203125000e+02
3.244597778320312500e+02
1.917845764160156250e+02
5.447301635742187500e+02
8.332340087890625000e+02
2.233837280273437500e+02
5.479619750976562500e+02
5.279151611328125000e+02
5.227047119140625000e+02
2.740509643554687500e+02
7.140051879882812500e+02
7.367112426757812500e+02
1.278740234375000000e+03
5.229086914062500000e+02
7.753473510742187500e+02
9.919591674804687500e+02
3.970684814453125000e+02
3.985030517578125000e+02
2.088926696777343750e+02
4.820043029785156250e+02
7.646246337890625000e+02
8.817137451171875000e+02
1.087258148193359375e+02
4.732137145996093750e+02
5.295100097656250000e+02
2.355024566650390625e+02
7.957965087890625000e+02
3.217915954589843750e+02
5.517853393554687500e+02
5.790009155273437500e+02
7.774645996093750000e+02
3.974153747558593750e+02
5.310342407226562500e+02
7.845238037109375000e+02
4.183490600585937500e+02
4.681493835449218750e+02
4.451225891113281250e+02
2.884532165527343750e+02
5.726381225585937500e+02
2.695256652832031250e+02
4.292034912109375000e+02
7.506928100585937500e+02
3.561415405273437500e+02
6.948821411132812500e+02
3.561249694824218750e+02
3.273953552246093750e+02
5.626035766601562500e+02
7.431921386718750000e+02
7.459438476562500000e+02
3.285224914550781250e+02
5.282304687500000000e+02
1.818832092285156250e+02
6.296776123046875000e+02
6.955251464843750000e+02
1.997902221679687500e+02
7.613975830078125000e+02
3.245861511230468750e+02
6.137313842773437500e+02
3.328954772949218750e+02
2.646363220214843750e+02
5.677500610351562500e+02
6.451517944335937500e+02
9.892843017578125000e+02
3.658447570800781250e+02
2.912650146484375000e+02
6.205867919921875000e+02
6.605011596679687500e+02
3.394037170410156250e+02
4.504436035156250000e+02
6.934483642578125000e+02
3.287350769042968750e+02
4.008183898925781250e+02
3.121907958984375000e+02
5.302799682617187500e+02
5.675947875976562500e+02
5.524174194335937500e+02
4.743643798828125000e+02
5.430874023437500000e+02
3.941369018554687500e+02
3.033455505371093750e+02
6.416337280273437500e+02
9.627748870849609375e+01
6.157017822265625000e+02
2.885296630859375000e+02
5.403698730468750000e+02
4.272813110351562500e+02
2.277411651611328125e+02
1.338357696533203125e+02
4.039229431152343750e+02
8.233963623046875000e+02
4.687975158691406250e+02
4.589850769042968750e+02
4.002865600585937500e+02
4.940773925781250000e+02
3.359373168945312500e+02
4.528948974609375000e+02
6.857042846679687500e+02
4.229259948730468750e+02
2.803181762695312500e+02
5.116489868164062500e+02
2.504837799072265625e+02
3.458225708007812500e+02
7.658662719726562500e+02
3.804640197753906250e+02
4.958911437988281250e+02
5.352739257812500000e+02
4.573643493652343750e+02
9.061119995117187500e+02
7.056746215820312500e+02
4.373799743652343750e+02
1.451685485839843750e+02
3.418322143554687500e+02
5.890081176757812500e+02
4.006808166503906250e+02
6.132230834960937500e+02
1.265079421997070312e+02
2.982476196289062500e+02
3.986919555664062500e+02
4.021459960937500000e+02
4.440191040039062500e+02
7.720206298828125000e+02
4.855086669921875000e+02
2.302629547119140625e+02
7.209360351562500000e+02
3.310585327148437500e+02
8.025162963867187500e+02
1.017341125488281250e+03
4.669856872558593750e+02
3.097994995117187500e+02
6.576601562500000000e+02
2.255232543945312500e+02
3.534593505859375000e+02
4.168737487792968750e+02
5.480520629882812500e+02
5.732200927734375000e+02
4.793749389648437500e+02
4.351350402832031250e+02
4.090882873535156250e+02
4.717882385253906250e+02
2.387217407226562500e+02
5.512371215820312500e+02
1.806062316894531250e+02
5.024603576660156250e+02
5.213703002929687500e+02
5.904593505859375000e+02
5.201215820312500000e+02
4.071160278320312500e+02
3.801168518066406250e+02
2.662091674804687500e+02
1.969893188476562500e+02
3.503153991699218750e+02
2.249540100097656250e+02
5.351047973632812500e+02
4.836662597656250000e+02
3.060234985351562500e+02
4.281072692871093750e+02
4.039670715332031250e+02
6.052044067382812500e+02
4.128450622558593750e+02
5.965992431640625000e+02
5.016687316894531250e+02
4.327362365722656250e+02
4.109114990234375000e+02
5.255797119140625000e+02
4.527966308593750000e+02
3.638547668457031250e+02
4.294697265625000000e+02
4.727184143066406250e+02
3.630263977050781250e+02
4.882971191406250000e+02
6.256182250976562500e+02
7.243304443359375000e+02
5.276823120117187500e+02
2.967063903808593750e+02
2.914417114257812500e+02
2.181865844726562500e+02
1.412099151611328125e+02
2.083988494873046875e+02
1.504168548583984375e+02
2.977414550781250000e+02
5.075371398925781250e+02
2.079514160156250000e+02
2.343936004638671875e+02
7.376323852539062500e+02
4.073572998046875000e+02
7.384442138671875000e+02
4.256038818359375000e+02
3.342792968750000000e+02
8.633020629882812500e+02
4.087086486816406250e+02
2.148807373046875000e+02
5.779055175781250000e+02
4.017508239746093750e+02
4.657939147949218750e+02
3.894381103515625000e+02
3.279427185058593750e+02
6.520930175781250000e+02
5.762531127929687500e+02
2.152994842529296875e+02
2.227033386230468750e+02
7.288329467773437500e+02
5.763185424804687500e+02
4.755586242675781250e+02
2.479461059570312500e+02
2.410053710937500000e+02
6.242429199218750000e+02
4.341933898925781250e+02
3.581005249023437500e+02
3.061005249023437500e+02
5.689395751953125000e+02
5.158173828125000000e+02
4.012336120605468750e+02
7.016064453125000000e+02
2.206748046875000000e+02
2.570172119140625000e+02
3.697402038574218750e+02
3.474975280761718750e+02
1.089029785156250000e+03
2.821486206054687500e+02
6.688697509765625000e+02
5.193763427734375000e+02
6.810951538085937500e+02
3.674316406250000000e+02
3.271720275878906250e+02
5.501792602539062500e+02
6.326747436523437500e+02
7.454890136718750000e+02
5.799127197265625000e+02
2.561731872558593750e+02
5.138629760742187500e+02
2.700542602539062500e+02
5.006346511840820312e+01
4.186029663085937500e+02
3.699646606445312500e+02
3.663507080078125000e+02
5.337375488281250000e+02
5.861815795898437500e+02
2.395948944091796875e+02
4.364930419921875000e+02
3.816167297363281250e+02
6.109551391601562500e+02
1.568034057617187500e+02
4.047904052734375000e+02
