4.397892761230468750e+02
5.857960815429687500e+02
6.576329345703125000e+02
4.312881469726562500e+02
5.454931640625000000e+02
3.622703552246093750e+02
5.736612548828125000e+02
7.714649658203125000e+02
5.452164916992187500e+02
3.519781494140625000e+02
6.451095581054687500e+02
2.990728759765625000e+02
4.100453796386718750e+02
3.965845947265625000e+02
3.384500122070312500e+02
5.112580871582031250e+02
3.333145141601562500e+02
1.034349365234375000e+03
2.922864379882812500e+02
6.366054077148437500e+02
4.812583007812500000e+02
5.827859497070312500e+02
2.624946594238281250e+02
3.851748046875000000e+02
3.392658996582031250e+02
7.841029052734375000e+02
8.392631225585937500e+02
4.777544555664062500e+02
5.718250122070312500e+02
3.273359680175781250e+02
4.942911987304687500e+02
6.218145751953125000e+02
3.578023986816406250e+02
4.866387939453125000e+02
2.527432403564453125e+02
3.456077880859375000e+02
5.013977355957031250e+02
1.885820617675781250e+02
3.249082946777343750e+02
6.294828491210937500e+02
3.329401855468750000e+02
2.283302307128906250e+02
4.811564331054687500e+02
5.000621337890625000e+02
6.518309326171875000e+02
6.295583496093750000e+02
5.869907226562500000e+02
4.530187683105468750e+02
4.050063476562500000e+02
2.226458892822265625e+02
4.728981018066406250e+02
4.516405944824218750e+02
4.625472717285156250e+02
2.635462036132812500e+02
6.207341308593750000e+02
3.623368530273437500e+02
5.156201171875000000e+02
2.812054443359375000e+02
3.718117065429687500e+02
5.520209960937500000e+02
4.317202453613281250e+02
1.427111511230468750e+02
4.014783325195312500e+02
5.737499389648437500e+02
4.437037048339843750e+02
1.858633117675781250e+02
1.967923126220703125e+02
4.338129882812500000e+02
5.852017211914062500e+02
2.055014953613281250e+02
3.276892700195312500e+02
5.543345336914062500e+02
3.483070983886718750e+02
3.446575927734375000e+02
1.011990890502929688e+02
1.778293151855468750e+02
5.212224731445312500e+02
2.390305328369140625e+02
6.201434936523437500e+02
2.328412170410156250e+02
6.852238159179687500e+02
4.681826477050781250e+02
6.802778320312500000e+02
5.109296875000000000e+02
2.386201019287109375e+02
6.791516723632812500e+02
4.410060729980468750e+02
7.518146362304687500e+02
7.188623046875000000e+02
4.382020568847656250e+02
2.795395812988281250e+02
8.383128051757812500e+02
3.466215820312500000e+02
3.438381958007812500e+02
4.074685058593750000e+02
3.640795593261718750e+02
3.513919982910156250e+02
2.955075988769531250e+02
6.133441162109375000e+02
7.131157226562500000e+02
4.455289306640625000e+02
1.043798583984375000e+03
1.781459655761718750e+02
7.355959472656250000e+02
7.635767211914062500e+02
8.438356323242187500e+02
4.546352233886718750e+02
3.305570983886718750e+02
3.850365905761718750e+02
4.624570312500000000e+02
4.731100769042968750e+02
5.985551147460937500e+02
4.268712158203125000e+02
3.371696777343750000e+02
4.868053894042968750e+02
3.548109130859375000e+02
1.787149810791015625e+02
4.929472045898437500e+02
6.531556396484375000e+02
3.951963806152343750e+02
6.534185791015625000e+02
3.974380798339843750e+02
4.668963317871093750e+02
2.361610260009765625e+02
2.764122924804687500e+02
4.329526367187500000e+02
5.071829528808593750e+02
1.194834671020507812e+02
6.245390014648437500e+02
7.946936645507812500e+02
2.079178314208984375e+02
3.577852783203125000e+02
6.094017333984375000e+02
2.745679931640625000e+02
1.381110534667968750e+02
4.439226379394531250e+02
1.635863189697265625e+02
2.423658447265625000e+02
6.675317382812500000e+02
3.689649658203125000e+02
3.139279479980468750e+02
1.928447265625000000e+02
7.146883544921875000e+02
5.118241577148437500e+02
5.105496215820312500e+02
7.947331542968750000e+02
3.395005187988281250e+02
3.470829467773437500e+02
8.654275512695312500e+02
7.749524536132812500e+02
6.175086669921875000e+02
2.782848815917968750e+02
2.879952087402343750e+02
3.131368408203125000e+02
7.961035766601562500e+02
6.051115722656250000e+02
5.092001953125000000e+02
8.986738281250000000e+02
2.756877441406250000e+02
5.383341674804687500e+02
4.841184387207031250e+02
2.520999603271484375e+02
2.043923339843750000e+02
5.208546752929687500e+02
6.412991943359375000e+02
3.666730957031250000e+02
2.452112579345703125e+02
3.084854736328125000e+02
5.837053222656250000e+02
2.642177734375000000e+02
3.974547424316406250e+02
4.331983947753906250e+02
1.200214233398437500e+02
4.716918640136718750e+02
3.244709167480468750e+02
3.404106140136718750e+02
6.787197875976562500e+02
2.859333190917968750e+02
6.349548950195312500e+02
1.222122039794921875e+02
1.407941436767578125e+02
4.412238159179687500e+02
2.979775085449218750e+02
7.148127441406250000e+02
6.793835449218750000e+02
6.736746826171875000e+02
3.862414550781250000e+02
3.863190917968750000e+02
5.367524414062500000e+02
3.527409973144531250e+02
2.477919921875000000e+02
6.527070312500000000e+02
1.426946716308593750e+02
3.966126403808593750e+02
4.746286621093750000e+02
3.557780761718750000e+02
6.997680664062500000e+02
2.369547729492187500e+02
2.264022064208984375e+02
3.724536132812500000e+02
5.168042602539062500e+02
4.205418090820312500e+02
2.975729064941406250e+02
9.257378387451171875e+01
6.467864379882812500e+02
5.003946533203125000e+02
6.834260253906250000e+02
7.902781372070312500e+02
4.312855224609375000e+02
3.081900329589843750e+02
3.546046142578125000e+02
5.928679199218750000e+02
3.119902038574218750e+02
2.196674957275390625e+02
3.451400756835937500e+02
7.033284912109375000e+02
4.935515441894531250e+02
1.486520233154296875e+02
4.683615112304687500e+02
2.996106262207031250e+02
6.817135620117187500e+02
5.211578979492187500e+02
2.016959838867187500e+02
1.570815124511718750e+02
4.881390075683593750e+02
2.612966918945312500e+02
9.253147888183593750e+01
1.509620971679687500e+02
3.458656921386718750e+02
4.004650878906250000e+02
1.262148361206054688e+02
5.609385375976562500e+02
3.858573913574218750e+02
5.552484130859375000e+02
2.302298126220703125e+02
5.310816040039062500e+02
4.739341735839843750e+02
6.815000000000000000e+02
3.672830505371093750e+02
4.940149536132812500e+02
3.855568237304687500e+02
1.585377960205078125e+02
2.299928283691406250e+02
3.918175048828125000e+02
2.689924011230468750e+02
4.642943115234375000e+02
4.701892395019531250e+02
5.211184692382812500e+02
4.727239074707031250e+02
3.493056640625000000e+02
7.467977905273437500e+02
3.726035156250000000e+02
6.403964843750000000e+02
5.520892333984375000e+02
4.340622863769531250e+02
3.391188049316406250e+02
6.719434204101562500e+02
2.326241149902343750e+02
2.747739562988281250e+02
3.557509460449218750e+02
4.659279174804687500e+02
6.614327392578125000e+02
3.038261108398437500e+02
4.596990051269531250e+02
6.358354492187500000e+02
2.169975280761718750e+02
4.185101318359375000e+01
9.027081909179687500e+02
4.338154296875000000e+02
6.647681274414062500e+02
9.057194824218750000e+02
7.806201171875000000e+02
3.407280883789062500e+02
2.862747192382812500e+02
7.081578369140625000e+02
2.393937225341796875e+02
2.904925231933593750e+02
4.359850463867187500e+02
3.883403930664062500e+02
2.873365783691406250e+02
3.138899841308593750e+02
3.024467163085937500e+02
4.304064636230468750e+02
6.375953369140625000e+02
4.626958618164062500e+02
1.523781585693359375e+02
2.183378906250000000e+02
4.306796569824218750e+02
4.498934326171875000e+02
6.185508422851562500e+02
8.388945922851562500e+02
4.332611999511718750e+02
2.283645019531250000e+02
5.216605224609375000e+02
3.532027893066406250e+02
3.380589904785156250e+02
2.767388916015625000e+02
1.368481140136718750e+02
3.499900207519531250e+02
8.052890625000000000e+02
5.785078125000000000e+02
7.541834716796875000e+02
4.948493041992187500e+02
5.179502563476562500e+02
6.780996093750000000e+02
2.582767333984375000e+02
3.165224914550781250e+02
5.779661254882812500e+02
3.995676574707031250e+02
8.186775512695312500e+02
3.871820983886718750e+02
6.699255371093750000e+02
6.971879882812500000e+02
9.354282836914062500e+02
6.382121582031250000e+02
6.455672607421875000e+02
2.531712188720703125e+02
4.693223266601562500e+02
2.865231933593750000e+02
7.681029663085937500e+02
9.770822143554687500e+02
4.084081115722656250e+02
8.945662231445312500e+02
9.346781005859375000e+02
6.030928344726562500e+02
2.440830688476562500e+02
4.245613403320312500e+02
5.599086303710937500e+02
6.000716552734375000e+02
5.548369140625000000e+02
5.031930541992187500e+02
3.677030944824218750e+02
5.656530151367187500e+02
5.226831665039062500e+02
2.286236572265625000e+02
1.104878921508789062e+02
2.910982360839843750e+02
3.810582885742187500e+02
3.909551086425781250e+02
3.239536743164062500e+02
2.997741088867187500e+02
4.861266784667968750e+02
6.274931030273437500e+02
8.207435913085937500e+02
6.233134765625000000e+02
5.977124633789062500e+02
9.442093505859375000e+02
3.070315856933593750e+02
3.365554199218750000e+02
8.975473632812500000e+02
7.588814697265625000e+02
5.636308593750000000e+02
3.366179809570312500e+02
2.002796173095703125e+02
3.961899414062500000e+02
5.503461303710937500e+02
1.858513488769531250e+02
4.541293334960937500e+02
1.276950454711914062e+02
4.788890380859375000e+02
6.070610961914062500e+02
5.272180786132812500e+02
4.554192504882812500e+02
4.742519836425781250e+02
3.153258361816406250e+02
3.649744873046875000e+02
3.899255676269531250e+02
5.141849975585937500e+02
3.583175659179687500e+02
3.754876098632812500e+02
2.141634216308593750e+02
4.163225097656250000e+02
2.316818237304687500e+02
4.083465270996093750e+02
5.866712036132812500e+02
3.957262573242187500e+02
3.868825073242187500e+02
3.135281372070312500e+02
5.073963317871093750e+02
4.008147277832031250e+02
4.612815856933593750e+02
3.290978698730468750e+02
3.125819396972656250e+02
3.903492126464843750e+02
1.598139648437500000e+02
1.378058166503906250e+02
4.567768554687500000e+02
3.000984802246093750e+02
5.381785278320312500e+02
5.377326049804687500e+02
3.634626770019531250e+02
2.239662933349609375e+02
5.704572753906250000e+02
5.045963134765625000e+02
3.108269042968750000e+02
1.597891235351562500e+02
2.019248352050781250e+02
4.784115295410156250e+02
4.902016601562500000e+02
4.688863220214843750e+02
5.904201049804687500e+02
1.470960998535156250e+02
5.371635742187500000e+02
6.336990966796875000e+02
6.240182495117187500e+02
1.954874114990234375e+02
2.114242553710937500e+02
4.622697448730468750e+02
3.271398925781250000e+02
4.966955871582031250e+02
3.817952575683593750e+02
2.867577514648437500e+02
3.556882934570312500e+02
7.493677978515625000e+02
3.014139099121093750e+02
5.291144409179687500e+02
4.906650695800781250e+02
3.639584350585937500e+02
7.940361938476562500e+02
4.689661560058593750e+02
6.188736572265625000e+02
1.623675231933593750e+02
4.116626586914062500e+02
4.001565856933593750e+02
7.280953979492187500e+02
3.527762451171875000e+02
9.193261718750000000e+01
2.251629943847656250e+02
1.161991577148437500e+03
4.780689086914062500e+02
6.119194946289062500e+02
4.131477966308593750e+02
3.495316772460937500e+02
3.238224182128906250e+02
4.953937988281250000e+02
4.169824523925781250e+02
6.068073730468750000e+02
3.163719482421875000e+02
6.016196289062500000e+02
7.421678466796875000e+02
2.193830108642578125e+02
6.017456665039062500e+02
2.730190734863281250e+02
6.665028686523437500e+02
5.765755615234375000e+02
1.407517547607421875e+02
2.775599365234375000e+02
6.860502624511718750e+01
2.616938781738281250e+02
6.798317871093750000e+02
1.058016479492187500e+03
7.958053588867187500e+02
7.775588989257812500e+02
5.538927612304687500e+02
2.827298583984375000e+02
4.873698120117187500e+02
7.605440063476562500e+02
2.795439758300781250e+02
2.637488708496093750e+02
2.947914428710937500e+02
5.889546508789062500e+02
6.896430053710937500e+02
3.259111633300781250e+02
3.083152160644531250e+02
6.284055175781250000e+02
1.768628173828125000e+03
3.281491088867187500e+02
3.768824462890625000e+02
8.370643310546875000e+02
3.091141967773437500e+02
4.978893432617187500e+02
2.582019348144531250e+02
4.106268920898437500e+02
4.167384643554687500e+02
4.231853332519531250e+02
5.194644775390625000e+02
2.151279907226562500e+02
6.470890502929687500e+02
6.003471679687500000e+02
2.466498565673828125e+02
3.493613891601562500e+02
5.504558105468750000e+02
4.579829101562500000e+02
3.536689758300781250e+02
4.297007446289062500e+02
2.524305725097656250e+02
3.173064880371093750e+02
9.048165283203125000e+02
7.876215209960937500e+02
6.119695434570312500e+02
5.600054321289062500e+02
3.790989990234375000e+02
2.315346221923828125e+02
9.347344970703125000e+01
3.025115051269531250e+02
6.681431884765625000e+02
5.858392333984375000e+02
3.159827575683593750e+02
2.244203948974609375e+02
3.304965820312500000e+02
1.580332183837890625e+02
5.099039916992187500e+02
5.547752075195312500e+02
4.610621643066406250e+02
1.829042510986328125e+02
5.986284179687500000e+02
1.479081176757812500e+03
2.928939514160156250e+02
7.678321533203125000e+02
5.109141235351562500e+02
3.634536743164062500e+02
1.261334915161132812e+02
4.377088317871093750e+02
3.765140075683593750e+02
5.182504272460937500e+02
5.538482666015625000e+02
4.285172729492187500e+02
3.121653442382812500e+02
7.978462524414062500e+02
4.844848327636718750e+02
1.095466842651367188e+02
5.324573974609375000e+02
3.022032470703125000e+02
4.289331665039062500e+02
5.442436523437500000e+02
4.326057739257812500e+02
4.793835754394531250e+02
4.221327209472656250e+02
3.318589782714843750e+02
6.711777954101562500e+02
3.866497192382812500e+02
7.954979858398437500e+02
2.494243774414062500e+02
2.742411499023437500e+02
4.284181213378906250e+02
1.575219726562500000e+02
5.817232055664062500e+02
3.980199279785156250e+02
6.033253173828125000e+02
6.667984619140625000e+02
1.123234497070312500e+03
5.379913940429687500e+02
7.534036254882812500e+02
3.040624084472656250e+02
5.207664184570312500e+02
6.837813110351562500e+02
3.273651428222656250e+02
5.257308349609375000e+02
6.509909667968750000e+02
4.113029479980468750e+02
2.047676544189453125e+02
3.604243774414062500e+02
3.318382263183593750e+02
4.800899658203125000e+02
1.199725585937500000e+03
6.023703613281250000e+02
7.818987426757812500e+02
4.291986694335937500e+02
2.753449401855468750e+02
9.287944335937500000e+02
9.622027587890625000e+02
4.021869201660156250e+02
1.096392822265625000e+03
4.626872863769531250e+02
4.324086608886718750e+02
1.494369659423828125e+02
9.080878906250000000e+02
5.284273071289062500e+02
4.959583435058593750e+02
7.732302856445312500e+01
4.410739135742187500e+02
3.859447937011718750e+02
5.290663452148437500e+02
3.901384277343750000e+02
2.126403656005859375e+02
3.618416748046875000e+02
4.668393859863281250e+02
3.082375488281250000e+02
4.994383850097656250e+02
6.838402099609375000e+02
5.908308105468750000e+02
3.685652160644531250e+02
5.153230590820312500e+02
6.752766418457031250e+01
5.062727050781250000e+02
5.452304687500000000e+02
8.586945800781250000e+02
3.878230590820312500e+02
8.602151489257812500e+02
3.405824279785156250e+02
5.196840209960937500e+02
3.119151611328125000e+02
2.098097686767578125e+02
3.639013977050781250e+02
2.839386291503906250e+02
4.122478637695312500e+02
9.593581542968750000e+02
5.523026123046875000e+02
4.330142822265625000e+02
4.382945556640625000e+02
7.400430908203125000e+02
1.290814208984375000e+02
5.302163085937500000e+02
2.808917236328125000e+02
5.002850036621093750e+02
4.365507202148437500e+02
3.034022827148437500e+02
3.981101989746093750e+02
3.988042297363281250e+02
3.258355407714843750e+02
8.126080932617187500e+02
5.720578002929687500e+02
6.312888793945312500e+02
2.059299011230468750e+02
4.749165954589843750e+02
4.181979064941406250e+02
6.862068481445312500e+02
2.240909729003906250e+02
2.886229553222656250e+02
8.120274047851562500e+02
2.977102966308593750e+02
3.857442321777343750e+02
2.036575469970703125e+02
5.130042724609375000e+02
2.142593841552734375e+02
6.637682495117187500e+02
3.756436462402343750e+02
2.787235412597656250e+02
4.941780700683593750e+02
3.929648437500000000e+02
7.812533569335937500e+02
4.829147033691406250e+02
4.469151611328125000e+02
5.150311279296875000e+02
5.990106811523437500e+02
5.261633911132812500e+02
6.374462890625000000e+02
5.732911376953125000e+02
3.977860717773437500e+02
4.126957092285156250e+02
2.223353271484375000e+02
5.740837402343750000e+02
6.407515258789062500e+02
6.399835205078125000e+02
3.805841064453125000e+02
4.530895996093750000e+02
5.823045654296875000e+02
5.254086303710937500e+02
3.061608581542968750e+02
3.252272949218750000e+02
6.738302612304687500e+02
1.759003143310546875e+02
2.618855285644531250e+02
5.385653686523437500e+02
7.499159545898437500e+02
2.140236816406250000e+02
5.892655029296875000e+02
6.811429443359375000e+02
4.081387710571289062e+01
2.538405303955078125e+02
7.100916748046875000e+02
1.282160491943359375e+02
1.711147613525390625e+02
5.702554931640625000e+02
1.824447937011718750e+02
3.198676757812500000e+02
4.204608154296875000e+02
4.887251281738281250e+02
3.476015319824218750e+02
5.628822021484375000e+02
6.610241699218750000e+02
7.198101806640625000e+02
3.642061462402343750e+02
6.601383056640625000e+02
5.097564392089843750e+02
1.719784851074218750e+02
2.613325195312500000e+02
4.132946472167968750e+02
5.005642395019531250e+02
2.794987182617187500e+02
1.634419250488281250e+02
5.130735473632812500e+02
6.329861450195312500e+02
5.076264343261718750e+02
4.568393249511718750e+02
3.043710327148437500e+02
2.195907897949218750e+02
3.644312438964843750e+02
4.375514526367187500e+02
2.714024658203125000e+02
7.534215087890625000e+02
4.025185852050781250e+02
2.938111267089843750e+02
1.605557098388671875e+02
1.794222412109375000e+02
3.355403137207031250e+02
6.512224121093750000e+02
3.780438842773437500e+02
1.518283691406250000e+02
4.328422546386718750e+02
4.079875488281250000e+02
2.736165161132812500e+02
8.094387817382812500e+02
4.808316345214843750e+02
4.034283142089843750e+02
2.217328491210937500e+02
4.127698669433593750e+02
9.973538208007812500e+02
2.851989135742187500e+02
2.175601196289062500e+02
3.339767761230468750e+02
7.695671386718750000e+02
6.350322875976562500e+02
4.639520263671875000e+02
3.507363281250000000e+02
1.480475463867187500e+02
4.775307312011718750e+02
3.089690246582031250e+02
4.739386596679687500e+02
8.273659057617187500e+02
5.865617065429687500e+02
5.293786621093750000e+02
5.859291381835937500e+02
5.415366210937500000e+02
2.978374938964843750e+02
5.888902587890625000e+02
1.441206970214843750e+02
7.533733520507812500e+02
7.300681762695312500e+02
2.889012756347656250e+02
3.812236328125000000e+02
4.997569885253906250e+02
3.435483093261718750e+02
1.142049560546875000e+03
5.550322265625000000e+02
7.579955444335937500e+02
3.926862487792968750e+02
2.649409790039062500e+02
3.218725891113281250e+02
7.073003540039062500e+02
4.541894836425781250e+02
5.265316772460937500e+02
2.287516326904296875e+02
5.796624755859375000e+02
2.780285034179687500e+02
7.922693481445312500e+02
2.538663635253906250e+02
5.545574340820312500e+02
5.937227783203125000e+02
5.534145507812500000e+02
3.322085876464843750e+02
3.230713500976562500e+02
2.660953369140625000e+02
7.397476196289062500e+02
3.769685974121093750e+02
3.706957092285156250e+02
5.559794921875000000e+02
4.814473571777343750e+02
3.087359924316406250e+02
9.798078613281250000e+02
6.200678100585937500e+02
1.031740356445312500e+03
4.118027954101562500e+02
3.869240417480468750e+02
2.675177917480468750e+02
1.142560882568359375e+02
3.779422912597656250e+02
2.598062133789062500e+02
3.035635375976562500e+02
7.830796508789062500e+02
1.827218780517578125e+02
5.720513916015625000e+02
3.286130981445312500e+02
2.222105407714843750e+02
6.372146606445312500e+02
4.794465637207031250e+02
2.387262725830078125e+02
9.821102142333984375e+01
4.187357177734375000e+02
3.520203552246093750e+02
4.277984008789062500e+02
4.996385192871093750e+02
8.765221557617187500e+02
5.334570312500000000e+02
3.929306945800781250e+02
2.718229675292968750e+02
6.734244384765625000e+02
5.025844116210937500e+02
5.333190307617187500e+02
6.105554199218750000e+02
5.661293945312500000e+02
4.418153381347656250e+02
5.931332397460937500e+02
5.962733764648437500e+02
4.619105834960937500e+02
4.151262512207031250e+02
4.276028747558593750e+02
4.422249145507812500e+02
2.015546112060546875e+02
8.245055541992187500e+02
3.566202697753906250e+02
3.378286132812500000e+02
5.442570800781250000e+02
4.817095642089843750e+02
6.523007812500000000e+02
7.971263427734375000e+02
2.942044372558593750e+02
5.262099609375000000e+02
3.809831848144531250e+02
5.566810913085937500e+02
4.757975158691406250e+02
1.654185485839843750e+02
2.641553649902343750e+02
3.992186584472656250e+02
2.421681671142578125e+02
7.394763183593750000e+02
9.391954956054687500e+02
2.167288665771484375e+02
9.178287353515625000e+02
4.737952270507812500e+02
3.540829162597656250e+02
4.535581359863281250e+02
3.084737243652343750e+02
4.593198852539062500e+02
1.744951019287109375e+02
5.433521728515625000e+02
4.917015380859375000e+02
1.469059753417968750e+02
4.064435424804687500e+02
5.568439331054687500e+02
4.121999206542968750e+02
9.833433227539062500e+02
1.802051086425781250e+02
4.164091796875000000e+02
4.429453125000000000e+02
2.343997802734375000e+02
5.480204467773437500e+02
4.427734680175781250e+02
5.529715576171875000e+02
1.754865722656250000e+03
4.075124816894531250e+02
1.255653808593750000e+03
2.646702880859375000e+02
2.131704559326171875e+02
2.093716278076171875e+02
2.689867553710937500e+02
4.300943908691406250e+02
4.589812622070312500e+02
5.004898986816406250e+02
4.675071105957031250e+02
5.786619873046875000e+02
3.095174560546875000e+02
5.097532043457031250e+02
2.907271423339843750e+02
4.504037475585937500e+02
4.556689453125000000e+02
8.551298828125000000e+02
5.742296142578125000e+02
3.789777526855468750e+02
2.514938354492187500e+02
7.893641967773437500e+02
3.950861206054687500e+02
3.398796081542968750e+02
3.093997192382812500e+02
4.272635803222656250e+02
3.490353088378906250e+02
2.590814819335937500e+02
3.810024414062500000e+02
3.335418701171875000e+02
5.118836669921875000e+02
7.702985839843750000e+02
3.060619201660156250e+02
2.020504150390625000e+02
3.715328979492187500e+02
3.576660461425781250e+02
5.383211669921875000e+02
5.836680297851562500e+02
6.567524414062500000e+02
2.729334411621093750e+02
8.201139526367187500e+02
3.669724731445312500e+02
7.409644165039062500e+02
2.927651062011718750e+02
9.194852294921875000e+02
5.573897705078125000e+02
3.304113769531250000e+02
5.554916992187500000e+02
6.130035400390625000e+02
2.723649291992187500e+02
2.446213989257812500e+02
3.929036560058593750e+02
6.435596313476562500e+02
2.025118560791015625e+02
6.731326293945312500e+02
8.747898559570312500e+02
1.598286132812500000e+02
3.145279541015625000e+02
5.087406005859375000e+02
9.264667358398437500e+02
3.102578430175781250e+02
3.787724609375000000e+02
9.495979614257812500e+02
3.909051208496093750e+02
7.440285644531250000e+02
4.575523986816406250e+02
3.310885009765625000e+02
3.296767272949218750e+02
3.785437011718750000e+02
7.104707031250000000e+02
1.632225952148437500e+02
4.446043395996093750e+02
4.735021057128906250e+02
8.010360717773437500e+02
1.244212158203125000e+03
5.363023681640625000e+02
2.930695800781250000e+02
3.520504760742187500e+02
5.044784240722656250e+02
4.284330749511718750e+02
1.230631637573242188e+02
3.005190124511718750e+02
5.696408691406250000e+02
8.179509277343750000e+02
4.979839477539062500e+02
1.668963470458984375e+02
3.227424316406250000e+02
7.266927490234375000e+02
4.798444213867187500e+02
3.203193054199218750e+02
5.805674438476562500e+02
4.058464355468750000e+02
1.364891052246093750e+02
1.094577560424804688e+02
3.786527404785156250e+02
2.187983398437500000e+02
5.152313842773437500e+02
2.605044250488281250e+02
1.112062072753906250e+02
2.819451293945312500e+02
5.014045410156250000e+02
4.008166809082031250e+02
1.137655487060546875e+02
4.166681518554687500e+02
1.156726684570312500e+03
2.354463043212890625e+02
7.373295898437500000e+02
3.112791442871093750e+02
1.581779785156250000e+02
5.820452880859375000e+02
7.152374877929687500e+02
6.353222045898437500e+02
5.997073364257812500e+02
5.215434570312500000e+02
4.700885925292968750e+02
4.583835449218750000e+02
7.666252441406250000e+02
6.451072387695312500e+02
3.742564697265625000e+02
4.047960815429687500e+02
2.189691314697265625e+02
5.868559570312500000e+02
6.113254394531250000e+02
4.953996276855468750e+02
6.458623657226562500e+02
6.339103393554687500e+02
6.809658813476562500e+02
4.033987731933593750e+02
5.241601562500000000e+02
5.600530395507812500e+02
6.760982666015625000e+02
4.958489074707031250e+02
5.759260253906250000e+02
4.859028625488281250e+02
6.217353515625000000e+02
4.129665832519531250e+02
7.440174560546875000e+02
2.363315277099609375e+02
4.240444335937500000e+02
1.596887207031250000e+02
5.998247680664062500e+02
3.749975585937500000e+02
4.006379699707031250e+02
2.476659088134765625e+02
4.455300292968750000e+02
2.396364135742187500e+02
4.080281982421875000e+02
8.176240844726562500e+02
4.506311340332031250e+02
4.283503417968750000e+02
2.168756103515625000e+02
6.057218017578125000e+02
6.590812988281250000e+02
1.524305419921875000e+02
2.608823852539062500e+02
3.552827453613281250e+02
5.258533935546875000e+02
6.376267089843750000e+02
4.558519592285156250e+02
5.029274597167968750e+02
6.112558593750000000e+02
4.076892089843750000e+02
2.681773376464843750e+02
3.182818908691406250e+02
2.414546508789062500e+02
7.805994262695312500e+02
4.579497680664062500e+02
2.572444152832031250e+02
3.728698730468750000e+02
3.542384338378906250e+02
6.631109619140625000e+02
4.969295349121093750e+02
2.113706054687500000e+02
3.895153503417968750e+02
3.731550903320312500e+02
3.741126098632812500e+02
6.979653930664062500e+02
3.421429138183593750e+02
2.721244506835937500e+02
6.355654907226562500e+02
6.715170898437500000e+02
5.477456054687500000e+02
5.531493530273437500e+02
4.211974792480468750e+02
6.677059326171875000e+02
3.936242065429687500e+02
3.064101867675781250e+02
2.172313842773437500e+02
5.304356689453125000e+02
2.583194580078125000e+02
5.599819946289062500e+02
2.973232116699218750e+02
7.206091918945312500e+02
4.540484008789062500e+02
3.607153625488281250e+02
2.932938842773437500e+02
5.691293945312500000e+02
9.534252929687500000e+02
2.926856384277343750e+02
3.101028747558593750e+02
2.073111114501953125e+02
4.431637878417968750e+02
4.742430725097656250e+02
3.477716064453125000e+02
4.533528137207031250e+02
1.675068206787109375e+02
2.363244323730468750e+02
7.140720825195312500e+02
4.265313110351562500e+02
5.437932739257812500e+02
6.067133789062500000e+02
4.374957580566406250e+02
5.847531738281250000e+02
4.764112854003906250e+02
9.152721557617187500e+02
5.152419433593750000e+02
3.013780517578125000e+02
4.729158630371093750e+02
2.310940399169921875e+02
1.004301376342773438e+02
1.351933135986328125e+02
5.235480346679687500e+02
5.618525390625000000e+02
4.116443481445312500e+02
4.487629394531250000e+02
5.689626464843750000e+02
5.325452880859375000e+02
5.713764648437500000e+02
4.907397155761718750e+02
1.111552734375000000e+02
2.976973876953125000e+02
6.719125976562500000e+02
4.849076843261718750e+02
3.400024414062500000e+02
8.875565795898437500e+02
6.282119140625000000e+02
4.369675598144531250e+02
3.388900756835937500e+02
5.581106567382812500e+02
3.228975830078125000e+02
7.595369873046875000e+02
2.276621551513671875e+02
4.083232116699218750e+02
4.673789978027343750e+02
3.537363891601562500e+02
2.561429443359375000e+02
2.845147399902343750e+02
1.929633331298828125e+02
6.348709716796875000e+02
8.609792480468750000e+02
4.058484497070312500e+02
3.565425109863281250e+02
6.475437011718750000e+02
4.683191223144531250e+02
4.518718566894531250e+02
4.505473632812500000e+02
2.469769134521484375e+02
4.140043945312500000e+02
3.102082214355468750e+02
3.499284362792968750e+02
8.631622314453125000e+02
1.084385070800781250e+02
3.939587097167968750e+02
5.203186035156250000e+02
7.976479492187500000e+02
4.756695861816406250e+02
2.469611816406250000e+02
2.076312103271484375e+02
8.725588378906250000e+02
5.287940673828125000e+02
3.887675170898437500e+02
8.386588745117187500e+02
2.627000122070312500e+02
1.066943359375000000e+03
3.435213012695312500e+02
3.792284851074218750e+02
5.707587280273437500e+02
4.638665161132812500e+02
3.240469970703125000e+02
3.714996643066406250e+02
4.854286499023437500e+02
3.911618041992187500e+02
4.199824218750000000e+02
5.041900634765625000e+02
5.806579589843750000e+02
3.671374511718750000e+02
3.707501220703125000e+02
8.009679565429687500e+02
2.719380798339843750e+02
6.166740722656250000e+02
2.523724670410156250e+02
5.241409301757812500e+02
3.518367309570312500e+02
4.834423828125000000e+02
3.413746337890625000e+02
6.715798950195312500e+02
4.114264831542968750e+02
4.214462280273437500e+02
3.560940551757812500e+02
4.895939025878906250e+02
5.885147705078125000e+02
4.374247131347656250e+02
5.204572753906250000e+02
6.397009277343750000e+02
4.543912887573242188e+01
3.442195434570312500e+02
3.394821472167968750e+02
3.209952392578125000e+02
7.324983520507812500e+02
3.813418197631835938e+01
1.974307861328125000e+02
3.439208679199218750e+02
3.764651794433593750e+02
1.921289062500000000e+02
3.661236267089843750e+02
3.803712768554687500e+02
8.012255859375000000e+01
5.424054565429687500e+02
6.385844726562500000e+02
4.178374633789062500e+02
6.835203857421875000e+02
4.054304504394531250e+02
3.945776672363281250e+02
8.096412353515625000e+02
3.829857177734375000e+02
5.076920471191406250e+02
1.815600280761718750e+02
8.775167236328125000e+02
2.254714355468750000e+02
3.550447998046875000e+02
8.174265136718750000e+02
5.469744262695312500e+02
6.326805419921875000e+02
4.537653503417968750e+02
8.387642822265625000e+02
5.425364379882812500e+02
4.016756286621093750e+02
5.899739379882812500e+02
5.080276489257812500e+02
5.053624267578125000e+02
8.076929931640625000e+02
7.331801757812500000e+02
5.161560058593750000e+02
3.859770812988281250e+02
4.829039611816406250e+02
5.244519653320312500e+02
9.173757324218750000e+02
2.100059967041015625e+02
4.833167724609375000e+02
5.711587524414062500e+02
9.837435302734375000e+02
4.968735656738281250e+02
2.057971496582031250e+02
7.109763793945312500e+02
3.199199218750000000e+02
1.569732971191406250e+02
3.046996765136718750e+02
3.377139587402343750e+02
6.753913574218750000e+02
3.570796508789062500e+02
6.225352783203125000e+02
8.427647705078125000e+02
4.787958679199218750e+02
1.110702819824218750e+02
2.954960327148437500e+02
5.473073120117187500e+02
5.964565429687500000e+02
9.142649536132812500e+02
2.598875732421875000e+02
1.106685668945312500e+03
4.418641967773437500e+02
2.696719055175781250e+02
2.057209472656250000e+02
4.263237304687500000e+02
6.000100708007812500e+02
1.425198669433593750e+02
2.981296997070312500e+02
4.800458068847656250e+02
4.467320251464843750e+02
7.606013793945312500e+02
3.535654296875000000e+02
5.130167236328125000e+02
2.994355773925781250e+02
3.563007507324218750e+02
8.500136718750000000e+02
5.689106445312500000e+02
6.172535400390625000e+02
6.638233642578125000e+02
5.578213500976562500e+02
2.197762145996093750e+02
2.639425964355468750e+02
6.580242309570312500e+02
1.824644165039062500e+02
6.581561279296875000e+02
5.579593505859375000e+02
1.305401000976562500e+02
6.233513183593750000e+02
3.266929016113281250e+02
1.186204605102539062e+02
6.131677856445312500e+02
7.311132049560546875e+01
3.728067626953125000e+02
6.464249267578125000e+02
5.707611694335937500e+02
7.963134765625000000e+02
7.985554199218750000e+02
2.417710113525390625e+02
7.865756225585937500e+02
3.942366943359375000e+02
4.651772155761718750e+02
3.378399658203125000e+02
6.947858886718750000e+02
3.574932250976562500e+02
8.659241943359375000e+02
5.731020736694335938e+01
4.253725585937500000e+02
5.005336608886718750e+02
1.052519531250000000e+03
6.338301391601562500e+02
1.130226562500000000e+03
3.447491455078125000e+02
3.116165771484375000e+02
1.031606201171875000e+03
1.995843353271484375e+02
6.351415405273437500e+02
4.092183532714843750e+02
1.122180328369140625e+02
4.070785522460937500e+02
5.601921386718750000e+02
5.347054443359375000e+02
3.522028503417968750e+02
5.564747924804687500e+02
7.547933959960937500e+02
3.654310302734375000e+02
3.822375793457031250e+02
4.153872375488281250e+02
4.015493164062500000e+02
8.189241333007812500e+02
7.683547973632812500e+02
4.535853576660156250e+02
3.535582885742187500e+02
4.025284118652343750e+02
2.973056945800781250e+02
2.618111572265625000e+02
4.860699462890625000e+02
2.284125518798828125e+02
3.290477600097656250e+02
9.178694458007812500e+02
3.375007019042968750e+02
6.470012207031250000e+02
6.249609985351562500e+02
3.834312744140625000e+02
5.734761962890625000e+02
5.977577514648437500e+02
4.525438842773437500e+02
9.552573242187500000e+02
5.888438720703125000e+02
4.219926757812500000e+02
4.416235656738281250e+02
5.913344726562500000e+02
4.713464355468750000e+02
5.805200805664062500e+02
3.657294311523437500e+02
3.966661071777343750e+02
8.661700439453125000e+02
2.250628356933593750e+02
4.702986755371093750e+02
4.580995788574218750e+02
2.975048828125000000e+02
3.624449768066406250e+02
6.445972900390625000e+02
3.820493164062500000e+02
2.965070800781250000e+02
8.984862670898437500e+02
5.220661010742187500e+02
3.959146728515625000e+02
5.173062744140625000e+02
4.794752197265625000e+02
3.928392333984375000e+02
4.428842163085937500e+02
2.853786315917968750e+02
4.873455505371093750e+02
5.846607666015625000e+02
5.137778320312500000e+02
9.598664550781250000e+02
5.517988891601562500e+02
1.994467773437500000e+02
5.661740722656250000e+02
7.769462890625000000e+02
5.399471435546875000e+02
2.270312957763671875e+02
4.596436767578125000e+02
9.062885742187500000e+02
3.473068237304687500e+02
3.106476135253906250e+02
2.528289337158203125e+02
2.641021118164062500e+02
1.708218078613281250e+02
2.142817687988281250e+02
4.256599731445312500e+02
2.128038482666015625e+02
7.047677612304687500e+02
5.793778686523437500e+02
1.351711425781250000e+02
3.751329345703125000e+02
2.243210296630859375e+02
1.254298171997070312e+02
4.190203857421875000e+02
9.206950073242187500e+02
2.211380157470703125e+02
5.439628295898437500e+02
5.356506347656250000e+02
2.978354797363281250e+02
1.913215637207031250e+02
2.516510772705078125e+02
8.939645385742187500e+02
2.382299346923828125e+02
1.810921478271484375e+02
2.960251464843750000e+02
3.387711486816406250e+02
2.946372375488281250e+02
4.832838439941406250e+02
4.213772277832031250e+02
4.011877136230468750e+02
5.135692138671875000e+02
4.378774108886718750e+02
6.624494628906250000e+02
7.942860717773437500e+02
7.710904541015625000e+02
5.333253173828125000e+02
9.393706665039062500e+02
4.743760986328125000e+02
1.418389587402343750e+02
2.241899414062500000e+02
5.411364135742187500e+02
3.641976013183593750e+02
2.747872314453125000e+02
6.842976074218750000e+02
5.838676757812500000e+02
2.685765380859375000e+02
6.212693481445312500e+02
3.204865722656250000e+02
2.526746063232421875e+02
7.043247070312500000e+02
1.683181610107421875e+02
3.554743347167968750e+02
5.747384033203125000e+02
4.099922485351562500e+02
5.997855224609375000e+02
5.249960327148437500e+02
3.457905578613281250e+02
1.264915084838867188e+02
5.086210937500000000e+02
6.812446899414062500e+02
6.362126464843750000e+02
6.655413208007812500e+02
3.842259521484375000e+02
6.581876831054687500e+02
2.733828735351562500e+02
7.574232788085937500e+02
7.784509887695312500e+02
7.394547119140625000e+02
1.467971801757812500e+02
4.549230346679687500e+02
5.495214843750000000e+02
3.263814086914062500e+02
6.205119018554687500e+02
1.256272735595703125e+02
4.733116760253906250e+02
3.562060852050781250e+02
1.969390716552734375e+02
1.298881347656250000e+03
2.769363708496093750e+02
7.473663940429687500e+02
5.178442993164062500e+02
4.774132385253906250e+02
8.365269165039062500e+02
6.663781738281250000e+02
5.995883789062500000e+02
1.475692291259765625e+02
3.837675476074218750e+02
5.171650390625000000e+02
3.095584716796875000e+02
6.580679931640625000e+02
3.288527526855468750e+02
4.514260864257812500e+02
1.843818817138671875e+02
5.883827514648437500e+02
9.907476806640625000e+01
4.882430419921875000e+02
2.445496215820312500e+02
9.531337280273437500e+02
1.745744934082031250e+02
2.539993743896484375e+02
6.298466796875000000e+02
5.014170837402343750e+01
4.583692016601562500e+02
4.292322692871093750e+02
2.980206604003906250e+02
3.032812500000000000e+02
4.264791259765625000e+02
4.540129089355468750e+02
6.690834960937500000e+02
4.395307006835937500e+02
5.270993652343750000e+02
5.722736206054687500e+02
3.978095397949218750e+02
7.814157104492187500e+02
3.831416931152343750e+02
6.767719726562500000e+02
4.792159423828125000e+02
7.015483398437500000e+02
2.273746948242187500e+02
6.467525024414062500e+02
3.310082702636718750e+02
4.082595214843750000e+02
7.964982910156250000e+02
4.081543884277343750e+02
6.067799682617187500e+02
1.486195983886718750e+02
4.361737365722656250e+02
4.695813598632812500e+02
2.076392974853515625e+02
1.998213348388671875e+02
4.626618957519531250e+02
2.893544006347656250e+02
5.769240722656250000e+02
4.550331726074218750e+02
2.823084716796875000e+02
4.277255554199218750e+02
8.132089843750000000e+02
2.685874938964843750e+02
2.022751312255859375e+02
2.987443847656250000e+02
2.609703674316406250e+02
4.482755126953125000e+02
1.118051025390625000e+03
2.064019165039062500e+02
3.886090087890625000e+02
4.719935913085937500e+02
6.728428955078125000e+02
8.368162841796875000e+02
5.324875488281250000e+02
2.205815277099609375e+02
2.999922790527343750e+02
6.005698242187500000e+02
4.677884216308593750e+02
5.637794799804687500e+02
5.302642822265625000e+02
5.833329467773437500e+02
6.682216186523437500e+02
4.742795410156250000e+02
5.719797363281250000e+02
9.838958129882812500e+02
5.993597412109375000e+02
1.918578643798828125e+02
3.284627380371093750e+02
3.380993652343750000e+02
6.004563598632812500e+02
6.691528320312500000e+02
5.410516967773437500e+02
7.880006713867187500e+02
7.781699218750000000e+02
2.083794860839843750e+02
5.335220336914062500e+02
3.729112548828125000e+02
7.871601562500000000e+02
3.148614501953125000e+02
3.511702880859375000e+02
5.948013305664062500e+02
3.684037475585937500e+02
2.476129302978515625e+02
3.697800292968750000e+02
3.685401000976562500e+02
3.699368591308593750e+02
4.136623229980468750e+02
2.725696411132812500e+02
7.214159545898437500e+02
3.638098754882812500e+02
2.912214050292968750e+02
2.578916320800781250e+02
3.939176330566406250e+02
7.089472656250000000e+02
1.265582504272460938e+02
5.884865722656250000e+02
2.650547790527343750e+02
5.683190307617187500e+02
5.465501708984375000e+02
8.450402221679687500e+02
5.171051025390625000e+02
2.346710815429687500e+02
6.370547485351562500e+02
3.179256591796875000e+02
3.613155212402343750e+02
3.502207336425781250e+02
5.126505126953125000e+02
1.648027191162109375e+02
3.338684997558593750e+02
4.699103088378906250e+02
3.471983032226562500e+02
3.453525390625000000e+02
1.257757492065429688e+02
5.684784545898437500e+02
7.021609497070312500e+02
2.661585388183593750e+02
1.614254913330078125e+02
3.885906066894531250e+02
6.052290649414062500e+02
5.307966308593750000e+02
8.252363891601562500e+02
2.658562927246093750e+02
1.837704772949218750e+02
6.081511230468750000e+02
6.412350463867187500e+02
1.488536529541015625e+02
4.673021545410156250e+02
7.053147583007812500e+02
3.309223632812500000e+02
8.915306396484375000e+02
5.732612304687500000e+02
3.725552062988281250e+02
6.227246093750000000e+02
1.980512237548828125e+02
4.393779296875000000e+02
6.401522827148437500e+02
3.991256408691406250e+02
5.902059326171875000e+02
4.809331970214843750e+02
8.731856079101562500e+02
6.455539550781250000e+02
3.568591308593750000e+02
3.918574523925781250e+02
3.799396667480468750e+02
3.335272521972656250e+02
6.792626953125000000e+02
2.256786346435546875e+02
4.373846435546875000e+02
9.061864624023437500e+02
5.643654174804687500e+02
3.382122192382812500e+02
4.577123107910156250e+02
3.715659484863281250e+02
6.199797363281250000e+02
3.405311584472656250e+02
3.674750366210937500e+02
2.741781616210937500e+02
5.022647399902343750e+02
6.352064819335937500e+02
6.612760620117187500e+02
3.981909179687500000e+02
2.705059814453125000e+02
1.142782104492187500e+03
4.784003906250000000e+02
4.360077514648437500e+02
3.692148437500000000e+02
5.754675903320312500e+02
5.661256103515625000e+02
6.039553070068359375e+01
6.030643310546875000e+02
3.974924621582031250e+02
4.126340332031250000e+02
2.412297363281250000e+02
6.049638671875000000e+02
5.773051147460937500e+02
6.756687011718750000e+02
2.530339813232421875e+02
5.084565124511718750e+02
2.725335693359375000e+02
4.259911499023437500e+02
2.420255889892578125e+02
4.714850158691406250e+02
4.189702453613281250e+02
5.760304565429687500e+02
1.050987472534179688e+02
2.744400939941406250e+02
4.273294677734375000e+02
4.759302062988281250e+02
5.148717651367187500e+02
3.536203308105468750e+02
8.088803100585937500e+02
4.125730285644531250e+02
3.029141540527343750e+02
6.140112915039062500e+02
3.853381958007812500e+02
3.140022888183593750e+02
4.642674255371093750e+02
6.914246215820312500e+02
3.521361694335937500e+02
1.946422271728515625e+02
4.758811645507812500e+02
2.130870056152343750e+02
3.455916442871093750e+02
3.656422729492187500e+02
4.460343933105468750e+02
2.795474243164062500e+02
3.730599670410156250e+02
6.953872680664062500e+02
5.967011108398437500e+02
3.989869384765625000e+02
3.435496520996093750e+02
4.416568603515625000e+02
2.456511993408203125e+02
7.363842010498046875e+01
8.387255249023437500e+02
3.503418273925781250e+02
4.471448364257812500e+02
2.643136901855468750e+02
3.413871459960937500e+02
3.532115478515625000e+02
4.362555541992187500e+02
2.902820434570312500e+02
1.779532318115234375e+02
5.174459838867187500e+02
6.732075195312500000e+02
4.348689575195312500e+02
5.724124145507812500e+02
7.204106445312500000e+02
3.343407592773437500e+02
3.004354553222656250e+02
2.911096801757812500e+02
2.337294616699218750e+02
5.770526733398437500e+02
5.310317382812500000e+02
9.088481445312500000e+02
2.068681335449218750e+02
4.542170715332031250e+02
8.081891479492187500e+02
3.473818359375000000e+02
1.484577026367187500e+02
3.850704956054687500e+02
4.526391983032226562e+01
6.372158813476562500e+02
8.243109741210937500e+02
5.690787353515625000e+02
1.173995132446289062e+02
3.033091125488281250e+02
5.883175048828125000e+02
8.095756835937500000e+02
6.329862060546875000e+02
2.096209869384765625e+02
3.566864318847656250e+02
3.863200988769531250e+02
5.463878784179687500e+02
1.743194122314453125e+02
5.757478637695312500e+02
4.217164306640625000e+02
8.934076538085937500e+02
3.466668701171875000e+02
3.709968261718750000e+02
6.464620361328125000e+02
3.030531616210937500e+02
3.130865783691406250e+02
9.030271911621093750e+01
5.190794677734375000e+02
7.861342773437500000e+02
5.304635009765625000e+02
6.834572753906250000e+02
4.046403503417968750e+02
7.704141235351562500e+02
4.535140686035156250e+02
1.827968406677246094e+01
4.022631225585937500e+02
3.994808044433593750e+02
3.612848205566406250e+02
1.444901733398437500e+02
5.353730468750000000e+02
1.524862823486328125e+02
6.451472778320312500e+02
3.223695373535156250e+02
6.922518310546875000e+02
8.381780395507812500e+02
6.318017578125000000e+02
2.923710632324218750e+02
5.550501708984375000e+02
3.126907958984375000e+02
5.047377014160156250e+02
4.171815490722656250e+02
6.825255737304687500e+02
5.177365722656250000e+02
1.602896575927734375e+02
2.746402282714843750e+02
3.127731323242187500e+02
2.233914794921875000e+02
3.613100280761718750e+02
6.940625610351562500e+02
3.443290710449218750e+02
3.335307617187500000e+02
4.636544494628906250e+02
4.495898742675781250e+02
2.567611694335937500e+02
5.921231689453125000e+02
8.337410278320312500e+02
1.227332077026367188e+02
5.196961059570312500e+02
5.523480834960937500e+02
3.352605590820312500e+02
3.124309082031250000e+02
7.746101684570312500e+02
2.851813049316406250e+02
3.608165893554687500e+02
3.662504882812500000e+02
3.840961303710937500e+02
5.316142578125000000e+02
6.667837524414062500e+01
7.773501586914062500e+02
6.739473876953125000e+02
8.093961181640625000e+02
2.526585083007812500e+02
6.803294067382812500e+02
7.155379638671875000e+02
6.124866333007812500e+02
2.767051696777343750e+02
4.352837524414062500e+02
1.573438720703125000e+02
1.807147979736328125e+02
6.033673706054687500e+02
5.404941406250000000e+02
5.566683349609375000e+02
6.615788574218750000e+02
4.798733825683593750e+02
6.669772949218750000e+02
2.359117584228515625e+02
5.150408935546875000e+02
7.237058105468750000e+02
6.673450927734375000e+02
4.233211364746093750e+02
3.769339599609375000e+02
2.364873504638671875e+02
8.412818603515625000e+02
7.052089233398437500e+02
5.079212951660156250e+02
3.979356994628906250e+02
3.968507385253906250e+02
3.182425231933593750e+02
4.180174560546875000e+02
3.190034179687500000e+02
4.591742248535156250e+02
2.005406646728515625e+02
1.737052459716796875e+02
7.672737426757812500e+02
7.081654052734375000e+02
1.856631317138671875e+02
2.797797546386718750e+02
3.475697631835937500e+02
5.401319580078125000e+02
2.820003356933593750e+02
2.148188323974609375e+02
2.710624694824218750e+02
4.506294250488281250e+02
5.222556152343750000e+02
2.833753051757812500e+02
2.241901702880859375e+02
3.803485107421875000e+02
2.245480194091796875e+02
5.119723205566406250e+02
6.232976074218750000e+02
5.152675170898437500e+02
7.850203247070312500e+02
6.218045043945312500e+02
2.676843872070312500e+02
4.016621398925781250e+02
8.412520141601562500e+02
2.476315917968750000e+02
3.352861022949218750e+02
1.018342895507812500e+03
2.782293395996093750e+02
2.503699493408203125e+02
7.484916992187500000e+02
1.101195144653320312e+02
2.692005310058593750e+02
9.924564208984375000e+02
5.634619750976562500e+02
6.897304687500000000e+02
4.594035949707031250e+02
5.511765747070312500e+02
2.785029907226562500e+02
9.166287841796875000e+02
3.266595458984375000e+02
4.761692504882812500e+02
5.048528442382812500e+02
6.986178588867187500e+02
2.732941589355468750e+02
5.421948852539062500e+02
5.686231079101562500e+02
4.169718627929687500e+02
2.678734436035156250e+02
3.952075805664062500e+02
6.040559082031250000e+02
4.762935180664062500e+02
4.391342773437500000e+02
2.177921142578125000e+02
3.489478759765625000e+02
4.568095703125000000e+02
3.900618286132812500e+02
6.110591430664062500e+02
3.829463195800781250e+02
4.090572509765625000e+02
3.588708496093750000e+02
4.030087280273437500e+02
6.390064086914062500e+02
3.434296569824218750e+02
4.070544738769531250e+02
8.241280517578125000e+02
2.056845855712890625e+02
6.166210937500000000e+02
7.702149047851562500e+02
4.020409240722656250e+02
1.391688232421875000e+02
1.135607986450195312e+02
3.990637512207031250e+02
2.203011474609375000e+02
7.333192749023437500e+02
2.276121215820312500e+02
4.099767456054687500e+02
6.800833129882812500e+02
7.164613037109375000e+02
3.794652404785156250e+02
7.829642944335937500e+02
1.107621383666992188e+02
6.677819824218750000e+02
3.473602600097656250e+02
4.880826416015625000e+02
2.580244445800781250e+02
7.171048736572265625e+01
5.314553833007812500e+02
4.919353027343750000e+02
5.713889770507812500e+02
4.535022277832031250e+02
2.355431213378906250e+02
2.788854370117187500e+02
9.507327880859375000e+02
5.163721923828125000e+02
6.127221069335937500e+02
8.730233001708984375e+01
3.864214782714843750e+02
6.180897216796875000e+02
5.479264526367187500e+02
6.859445190429687500e+02
4.290675659179687500e+02
1.869191894531250000e+02
5.749768066406250000e+02
6.472583618164062500e+02
4.867557373046875000e+02
2.728139038085937500e+02
6.245905151367187500e+02
3.899158630371093750e+02
4.643915405273437500e+02
4.893847656250000000e+02
4.996410827636718750e+02
5.010628356933593750e+02
4.594749755859375000e+02
5.803717651367187500e+02
4.719495849609375000e+02
4.168160705566406250e+02
6.020789794921875000e+02
4.304963989257812500e+02
7.618253173828125000e+02
4.225842590332031250e+02
4.728634948730468750e+02
4.715433959960937500e+02
1.861122131347656250e+02
4.357586669921875000e+02
4.106329956054687500e+02
3.231169738769531250e+02
2.545980224609375000e+02
4.122022399902343750e+02
8.431967163085937500e+02
5.072275390625000000e+02
4.172567443847656250e+02
3.594300842285156250e+02
3.707895202636718750e+02
2.484416503906250000e+02
2.415746612548828125e+02
7.608624877929687500e+02
9.768016357421875000e+02
5.393263549804687500e+02
1.071363647460937500e+03
1.399507904052734375e+02
2.916852416992187500e+02
3.798851928710937500e+02
2.181964263916015625e+02
3.050893554687500000e+02
4.212227783203125000e+02
5.467709350585937500e+02
5.058520507812500000e+02
3.574367675781250000e+02
4.682991943359375000e+02
4.980118713378906250e+02
4.607041320800781250e+02
4.059554748535156250e+02
3.639650268554687500e+02
7.151890258789062500e+02
8.216589965820312500e+02
1.949024353027343750e+02
4.740817871093750000e+02
4.192628173828125000e+02
1.984226837158203125e+02
4.646026916503906250e+02
3.738437500000000000e+02
3.701925659179687500e+02
4.708404235839843750e+02
3.457041625976562500e+02
2.850293579101562500e+02
2.227699127197265625e+02
3.705184936523437500e+02
8.622934570312500000e+02
5.355454101562500000e+02
5.666237182617187500e+02
3.308643188476562500e+02
4.585642700195312500e+02
8.655603027343750000e+02
5.652150268554687500e+02
5.936061401367187500e+02
4.646311950683593750e+02
5.229630737304687500e+02
4.450818786621093750e+02
3.402431945800781250e+02
8.292011108398437500e+02
8.844848022460937500e+02
6.404066772460937500e+02
7.853767700195312500e+02
3.145547790527343750e+02
3.583381042480468750e+02
3.250148010253906250e+02
6.890595703125000000e+02
3.033842468261718750e+02
4.266705627441406250e+02
5.015585632324218750e+02
4.182511596679687500e+02
5.192523193359375000e+02
5.750211791992187500e+02
1.946921997070312500e+02
5.258876953125000000e+02
3.646219787597656250e+02
2.648959350585937500e+02
4.828390197753906250e+02
3.923324890136718750e+02
4.760848693847656250e+02
3.283766784667968750e+02
3.234475708007812500e+02
4.248256530761718750e+02
5.233723144531250000e+02
8.316421508789062500e+02
5.984094238281250000e+02
5.266668090820312500e+02
3.998140869140625000e+02
4.909742126464843750e+02
2.537019500732421875e+02
3.910237121582031250e+02
4.708903503417968750e+02
3.283653564453125000e+02
3.803810119628906250e+02
4.200632629394531250e+02
6.154287719726562500e+02
9.065960083007812500e+02
5.558484497070312500e+02
3.729044799804687500e+02
3.967675476074218750e+02
2.022792358398437500e+02
1.963044433593750000e+02
7.052369995117187500e+02
6.012333984375000000e+02
3.901976318359375000e+02
2.741424560546875000e+02
2.984364013671875000e+02
4.508341369628906250e+02
7.866702270507812500e+02
2.157336883544921875e+02
3.174545593261718750e+02
5.005546569824218750e+02
4.613585205078125000e+02
5.837443237304687500e+02
2.710421142578125000e+02
5.899119873046875000e+02
3.983203430175781250e+02
3.809715881347656250e+02
6.428496704101562500e+02
2.458902740478515625e+02
3.447827758789062500e+02
5.567783813476562500e+02
8.426753540039062500e+02
8.635231323242187500e+02
3.656842956542968750e+02
2.099296569824218750e+02
6.711306762695312500e+02
6.780687866210937500e+02
6.128114013671875000e+02
5.969155273437500000e+02
7.019575195312500000e+02
2.322277221679687500e+02
9.726889038085937500e+02
9.144907226562500000e+02
6.738578491210937500e+02
4.791760253906250000e+02
4.482170104980468750e+02
1.611846160888671875e+02
2.181771545410156250e+02
3.189901428222656250e+02
9.443455200195312500e+02
4.662225646972656250e+02
2.454771270751953125e+02
3.924827575683593750e+02
6.284288330078125000e+02
3.643336486816406250e+02
4.790516967773437500e+02
6.090929565429687500e+02
5.330059814453125000e+02
2.896349182128906250e+02
4.567870483398437500e+02
2.698836669921875000e+02
5.187773437500000000e+02
3.661440734863281250e+02
3.233474731445312500e+02
4.458838195800781250e+02
4.999096984863281250e+02
6.081861572265625000e+02
3.487956848144531250e+02
3.872130737304687500e+02
5.576323242187500000e+02
5.284310913085937500e+02
2.267425842285156250e+02
4.298206481933593750e+02
6.266907348632812500e+02
8.726115722656250000e+02
6.359238891601562500e+02
4.241309509277343750e+02
5.925103759765625000e+02
4.809297180175781250e+02
6.595501708984375000e+02
1.933072662353515625e+02
4.132688903808593750e+02
4.368365173339843750e+02
4.590093688964843750e+02
1.520142364501953125e+02
2.342244873046875000e+02
5.977250366210937500e+02
5.675831909179687500e+02
3.967624511718750000e+02
8.644415283203125000e+02
2.143976593017578125e+02
1.892602691650390625e+02
2.500200347900390625e+02
1.114875946044921875e+02
8.521614379882812500e+02
6.109914550781250000e+02
5.167267456054687500e+02
7.957197875976562500e+02
3.374443054199218750e+02
4.217830505371093750e+02
3.110366210937500000e+02
6.003465576171875000e+02
3.215038452148437500e+02
3.395973510742187500e+02
3.879719924926757812e+01
6.469294433593750000e+02
8.180662231445312500e+02
4.893885192871093750e+02
5.212538452148437500e+02
6.466257324218750000e+02
6.856657714843750000e+02
5.705111083984375000e+02
6.686625366210937500e+02
2.648812561035156250e+02
9.744287872314453125e+01
5.546398162841796875e+01
3.839745483398437500e+02
5.501054077148437500e+02
8.580460205078125000e+02
3.189801330566406250e+02
7.483897705078125000e+02
5.816699829101562500e+02
9.710143432617187500e+02
2.004343566894531250e+02
4.750884704589843750e+02
5.409919433593750000e+02
1.468635864257812500e+02
4.687445983886718750e+02
1.274427032470703125e+02
3.396719055175781250e+02
2.856142272949218750e+02
5.955374145507812500e+02
4.680309753417968750e+02
1.680058135986328125e+02
5.999265136718750000e+02
2.328280029296875000e+02
5.675139160156250000e+02
4.160820922851562500e+02
1.641645965576171875e+02
4.922393798828125000e+02
7.036211547851562500e+02
8.501530151367187500e+02
5.146400146484375000e+02
6.154900512695312500e+02
6.352116088867187500e+02
8.214119873046875000e+02
6.837447509765625000e+02
2.166032562255859375e+02
2.518284301757812500e+02
6.550182495117187500e+02
1.297680664062500000e+03
7.695751953125000000e+02
3.116485290527343750e+02
1.469640350341796875e+02
2.601439514160156250e+02
2.839700012207031250e+02
2.968928833007812500e+02
2.742532348632812500e+02
7.368596191406250000e+02
8.047055664062500000e+02
4.702949218750000000e+02
5.616494750976562500e+02
2.690316467285156250e+02
5.853366088867187500e+02
3.738458557128906250e+02
4.080120544433593750e+02
7.488872680664062500e+02
5.650880737304687500e+02
5.077401123046875000e+02
6.601273193359375000e+02
3.334679870605468750e+02
3.217322692871093750e+02
5.204743041992187500e+02
1.281940002441406250e+02
4.950056152343750000e+02
2.524536895751953125e+02
4.744742736816406250e+02
5.680499267578125000e+02
5.987092285156250000e+02
1.394254455566406250e+02
1.277413864135742188e+02
2.609727783203125000e+02
3.319411315917968750e+02
8.509837341308593750e+01
1.796021881103515625e+02
2.811184692382812500e+02
3.915627746582031250e+02
4.755267333984375000e+02
3.947801208496093750e+02
8.877352294921875000e+02
1.895170745849609375e+02
5.945277099609375000e+02
4.567437133789062500e+02
7.332526245117187500e+02
2.213516845703125000e+02
6.326737060546875000e+02
3.245690612792968750e+02
8.643565063476562500e+02
1.278264007568359375e+02
3.856312255859375000e+02
5.295924072265625000e+02
6.254208984375000000e+02
5.059490966796875000e+02
4.612564086914062500e+02
3.589913024902343750e+02
9.969780731201171875e+01
4.118897094726562500e+02
2.299519958496093750e+02
3.362870788574218750e+02
5.124522705078125000e+02
6.362756958007812500e+02
6.489445190429687500e+02
5.995422973632812500e+02
3.652147521972656250e+02
2.398428192138671875e+02
2.725701599121093750e+02
4.866607055664062500e+02
1.233528366088867188e+02
4.543373413085937500e+02
5.427526245117187500e+02
3.341637268066406250e+02
2.467362213134765625e+02
2.641429138183593750e+02
3.613807373046875000e+02
4.386307067871093750e+02
2.937339782714843750e+02
7.449314575195312500e+02
3.056260375976562500e+02
1.000357788085937500e+03
5.702086181640625000e+02
5.266666259765625000e+02
4.248291625976562500e+02
2.851409301757812500e+02
4.875556030273437500e+02
5.020283203125000000e+02
3.242608032226562500e+02
1.974271697998046875e+02
4.267341003417968750e+02
5.871278686523437500e+02
3.193699645996093750e+02
4.638626098632812500e+02
4.792021179199218750e+02
3.659396362304687500e+02
3.214723205566406250e+02
3.802202148437500000e+02
3.329445800781250000e+02
2.570085449218750000e+02
3.614947509765625000e+02
4.595146484375000000e+02
4.418363342285156250e+02
2.091960906982421875e+02
4.137536315917968750e+02
8.396361694335937500e+02
5.137815551757812500e+02
6.443578491210937500e+02
6.092787475585937500e+02
8.684898681640625000e+02
6.060224609375000000e+02
7.374477539062500000e+02
7.766283416748046875e+01
7.438616943359375000e+02
6.328945922851562500e+02
3.211742858886718750e+02
3.565805053710937500e+02
5.638656616210937500e+02
4.556476440429687500e+02
5.622062988281250000e+02
5.901767578125000000e+02
5.159981079101562500e+02
3.140180358886718750e+02
4.784539489746093750e+02
2.714208679199218750e+02
2.405487365722656250e+02
6.424584960937500000e+02
3.352580871582031250e+02
4.385003356933593750e+02
6.634789428710937500e+02
2.959482116699218750e+02
3.905609436035156250e+02
3.291624450683593750e+02
4.573543701171875000e+02
4.308093872070312500e+02
8.437211303710937500e+02
5.593059082031250000e+02
3.297341308593750000e+02
6.666717529296875000e+02
5.922426757812500000e+02
2.694530029296875000e+02
6.981665039062500000e+02
6.348310546875000000e+02
1.089669311523437500e+03
4.184285583496093750e+02
9.046416625976562500e+02
3.790212097167968750e+02
6.748294677734375000e+02
1.285387725830078125e+02
4.258535766601562500e+02
5.937627029418945312e+01
6.158743286132812500e+02
5.858102416992187500e+02
3.380896606445312500e+02
8.992861328125000000e+02
4.721929016113281250e+02
2.185680084228515625e+02
1.725091094970703125e+02
9.191258544921875000e+02
5.750546264648437500e+02
4.709377136230468750e+02
3.307771911621093750e+02
8.210684204101562500e+02
2.419130554199218750e+02
1.588582000732421875e+02
2.220481262207031250e+02
4.002850036621093750e+02
4.893004760742187500e+02
3.873167114257812500e+02
4.889054870605468750e+02
3.740021057128906250e+02
7.616796875000000000e+01
6.426970672607421875e+01
7.747374877929687500e+02
4.114831542968750000e+02
7.371571655273437500e+02
7.388555297851562500e+02
7.512717895507812500e+02
2.989974060058593750e+02
7.188954467773437500e+02
3.238988647460937500e+02
3.313673400878906250e+02
3.871380615234375000e+02
4.221506958007812500e+02
2.745183410644531250e+02
6.704788208007812500e+02
2.477137908935546875e+02
3.109137268066406250e+02
5.261553955078125000e+02
3.353026123046875000e+02
2.990777587890625000e+02
8.303060913085937500e+02
6.101922607421875000e+02
4.341755371093750000e+02
5.976135864257812500e+02
2.674112243652343750e+02
5.046898193359375000e+02
8.105869140625000000e+02
5.120958251953125000e+02
7.655887451171875000e+02
5.166959838867187500e+02
7.198046875000000000e+02
3.328590393066406250e+02
6.462507324218750000e+02
2.067572174072265625e+02
7.611419677734375000e+02
4.512128295898437500e+02
1.052901489257812500e+03
5.885841674804687500e+02
4.886619873046875000e+02
1.516968688964843750e+02
9.454059448242187500e+02
2.224173126220703125e+02
4.268683471679687500e+02
3.223740539550781250e+02
7.164623413085937500e+02
7.949475708007812500e+02
4.391469116210937500e+02
4.171319580078125000e+02
4.645591430664062500e+02
3.145148315429687500e+02
4.007338867187500000e+02
7.716057128906250000e+02
2.082200622558593750e+02
1.795493621826171875e+02
4.128578491210937500e+02
4.332995910644531250e+02
4.578411865234375000e+02
6.277521362304687500e+02
3.737038269042968750e+02
8.379489135742187500e+02
2.097924346923828125e+02
9.127178344726562500e+02
3.106530151367187500e+02
3.120822448730468750e+02
6.625130615234375000e+02
2.261578826904296875e+02
2.136522674560546875e+02
3.312355957031250000e+02
7.547641601562500000e+02
4.529456176757812500e+02
3.684909667968750000e+02
3.801948242187500000e+02
5.912669677734375000e+02
3.024437561035156250e+02
4.872232666015625000e+02
4.458130493164062500e+02
1.892325439453125000e+02
6.011929321289062500e+02
2.299069061279296875e+02
5.175620117187500000e+02
6.267116088867187500e+02
1.039419799804687500e+03
8.581825256347656250e+01
3.079394226074218750e+02
2.302567596435546875e+02
4.812334289550781250e+02
4.771801147460937500e+02
2.777467651367187500e+02
9.115417480468750000e+02
6.199637451171875000e+02
3.459678344726562500e+02
7.299424438476562500e+02
1.951984863281250000e+02
3.783298339843750000e+02
5.284362792968750000e+02
2.955051574707031250e+02
2.979032897949218750e+02
3.078967590332031250e+02
7.271538085937500000e+02
4.625422973632812500e+02
8.315404510498046875e+01
3.904941940307617188e+01
7.023151855468750000e+02
6.109672851562500000e+02
5.387042236328125000e+02
4.174466552734375000e+02
3.899661865234375000e+02
8.994307861328125000e+02
6.251987915039062500e+02
4.747593688964843750e+02
2.228051605224609375e+02
6.778265991210937500e+02
7.722515869140625000e+02
3.187710266113281250e+02
4.280217285156250000e+02
2.830230102539062500e+02
3.957886657714843750e+02
6.210122070312500000e+02
4.369978332519531250e+02
1.534095001220703125e+02
3.791974182128906250e+02
6.583755493164062500e+02
3.460335693359375000e+02
4.670523986816406250e+02
4.721953430175781250e+02
3.426459045410156250e+02
2.907746887207031250e+02
5.494064331054687500e+02
2.471351165771484375e+02
3.120141296386718750e+02
1.899133605957031250e+02
5.694865112304687500e+02
5.633900146484375000e+02
3.067706604003906250e+02
3.868521728515625000e+02
7.090836791992187500e+02
8.175899658203125000e+02
1.847527008056640625e+02
1.075794799804687500e+03
3.685685119628906250e+02
2.452444305419921875e+02
8.453292846679687500e+02
6.170524291992187500e+02
1.793814849853515625e+02
6.270549926757812500e+02
1.957994842529296875e+02
4.446634826660156250e+02
4.340820312500000000e+02
2.341897735595703125e+02
4.152771606445312500e+02
1.973919372558593750e+02
3.800226440429687500e+02
3.316223449707031250e+02
5.049332580566406250e+02
5.582360839843750000e+02
6.004333496093750000e+02
3.925961608886718750e+02
6.493768310546875000e+02
2.799368591308593750e+02
5.741129150390625000e+02
3.805823059082031250e+02
2.846853332519531250e+02
4.813812255859375000e+02
3.298104248046875000e+02
5.951750488281250000e+02
6.257723999023437500e+02
2.653838806152343750e+02
1.772329711914062500e+02
4.457232666015625000e+02
2.789409484863281250e+02
6.644656372070312500e+02
4.746222534179687500e+02
1.636092071533203125e+02
6.459564208984375000e+02
6.600078125000000000e+02
3.485134582519531250e+02
3.540700988769531250e+02
2.695234680175781250e+02
6.709584960937500000e+02
4.455060424804687500e+02
3.247345581054687500e+02
5.004567871093750000e+02
4.414109191894531250e+02
4.535844116210937500e+02
6.304621582031250000e+02
3.143490295410156250e+02
3.930003662109375000e+02
3.601192016601562500e+02
7.045139160156250000e+02
3.134065246582031250e+02
8.989880981445312500e+02
1.743112640380859375e+02
4.794235534667968750e+02
4.067250366210937500e+02
4.785920104980468750e+02
3.699532775878906250e+02
7.309537353515625000e+02
6.521827392578125000e+02
4.559940185546875000e+02
5.383056030273437500e+02
5.895656127929687500e+02
2.925960693359375000e+02
3.575671997070312500e+02
5.636425781250000000e+02
6.500971069335937500e+02
5.047521057128906250e+02
2.971131591796875000e+02
8.908958129882812500e+02
4.288607788085937500e+02
1.800375061035156250e+02
4.359239501953125000e+02
7.832301025390625000e+02
5.943093872070312500e+02
4.714172363281250000e+02
4.439375610351562500e+02
2.784678039550781250e+02
3.231451416015625000e+02
5.722490844726562500e+02
4.263848266601562500e+02
3.851517639160156250e+02
2.919074401855468750e+02
2.464992370605468750e+02
1.318769531250000000e+02
3.426062622070312500e+02
7.002553100585937500e+02
4.856834106445312500e+02
4.843241882324218750e+02
4.637383728027343750e+02
4.074081420898437500e+02
3.658044738769531250e+02
4.245956115722656250e+02
2.723165283203125000e+02
7.746412963867187500e+02
3.097166137695312500e+02
3.199567565917968750e+02
5.558649902343750000e+02
2.080422668457031250e+02
2.687306213378906250e+02
4.002255859375000000e+02
2.333027496337890625e+02
3.495863037109375000e+02
6.548532104492187500e+02
4.364862060546875000e+02
6.947918090820312500e+02
3.742048339843750000e+02
1.909473114013671875e+02
2.275984649658203125e+02
3.539506530761718750e+02
2.691695556640625000e+02
2.529924468994140625e+02
6.393900756835937500e+02
4.893961791992187500e+02
3.234212951660156250e+02
6.402797241210937500e+02
6.315689086914062500e+02
4.266511840820312500e+02
1.228365097045898438e+02
5.758841552734375000e+02
4.428904113769531250e+02
1.693108825683593750e+02
5.780293579101562500e+02
2.518606567382812500e+02
6.488651733398437500e+02
5.506400756835937500e+02
6.057283935546875000e+02
3.462478942871093750e+02
6.217538452148437500e+01
6.390775146484375000e+02
4.068323669433593750e+02
1.302273864746093750e+02
4.223169250488281250e+02
4.901529846191406250e+02
6.637822265625000000e+02
6.744714355468750000e+02
2.773016357421875000e+02
7.007485961914062500e+02
1.393909912109375000e+02
5.268020629882812500e+02
1.938586578369140625e+02
2.408933715820312500e+02
2.179384765625000000e+02
9.666773223876953125e+01
8.116082153320312500e+02
4.528729248046875000e+02
6.658451538085937500e+02
2.117241668701171875e+02
3.922377319335937500e+02
4.450803222656250000e+02
8.055999145507812500e+02
3.359580078125000000e+02
4.489058227539062500e+02
1.460441528320312500e+03
8.739998626708984375e+01
2.297778015136718750e+02
7.488014526367187500e+02
4.027512512207031250e+02
4.691447753906250000e+02
2.918597412109375000e+02
3.971568298339843750e+01
1.392297210693359375e+02
6.302108764648437500e+02
3.882356872558593750e+02
1.904625701904296875e+02
2.388239135742187500e+02
2.425746459960937500e+02
3.933610229492187500e+02
3.513297119140625000e+02
4.325151977539062500e+02
6.182323608398437500e+02
3.534245605468750000e+02
1.014331359863281250e+03
1.158878784179687500e+03
5.471575927734375000e+02
1.053729614257812500e+03
4.530058288574218750e+02
6.307851562500000000e+02
3.318047180175781250e+02
2.868121337890625000e+02
6.907002563476562500e+02
2.536952056884765625e+02
1.997709655761718750e+02
3.705184020996093750e+02
2.238243103027343750e+02
4.036368103027343750e+02
3.609654846191406250e+02
5.523029174804687500e+02
4.555854492187500000e+02
3.153807983398437500e+02
6.337020263671875000e+02
3.694210510253906250e+02
5.232258300781250000e+02
3.977648620605468750e+02
1.067365600585937500e+03
4.258560180664062500e+02
7.706972656250000000e+02
5.937965698242187500e+02
4.374608154296875000e+02
7.674653930664062500e+02
5.535764160156250000e+02
5.908610229492187500e+02
4.176925354003906250e+02
7.172332153320312500e+02
5.923486938476562500e+02
1.007711410522460938e+02
2.734283142089843750e+02
8.591399536132812500e+02
8.304881591796875000e+02
8.348380126953125000e+02
4.873718566894531250e+02
2.693105773925781250e+02
2.859254455566406250e+02
2.167315673828125000e+02
4.774019470214843750e+02
6.460347900390625000e+02
6.366107177734375000e+02
7.397109985351562500e+02
3.757550964355468750e+02
2.690552062988281250e+02
3.862050476074218750e+02
3.917936401367187500e+02
5.439329833984375000e+02
3.376501159667968750e+02
5.925471801757812500e+02
5.565540161132812500e+02
3.884562377929687500e+02
5.418009033203125000e+02
6.015916137695312500e+02
6.954147338867187500e+02
2.503484039306640625e+02
5.424098510742187500e+02
5.191546020507812500e+02
8.647277221679687500e+02
8.591971435546875000e+02
3.123501892089843750e+02
2.976074829101562500e+02
3.350519409179687500e+02
1.252853622436523438e+02
3.283527832031250000e+02
8.916195678710937500e+02
4.044603271484375000e+02
3.432133789062500000e+02
3.691658325195312500e+02
5.953894653320312500e+02
3.621841430664062500e+02
4.655050964355468750e+02
5.750720825195312500e+02
4.174588623046875000e+02
2.604863281250000000e+02
6.221584472656250000e+02
4.300277099609375000e+02
3.858334045410156250e+02
7.645827026367187500e+02
3.404727783203125000e+02
6.759294433593750000e+02
3.042011108398437500e+02
5.781609497070312500e+02
3.560130004882812500e+02
1.849070129394531250e+02
6.571192626953125000e+02
3.369064636230468750e+02
8.819873657226562500e+02
4.683788452148437500e+02
4.050258178710937500e+02
8.034735717773437500e+02
2.737616271972656250e+02
4.498996582031250000e+02
7.884832153320312500e+02
4.055419616699218750e+02
1.605541687011718750e+02
4.049111633300781250e+02
2.398258209228515625e+02
2.825702514648437500e+02
4.720076599121093750e+02
9.668777465820312500e+02
4.137803039550781250e+02
8.155409545898437500e+02
3.393930358886718750e+02
2.456938781738281250e+02
4.759881896972656250e+02
3.110445861816406250e+02
2.925449218750000000e+02
8.558712768554687500e+02
6.825600585937500000e+02
2.301961364746093750e+02
4.280568542480468750e+02
3.179693298339843750e+02
5.092387695312500000e+02
4.370014953613281250e+02
3.048677368164062500e+02
6.446752319335937500e+02
5.442822265625000000e+02
3.705730590820312500e+02
6.947883911132812500e+02
5.710106811523437500e+02
4.524095153808593750e+02
6.822615814208984375e+01
7.729649658203125000e+02
5.050287780761718750e+02
5.252498168945312500e+02
1.003184753417968750e+03
6.906527099609375000e+02
8.201743164062500000e+02
7.627869262695312500e+02
2.281895294189453125e+02
7.040686035156250000e+02
7.070667114257812500e+02
4.716179275512695312e+01
2.913912963867187500e+02
6.586689453125000000e+02
4.224272460937500000e+02
5.283275146484375000e+02
8.169788208007812500e+02
5.321800537109375000e+02
2.358433685302734375e+02
1.538649139404296875e+02
6.389565429687500000e+02
3.105428466796875000e+02
6.887647705078125000e+02
1.219911499023437500e+02
5.930927124023437500e+02
2.410365905761718750e+02
2.061713256835937500e+02
4.735255432128906250e+02
2.920894470214843750e+02
2.867273254394531250e+02
2.075676879882812500e+02
2.020844268798828125e+02
5.701063842773437500e+02
1.937323608398437500e+02
5.317344360351562500e+02
5.329521484375000000e+02
3.783029174804687500e+02
6.414554443359375000e+02
8.209096069335937500e+02
2.791186828613281250e+02
2.587428894042968750e+02
6.399728393554687500e+02
2.747620544433593750e+02
4.481631164550781250e+02
4.353961181640625000e+02
7.990209960937500000e+01
4.639186096191406250e+02
2.315575103759765625e+02
4.357947387695312500e+02
4.581273498535156250e+02
2.841854248046875000e+02
8.099833374023437500e+02
6.884221801757812500e+02
4.726760253906250000e+02
4.468622131347656250e+02
2.114399414062500000e+02
5.308607788085937500e+02
1.695416412353515625e+02
6.810711669921875000e+02
1.301425781250000000e+02
5.067452697753906250e+02
2.638125000000000000e+02
3.820330810546875000e+02
2.312153930664062500e+02
3.743052368164062500e+02
4.628865051269531250e+02
3.240292663574218750e+02
8.001245117187500000e+02
3.283545837402343750e+02
6.400786132812500000e+02
2.526062011718750000e+02
5.559182739257812500e+02
5.197836303710937500e+02
2.245308685302734375e+02
5.528106079101562500e+02
2.269324798583984375e+02
2.688035583496093750e+02
5.570776367187500000e+02
6.497583618164062500e+02
3.760577697753906250e+02
4.867745056152343750e+02
5.360017700195312500e+02
4.915208129882812500e+02
3.536380920410156250e+02
5.429269027709960938e+01
4.270832824707031250e+02
4.563296813964843750e+02
1.098897216796875000e+03
4.650861740112304688e+01
9.260766601562500000e+02
4.313421325683593750e+02
3.751319885253906250e+02
1.831008758544921875e+02
1.461600036621093750e+02
3.597445068359375000e+02
3.107221374511718750e+02
3.879494018554687500e+02
3.282948608398437500e+02
5.329580078125000000e+02
2.962731323242187500e+02
5.085403747558593750e+02
4.721686706542968750e+02
2.651402282714843750e+02
8.071296997070312500e+02
3.864390258789062500e+02
3.000894165039062500e+02
6.001184082031250000e+02
2.800616455078125000e+02
4.230954589843750000e+02
5.058020324707031250e+02
3.505943298339843750e+02
5.213828735351562500e+02
4.393777465820312500e+02
7.054816894531250000e+02
4.141350402832031250e+02
3.932450561523437500e+02
3.269706115722656250e+02
5.344122924804687500e+02
4.117680969238281250e+02
5.026769409179687500e+02
1.272898071289062500e+03
4.308963317871093750e+02
1.498814941406250000e+03
3.450267639160156250e+02
2.441789398193359375e+02
5.773043823242187500e+02
5.859805908203125000e+02
2.200319366455078125e+02
6.135389404296875000e+02
4.233900146484375000e+02
2.960826110839843750e+02
4.571518249511718750e+02
4.507498474121093750e+02
3.934107666015625000e+02
4.525537109375000000e+02
7.809231567382812500e+02
4.565231323242187500e+02
1.987995758056640625e+02
2.883936462402343750e+02
6.177590332031250000e+02
6.997470092773437500e+02
4.780325317382812500e+02
3.829787597656250000e+02
2.848867187500000000e+02
3.312409973144531250e+02
5.198426513671875000e+02
4.740887756347656250e+02
4.287398376464843750e+02
3.136452026367187500e+02
4.209050598144531250e+02
3.143615112304687500e+02
2.052242431640625000e+02
4.387350158691406250e+02
6.541611938476562500e+02
4.009955139160156250e+02
4.069564514160156250e+02
6.650876464843750000e+02
3.526807861328125000e+02
3.106655273437500000e+02
1.657770690917968750e+02
1.819286041259765625e+02
2.886441345214843750e+02
1.514644927978515625e+02
3.808331298828125000e+02
3.481364135742187500e+02
2.798766479492187500e+02
7.183401489257812500e+02
7.223303222656250000e+02
5.816724243164062500e+02
1.284859924316406250e+02
5.056463317871093750e+02
1.547508392333984375e+02
4.179771423339843750e+02
2.158443450927734375e+02
3.392758789062500000e+02
6.573693847656250000e+02
5.759837036132812500e+02
3.369073486328125000e+02
2.331550445556640625e+02
5.969372558593750000e+02
3.336503295898437500e+02
7.889604492187500000e+02
4.578361511230468750e+02
1.047012329101562500e+02
3.828845825195312500e+02
3.953782043457031250e+02
3.810419006347656250e+02
3.185674133300781250e+02
1.331255798339843750e+02
9.400516967773437500e+02
4.964738159179687500e+02
9.045930175781250000e+02
2.589022216796875000e+02
5.425948486328125000e+02
7.037472534179687500e+02
2.420432739257812500e+02
4.757307739257812500e+02
7.308016967773437500e+02
6.043588256835937500e+02
4.336278076171875000e+02
7.623123779296875000e+02
3.501390991210937500e+02
8.375255584716796875e+01
2.746274108886718750e+02
5.755817871093750000e+02
3.558029785156250000e+02
4.778481445312500000e+02
1.987100830078125000e+02
5.099151000976562500e+02
5.950584716796875000e+02
2.542088928222656250e+02
5.829384155273437500e+02
3.466664123535156250e+02
2.248047027587890625e+02
3.947672424316406250e+02
1.135334350585937500e+03
3.409697570800781250e+02
6.657691040039062500e+02
8.385460815429687500e+02
6.632501220703125000e+02
3.506209106445312500e+02
3.736403198242187500e+02
6.148746337890625000e+02
8.244431152343750000e+02
5.198237915039062500e+02
3.501360778808593750e+02
5.709216918945312500e+02
4.863065490722656250e+02
4.632757873535156250e+02
1.011441345214843750e+03
5.923200683593750000e+02
9.766737060546875000e+02
1.489427642822265625e+02
1.863193206787109375e+02
4.224154357910156250e+02
5.224638061523437500e+02
4.200262756347656250e+02
4.729808044433593750e+02
1.893147125244140625e+02
1.049049316406250000e+03
5.164419555664062500e+02
3.927874755859375000e+02
2.648519897460937500e+02
5.402333984375000000e+02
3.476281433105468750e+02
3.225769042968750000e+02
4.367688903808593750e+02
2.719302673339843750e+02
2.421198272705078125e+02
2.766098327636718750e+02
4.003189697265625000e+02
5.133041992187500000e+02
3.742021179199218750e+02
5.854742431640625000e+02
6.310415039062500000e+02
3.201781005859375000e+02
8.384246826171875000e+02
5.220391235351562500e+02
7.016522216796875000e+02
5.972496948242187500e+02
5.177754516601562500e+02
4.563019409179687500e+02
4.197806091308593750e+02
3.062131347656250000e+02
6.824848022460937500e+02
3.958875427246093750e+02
3.273930664062500000e+02
5.485425415039062500e+02
2.603311462402343750e+02
5.787528076171875000e+02
5.273513793945312500e+02
2.519835052490234375e+02
7.009880981445312500e+02
4.591081237792968750e+02
7.802420043945312500e+02
1.386448974609375000e+02
3.394283142089843750e+02
1.207896652221679688e+02
2.344933624267578125e+02
7.680755004882812500e+02
8.066033935546875000e+02
8.027832641601562500e+02
6.179408569335937500e+02
3.737461853027343750e+02
7.143067626953125000e+02
6.535595092773437500e+02
6.114444580078125000e+02
5.888317260742187500e+02
5.080621948242187500e+02
3.664681091308593750e+02
4.404380493164062500e+02
5.015279235839843750e+02
6.712630615234375000e+02
2.980034790039062500e+02
6.362708129882812500e+02
4.177304077148437500e+02
1.295193328857421875e+02
3.806432189941406250e+02
4.112051086425781250e+02
9.658313598632812500e+02
9.298459472656250000e+02
5.100576782226562500e+02
3.081906127929687500e+02
4.362978210449218750e+02
2.038460540771484375e+02
3.623200378417968750e+02
5.603748779296875000e+02
3.542546081542968750e+02
5.245098266601562500e+02
4.112016601562500000e+02
3.112076110839843750e+02
1.536110992431640625e+02
3.554062805175781250e+02
4.065379028320312500e+02
4.086190490722656250e+02
1.442485198974609375e+02
2.673367919921875000e+02
9.283895874023437500e+02
3.834398498535156250e+02
2.019349060058593750e+02
2.977991943359375000e+02
2.659512939453125000e+02
1.427675323486328125e+02
2.512471923828125000e+02
6.713295898437500000e+02
7.938701171875000000e+02
5.093236389160156250e+02
4.078210754394531250e+02
2.595375366210937500e+02
9.488617553710937500e+02
4.575125427246093750e+02
1.946905670166015625e+02
4.024220275878906250e+02
7.910905151367187500e+02
6.682849731445312500e+02
4.245342712402343750e+02
2.906477050781250000e+02
4.871468200683593750e+02
2.052397003173828125e+02
5.729487304687500000e+02
5.037269897460937500e+02
8.469662475585937500e+02
2.221086425781250000e+02
4.470050048828125000e+02
8.480634155273437500e+02
2.561847839355468750e+02
3.720957641601562500e+02
9.646303558349609375e+01
7.818997802734375000e+02
4.914287109375000000e+02
5.659354248046875000e+02
3.967936401367187500e+02
7.645000610351562500e+02
3.075415344238281250e+02
6.841726074218750000e+02
5.309405517578125000e+02
3.688400573730468750e+02
2.406099700927734375e+02
3.768753662109375000e+02
5.020001525878906250e+02
5.717351074218750000e+02
3.862482299804687500e+02
1.849337921142578125e+02
4.432556457519531250e+02
6.642308349609375000e+02
3.802467041015625000e+02
6.739948120117187500e+02
4.051502075195312500e+02
7.489648437500000000e+02
4.249744567871093750e+02
3.599674377441406250e+02
6.725402221679687500e+02
1.489044494628906250e+02
1.900330047607421875e+02
8.983298339843750000e+02
6.257651977539062500e+02
3.253044128417968750e+02
3.125523071289062500e+02
8.096798706054687500e+02
1.564112854003906250e+02
2.146608581542968750e+02
5.818281250000000000e+02
4.679276428222656250e+02
5.647326660156250000e+02
8.018851318359375000e+02
3.598464660644531250e+02
1.848030853271484375e+02
5.769142456054687500e+02
2.373973388671875000e+02
9.211765136718750000e+02
6.999768066406250000e+02
4.787407226562500000e+02
2.955516967773437500e+02
9.386969604492187500e+02
1.147436035156250000e+03
4.799430236816406250e+02
6.283707885742187500e+02
2.274968719482421875e+02
3.451357727050781250e+02
2.273331604003906250e+02
3.507343750000000000e+02
2.922053222656250000e+02
3.267540893554687500e+02
4.798500366210937500e+02
2.930762023925781250e+02
4.270952453613281250e+02
5.416444702148437500e+02
1.144459838867187500e+02
