1.543739013671875000e+02
2.933708190917968750e+02
3.907461547851562500e+02
6.322678222656250000e+02
4.813524780273437500e+02
4.892747192382812500e+02
5.909908447265625000e+02
5.177919921875000000e+02
5.589038085937500000e+02
8.058652343750000000e+02
2.950079650878906250e+02
4.607630004882812500e+02
9.175686035156250000e+02
2.914741821289062500e+02
1.074267730712890625e+02
2.809328613281250000e+02
6.405429687500000000e+02
9.316215209960937500e+02
5.291384887695312500e+02
2.933044433593750000e+02
6.451707153320312500e+02
2.182183685302734375e+02
7.884259033203125000e+02
8.393412475585937500e+02
5.516348876953125000e+02
3.994989318847656250e+02
3.889228515625000000e+02
2.354319152832031250e+02
3.124667053222656250e+02
3.502060546875000000e+02
2.914044799804687500e+02
3.761656494140625000e+02
2.822963867187500000e+02
6.074064331054687500e+02
3.504560546875000000e+02
4.691824951171875000e+02
4.989565124511718750e+02
9.618202972412109375e+01
2.374732666015625000e+02
2.216990051269531250e+02
2.602782592773437500e+02
6.320479736328125000e+02
5.521581420898437500e+02
2.001653137207031250e+02
2.990516662597656250e+02
1.477668609619140625e+02
8.882332611083984375e+01
4.298716735839843750e+02
1.923381958007812500e+02
1.000710510253906250e+03
2.293443756103515625e+02
7.751621704101562500e+02
3.054707641601562500e+02
4.444302673339843750e+02
4.202487487792968750e+02
2.218690032958984375e+02
6.870942382812500000e+02
3.383335571289062500e+02
3.851853942871093750e+02
9.393453369140625000e+02
5.029232177734375000e+02
3.616233215332031250e+02
5.256859741210937500e+02
5.931621704101562500e+02
4.312256164550781250e+02
3.680727844238281250e+02
2.658014526367187500e+02
5.229647827148437500e+02
3.633851623535156250e+02
5.869310302734375000e+02
6.189194335937500000e+02
2.276269531250000000e+02
6.256583862304687500e+02
9.621784057617187500e+02
2.693924560546875000e+02
4.930801391601562500e+02
2.287320709228515625e+02
4.253650817871093750e+02
2.191321411132812500e+02
3.797634582519531250e+02
6.169894409179687500e+02
7.851676025390625000e+02
3.722137756347656250e+02
6.581438598632812500e+02
6.083969726562500000e+02
3.402767028808593750e+02
6.254723510742187500e+02
3.802888183593750000e+02
2.504843750000000000e+02
2.866268310546875000e+02
4.983591613769531250e+02
6.215165405273437500e+02
2.461990203857421875e+02
5.898723754882812500e+02
1.449733886718750000e+02
5.197904052734375000e+02
6.283751831054687500e+02
5.344840087890625000e+02
6.711691284179687500e+02
7.283279418945312500e+02
7.573621215820312500e+02
5.449824218750000000e+02
4.376868591308593750e+02
8.547563934326171875e+01
4.901452636718750000e+02
1.462246246337890625e+02
5.622585449218750000e+02
3.939682617187500000e+02
2.365695648193359375e+02
5.278880004882812500e+02
3.798304748535156250e+02
6.679075317382812500e+02
3.863903808593750000e+02
5.205510253906250000e+02
4.361198120117187500e+02
4.490642395019531250e+02
2.880626525878906250e+02
3.226134948730468750e+02
8.327232666015625000e+02
4.320736083984375000e+02
2.865352783203125000e+02
7.483369140625000000e+02
1.887874145507812500e+02
7.134184570312500000e+02
3.785123901367187500e+02
3.843151245117187500e+02
8.463367309570312500e+02
3.895353698730468750e+02
4.766164245605468750e+02
3.249272460937500000e+02
8.440501098632812500e+02
5.544132690429687500e+02
3.057104797363281250e+02
6.664855346679687500e+02
4.524117431640625000e+02
4.140934143066406250e+02
2.592024230957031250e+02
2.780761718750000000e+02
3.913610534667968750e+02
4.711629028320312500e+02
4.151788635253906250e+02
4.994041748046875000e+02
3.999486083984375000e+02
3.748125915527343750e+02
8.169032592773437500e+02
3.998932800292968750e+02
4.471273193359375000e+02
1.454205169677734375e+02
7.566907958984375000e+02
6.370595703125000000e+02
6.301176757812500000e+02
3.012820129394531250e+02
1.777007904052734375e+02
4.637055969238281250e+02
9.142379760742187500e+01
2.534571075439453125e+02
5.537713012695312500e+02
4.453209228515625000e+02
3.673761596679687500e+02
1.880585174560546875e+02
7.145789184570312500e+02
4.918077392578125000e+02
3.017725219726562500e+02
1.391938629150390625e+02
5.768724975585937500e+02
3.614804382324218750e+02
6.947678833007812500e+02
2.604669799804687500e+02
5.306770629882812500e+02
6.386851196289062500e+02
5.185416870117187500e+02
4.785401611328125000e+02
3.531589965820312500e+02
7.174895019531250000e+02
9.037148437500000000e+02
4.453767700195312500e+02
5.751015625000000000e+02
5.197700195312500000e+02
4.185084228515625000e+02
4.459214172363281250e+02
4.966101684570312500e+02
4.433823547363281250e+02
3.293377075195312500e+02
6.625781860351562500e+02
1.344826507568359375e+02
4.617594299316406250e+02
6.426076049804687500e+02
1.693767700195312500e+02
2.016246185302734375e+02
4.714097290039062500e+02
2.068325805664062500e+02
3.432291259765625000e+02
4.331950378417968750e+02
3.122542114257812500e+02
6.183366088867187500e+02
7.249626464843750000e+02
6.522426147460937500e+02
3.136001281738281250e+02
5.949733886718750000e+02
2.230258636474609375e+02
6.105675659179687500e+02
4.075042114257812500e+02
2.130766601562500000e+02
6.220755615234375000e+02
4.582129516601562500e+02
3.909179382324218750e+02
7.901690673828125000e+02
6.653446044921875000e+02
7.548777465820312500e+02
3.166476745605468750e+02
2.861124267578125000e+02
5.232970581054687500e+02
4.497789916992187500e+02
9.472092285156250000e+02
3.704519958496093750e+02
6.396903076171875000e+02
2.925753479003906250e+02
5.077438049316406250e+02
2.477510681152343750e+02
8.017077026367187500e+02
2.825934753417968750e+02
4.185656127929687500e+02
2.281256713867187500e+02
9.726553955078125000e+02
2.940677795410156250e+02
2.161198730468750000e+02
4.069916381835937500e+02
8.918234863281250000e+02
2.717583618164062500e+02
5.413758544921875000e+02
3.069309997558593750e+02
6.445727539062500000e+02
8.003262329101562500e+02
1.724110260009765625e+02
3.545607299804687500e+02
6.338515014648437500e+02
4.996787109375000000e+02
4.104617004394531250e+02
3.647001037597656250e+02
1.303204498291015625e+02
4.354729919433593750e+02
6.973546752929687500e+02
3.350684204101562500e+02
8.913842773437500000e+01
8.173637695312500000e+02
8.600791625976562500e+02
3.386704101562500000e+02
7.642098388671875000e+02
1.011819885253906250e+03
4.895860290527343750e+02
6.152642822265625000e+02
4.438198242187500000e+02
4.693027343750000000e+02
4.073657226562500000e+02
7.002530517578125000e+02
2.399953918457031250e+02
7.854754638671875000e+02
3.677492980957031250e+02
3.738595886230468750e+02
1.723733673095703125e+02
1.907640533447265625e+02
2.463963165283203125e+02
7.720531005859375000e+02
3.922404785156250000e+02
6.726375122070312500e+02
2.797834472656250000e+02
4.402600097656250000e+02
4.396659240722656250e+02
6.645059204101562500e+02
2.084517211914062500e+02
6.481034545898437500e+02
6.260253906250000000e+02
6.460858764648437500e+02
5.529558715820312500e+02
3.978199462890625000e+02
6.451166992187500000e+02
1.884776306152343750e+02
4.877327575683593750e+02
6.369691772460937500e+02
5.720203857421875000e+02
2.480921325683593750e+02
4.371724243164062500e+02
3.288027648925781250e+02
4.741269836425781250e+02
1.832406768798828125e+02
6.358797607421875000e+02
2.084185638427734375e+02
8.071314697265625000e+02
2.582487792968750000e+02
2.473188323974609375e+02
4.318153991699218750e+02
3.733432922363281250e+02
8.638759155273437500e+02
5.954541015625000000e+02
2.853604431152343750e+02
5.912302856445312500e+02
2.409762878417968750e+02
5.193361206054687500e+02
4.139362182617187500e+02
4.591267395019531250e+02
5.062387695312500000e+02
6.122328491210937500e+02
4.859090270996093750e+02
4.081832885742187500e+02
4.218157958984375000e+02
3.562009887695312500e+02
5.427079467773437500e+02
4.752234802246093750e+02
4.656870117187500000e+02
1.898022003173828125e+02
2.586021423339843750e+02
8.553890380859375000e+02
4.603757019042968750e+02
3.784631042480468750e+02
2.098953399658203125e+02
6.622462768554687500e+02
4.764369812011718750e+02
3.600250244140625000e+02
1.145261596679687500e+03
3.227406311035156250e+02
8.262082519531250000e+02
3.854485168457031250e+02
5.623590698242187500e+02
3.062811279296875000e+02
3.021324768066406250e+02
6.997112426757812500e+02
6.337637939453125000e+02
3.403097534179687500e+02
3.285223083496093750e+02
2.381037597656250000e+02
1.802959899902343750e+02
9.940640258789062500e+02
2.428184356689453125e+02
4.008470458984375000e+02
3.652499694824218750e+02
4.723908691406250000e+02
2.930784606933593750e+02
1.223384246826171875e+02
3.078599243164062500e+02
3.662611083984375000e+02
2.273800659179687500e+02
6.341222534179687500e+02
7.853956909179687500e+02
3.450314025878906250e+02
2.888192138671875000e+02
4.703998184204101562e+01
5.868624877929687500e+02
3.592088928222656250e+02
3.518946838378906250e+02
5.953521118164062500e+02
7.140518188476562500e+01
3.940554809570312500e+02
4.483467407226562500e+02
3.607695922851562500e+02
5.493266601562500000e+02
5.498482666015625000e+02
4.389178771972656250e+02
5.408288574218750000e+02
5.833772583007812500e+02
5.799161376953125000e+02
4.759613037109375000e+02
6.061660156250000000e+02
4.462265319824218750e+02
4.260064697265625000e+02
5.357670288085937500e+02
1.942409362792968750e+02
4.430208435058593750e+02
6.807772827148437500e+02
5.835000228881835938e+01
4.950112915039062500e+02
7.714889526367187500e+02
4.454535827636718750e+02
3.253091735839843750e+02
3.534365539550781250e+02
3.212953491210937500e+02
3.432859191894531250e+02
6.867200317382812500e+02
2.794252319335937500e+02
3.004476013183593750e+02
2.606297607421875000e+02
5.125515136718750000e+02
6.438095092773437500e+02
1.769096221923828125e+02
4.975980834960937500e+02
1.919179992675781250e+02
4.410122070312500000e+02
3.074414978027343750e+02
5.144332275390625000e+02
3.896758728027343750e+02
3.671796569824218750e+02
2.196263732910156250e+02
3.962148437500000000e+02
2.049090728759765625e+02
4.412512207031250000e+02
2.408211975097656250e+02
1.855369262695312500e+02
5.489247436523437500e+02
5.323472976684570312e+01
2.559240417480468750e+02
5.162937622070312500e+02
5.259512329101562500e+02
5.070428466796875000e+02
5.899069824218750000e+02
2.409271697998046875e+02
5.003653259277343750e+02
4.026147766113281250e+02
3.986510925292968750e+02
1.843338623046875000e+02
4.665809936523437500e+02
5.324647827148437500e+02
3.558723449707031250e+02
2.966224060058593750e+02
3.169947509765625000e+02
4.164385070800781250e+02
7.448918457031250000e+02
4.015738830566406250e+02
3.523003540039062500e+02
6.877524414062500000e+02
2.987973327636718750e+02
2.744760742187500000e+02
2.830589599609375000e+02
5.234228515625000000e+02
5.252142333984375000e+02
2.163063507080078125e+02
5.427230224609375000e+02
1.231414871215820312e+02
4.863195190429687500e+02
6.161846313476562500e+02
6.041499633789062500e+02
3.084368591308593750e+02
4.105339965820312500e+02
8.364507446289062500e+02
2.253609008789062500e+02
9.276780700683593750e+01
5.545971069335937500e+02
8.160801391601562500e+02
7.242844238281250000e+02
3.095309753417968750e+02
8.917092895507812500e+01
4.890277099609375000e+02
1.518981475830078125e+02
5.103495483398437500e+02
2.691389465332031250e+02
8.547735595703125000e+02
6.840501708984375000e+02
3.261653442382812500e+02
5.179387207031250000e+02
2.643628845214843750e+02
3.361123962402343750e+02
4.373818969726562500e+02
3.080482177734375000e+02
3.872895812988281250e+02
6.510554199218750000e+02
2.682359619140625000e+02
4.083847961425781250e+02
4.284284057617187500e+02
3.512926330566406250e+02
6.658405761718750000e+02
5.120346069335937500e+02
5.005887145996093750e+02
7.285080566406250000e+02
3.456349182128906250e+02
3.119420166015625000e+02
6.004199829101562500e+02
8.297246093750000000e+02
4.233388061523437500e+02
5.208978881835937500e+02
6.403720703125000000e+02
2.621911010742187500e+02
4.621572265625000000e+02
5.107491149902343750e+02
4.220075378417968750e+02
1.857607269287109375e+02
2.795030212402343750e+02
1.826683044433593750e+02
3.342054443359375000e+02
3.595994873046875000e+02
8.071240844726562500e+02
5.000388488769531250e+02
2.564686279296875000e+02
4.470359802246093750e+02
5.110579223632812500e+02
2.327399444580078125e+02
3.808614807128906250e+02
4.663201904296875000e+02
4.978690185546875000e+02
5.398555297851562500e+02
3.054431457519531250e+02
4.723287658691406250e+02
4.322949523925781250e+02
3.515222778320312500e+02
5.316371459960937500e+02
3.378264770507812500e+02
2.338693695068359375e+02
3.190428771972656250e+02
3.498520812988281250e+02
2.154402465820312500e+02
5.420852050781250000e+02
3.474877929687500000e+02
5.947819213867187500e+02
2.785846252441406250e+02
6.396741333007812500e+02
1.270837020874023438e+02
4.465059204101562500e+02
3.332996826171875000e+02
3.240862426757812500e+02
3.228942260742187500e+02
8.358319702148437500e+02
7.659309692382812500e+02
8.015255126953125000e+02
5.850793457031250000e+02
4.920748596191406250e+02
2.834365539550781250e+02
3.089837036132812500e+02
6.363828735351562500e+02
5.673645629882812500e+02
7.989837036132812500e+02
3.285272521972656250e+02
4.532991333007812500e+02
4.816159973144531250e+02
8.729866333007812500e+02
4.235603332519531250e+02
3.400057067871093750e+02
6.641867675781250000e+02
4.887050476074218750e+02
4.047052917480468750e+02
2.317926635742187500e+02
6.103157958984375000e+02
6.481058349609375000e+02
7.484358520507812500e+02
4.327403259277343750e+02
3.383422546386718750e+02
4.977631225585937500e+02
2.387711181640625000e+02
3.022940673828125000e+02
3.228545532226562500e+02
3.793787536621093750e+02
3.167027282714843750e+02
3.434595031738281250e+02
4.581825866699218750e+02
1.181822875976562500e+03
7.778395385742187500e+02
4.304660339355468750e+02
3.689806213378906250e+02
4.608194580078125000e+02
7.736963500976562500e+02
7.958042602539062500e+02
3.643019714355468750e+02
6.324038696289062500e+02
2.962633361816406250e+02
4.794735412597656250e+02
4.428904113769531250e+02
2.086851196289062500e+02
7.828273315429687500e+02
5.128084106445312500e+02
3.615567932128906250e+02
4.045120849609375000e+02
6.293656616210937500e+02
4.967028503417968750e+02
3.089811706542968750e+02
5.442027587890625000e+02
2.831202697753906250e+02
3.517362976074218750e+02
8.045185546875000000e+02
4.118295593261718750e+02
2.809065246582031250e+02
2.205780792236328125e+02
6.179168701171875000e+02
3.185944213867187500e+02
8.563463134765625000e+02
1.627984619140625000e+02
4.582850952148437500e+02
8.152476196289062500e+02
3.613275451660156250e+02
2.565369873046875000e+02
5.498231201171875000e+02
6.249920043945312500e+02
3.539189147949218750e+02
6.793098754882812500e+02
6.299359741210937500e+02
2.353883361816406250e+02
6.135757446289062500e+02
2.292000122070312500e+02
4.922843017578125000e+02
1.867661743164062500e+02
3.012834472656250000e+02
7.069187011718750000e+02
1.820356292724609375e+02
2.315367889404296875e+02
4.648107604980468750e+02
6.544548950195312500e+02
7.656818237304687500e+02
1.799225769042968750e+02
4.330260009765625000e+02
4.954302368164062500e+02
1.982813568115234375e+02
4.703201904296875000e+02
5.048455505371093750e+02
1.388278808593750000e+02
4.929047241210937500e+02
3.884755859375000000e+02
6.570934448242187500e+02
6.381971435546875000e+02
5.541563110351562500e+02
2.828198547363281250e+02
5.072880249023437500e+02
3.030842895507812500e+02
6.001713256835937500e+02
4.839954833984375000e+02
4.102965087890625000e+02
6.124703369140625000e+02
2.603728027343750000e+02
6.814413452148437500e+02
2.527680664062500000e+02
6.984571533203125000e+02
2.858527832031250000e+02
5.411461791992187500e+02
2.602508850097656250e+02
4.380402526855468750e+02
4.327629089355468750e+02
3.997941589355468750e+02
2.462689208984375000e+02
1.711701202392578125e+02
6.033666992187500000e+02
2.861225891113281250e+02
3.603887023925781250e+02
2.897380676269531250e+02
1.381152954101562500e+02
2.777393493652343750e+02
7.256976318359375000e+02
5.456948852539062500e+02
2.684614868164062500e+02
5.134090576171875000e+02
5.364125976562500000e+02
2.982042236328125000e+02
7.084472045898437500e+02
5.054102783203125000e+02
7.165735473632812500e+02
4.069295654296875000e+02
3.874881591796875000e+02
1.128472412109375000e+03
3.433173522949218750e+02
3.721369934082031250e+02
5.147595825195312500e+02
5.509103393554687500e+02
4.734315490722656250e+02
9.778645629882812500e+02
5.217964477539062500e+02
1.551609497070312500e+02
1.517764282226562500e+02
3.071446838378906250e+02
8.127559204101562500e+02
2.220201416015625000e+02
4.088140258789062500e+02
7.946482543945312500e+02
2.809474487304687500e+02
5.735882568359375000e+02
1.162229537963867188e+02
2.512652282714843750e+02
6.699587402343750000e+02
5.311093139648437500e+02
9.622869262695312500e+02
2.669478149414062500e+02
2.747414855957031250e+02
6.886575317382812500e+02
6.067227783203125000e+02
3.500928649902343750e+02
1.029447753906250000e+03
4.185406494140625000e+02
1.646301422119140625e+02
4.828283081054687500e+02
7.670621337890625000e+02
5.731584472656250000e+02
7.743345336914062500e+02
3.803945617675781250e+02
5.247463378906250000e+02
5.751588745117187500e+02
3.171571044921875000e+02
7.681663818359375000e+02
2.561578063964843750e+02
3.462902526855468750e+02
8.516011962890625000e+02
3.404861450195312500e+02
5.301561279296875000e+02
1.485953369140625000e+02
2.109328002929687500e+02
2.769478759765625000e+02
6.539432373046875000e+02
6.186044921875000000e+02
4.670796508789062500e+02
4.379375000000000000e+02
3.362942199707031250e+02
3.649657592773437500e+02
3.059837036132812500e+02
8.511884155273437500e+02
4.353015747070312500e+02
5.104803771972656250e+02
6.163637084960937500e+02
3.225402526855468750e+02
2.973970031738281250e+02
3.918023681640625000e+02
4.578697509765625000e+02
4.097333679199218750e+02
5.645914306640625000e+02
2.830594177246093750e+02
6.642087402343750000e+02
5.123892211914062500e+02
8.280391235351562500e+02
1.581976318359375000e+02
5.398083496093750000e+02
5.216315917968750000e+02
6.255359497070312500e+02
5.317819213867187500e+02
5.372962646484375000e+02
4.159965515136718750e+02
9.782094116210937500e+02
3.387217712402343750e+02
2.689088439941406250e+02
3.615133056640625000e+02
2.952750549316406250e+02
6.293688354492187500e+02
3.150353088378906250e+02
7.249858398437500000e+02
7.795808715820312500e+02
3.208786621093750000e+02
5.438847045898437500e+02
2.500075988769531250e+02
7.019829101562500000e+02
3.470762023925781250e+02
1.815403442382812500e+02
8.075661621093750000e+02
4.231666259765625000e+02
6.483898925781250000e+02
3.782529602050781250e+02
4.255951843261718750e+02
4.848873291015625000e+02
3.309314270019531250e+02
1.386828308105468750e+02
5.359953002929687500e+02
5.467742919921875000e+02
6.011108016967773438e+01
4.799052429199218750e+02
6.563092041015625000e+02
4.259840698242187500e+02
5.443645019531250000e+02
5.516814575195312500e+02
8.325310668945312500e+02
1.975062561035156250e+02
2.195656890869140625e+02
6.087454833984375000e+02
5.214039306640625000e+02
1.453384246826171875e+02
4.422297363281250000e+02
5.917829589843750000e+02
5.168007812500000000e+02
3.036390380859375000e+02
6.018633422851562500e+02
2.304902038574218750e+02
4.995847473144531250e+02
1.051269775390625000e+03
9.884830322265625000e+02
2.546240844726562500e+02
4.696838378906250000e+02
4.972355957031250000e+02
2.736431884765625000e+02
8.374083862304687500e+02
3.611618652343750000e+02
3.976305236816406250e+02
2.432155914306640625e+02
4.785895080566406250e+02
3.092998352050781250e+02
3.400932006835937500e+02
3.193217163085937500e+02
4.785390319824218750e+02
4.158695373535156250e+02
1.950665588378906250e+02
3.428879089355468750e+02
2.971222534179687500e+02
2.241883239746093750e+02
3.149470520019531250e+02
2.115533142089843750e+02
2.280917510986328125e+02
4.513685302734375000e+02
4.444598693847656250e+02
3.539645385742187500e+02
7.326725463867187500e+02
3.402135314941406250e+02
5.324630126953125000e+02
2.609761047363281250e+02
6.634893798828125000e+02
1.401282043457031250e+02
3.059315795898437500e+02
3.755860900878906250e+02
2.169618988037109375e+02
4.184307479858398438e+01
6.159904174804687500e+02
3.908598632812500000e+02
6.906668090820312500e+02
4.870893249511718750e+02
2.301818847656250000e+02
2.253606719970703125e+02
5.033172607421875000e+02
1.102664672851562500e+03
5.929191284179687500e+02
7.517194213867187500e+02
6.396361083984375000e+02
3.668788452148437500e+02
3.264224548339843750e+02
6.822647094726562500e+02
5.084141235351562500e+02
4.144322509765625000e+02
7.370861816406250000e+02
4.437275085449218750e+02
2.160439453125000000e+02
8.866987304687500000e+02
3.805115051269531250e+02
1.672465515136718750e+02
6.832963256835937500e+02
4.515402832031250000e+02
5.507517089843750000e+02
5.133555297851562500e+02
3.587815246582031250e+02
4.119801025390625000e+02
2.510982055664062500e+02
5.204917602539062500e+02
2.625774841308593750e+02
3.006099548339843750e+02
1.076029357910156250e+02
5.761986083984375000e+02
2.901184997558593750e+02
4.527935485839843750e+02
3.829380798339843750e+02
2.085008697509765625e+02
4.147025756835937500e+02
7.103684692382812500e+02
5.985443115234375000e+02
2.595166320800781250e+02
3.903798217773437500e+02
2.050599060058593750e+02
3.503784179687500000e+02
8.911825561523437500e+02
5.509622802734375000e+02
5.914983520507812500e+02
2.352126159667968750e+02
2.745853576660156250e+02
1.890664367675781250e+02
7.336667480468750000e+02
3.152913513183593750e+02
2.704179687500000000e+02
5.319719238281250000e+02
4.154053039550781250e+02
3.839545593261718750e+02
3.508551940917968750e+02
6.602221679687500000e+02
4.474494018554687500e+02
2.345438842773437500e+02
1.692308807373046875e+02
5.710439453125000000e+02
5.362691650390625000e+02
6.331799316406250000e+02
2.387996978759765625e+02
5.039577636718750000e+02
5.507365112304687500e+02
4.332777709960937500e+02
5.196342773437500000e+02
8.327515869140625000e+02
7.941595458984375000e+02
4.416895751953125000e+02
6.268419799804687500e+02
6.012046508789062500e+02
3.247990112304687500e+02
8.882224121093750000e+02
5.190184936523437500e+02
2.677720031738281250e+02
7.771176757812500000e+02
3.844335021972656250e+02
4.058143920898437500e+02
6.851660156250000000e+02
6.166338500976562500e+02
3.763176574707031250e+02
4.732935180664062500e+02
2.005856323242187500e+02
9.409453125000000000e+02
1.642598266601562500e+02
3.396569519042968750e+02
5.070987243652343750e+02
4.545853576660156250e+02
4.682472229003906250e+02
4.797527465820312500e+02
5.013189086914062500e+02
3.158425712585449219e+01
3.299804687500000000e+02
2.383981475830078125e+02
8.609380493164062500e+02
3.402113647460937500e+02
2.292113189697265625e+02
5.103526916503906250e+02
4.075989074707031250e+02
3.771962280273437500e+02
9.388425903320312500e+02
4.458870849609375000e+02
3.273242797851562500e+02
3.312887268066406250e+02
4.759964294433593750e+02
5.319561767578125000e+02
3.582752380371093750e+02
4.220001525878906250e+02
2.252106018066406250e+02
4.105677185058593750e+02
2.032905731201171875e+02
7.358353881835937500e+02
5.722495727539062500e+02
2.365450592041015625e+02
5.088141174316406250e+02
4.331284484863281250e+02
3.129906005859375000e+02
3.500582885742187500e+02
5.575343017578125000e+02
3.348550720214843750e+02
6.826464843750000000e+02
5.660046997070312500e+02
3.739945983886718750e+02
3.033547973632812500e+02
3.420062255859375000e+02
2.873840942382812500e+02
8.605109863281250000e+02
8.601043701171875000e+02
6.121824951171875000e+02
6.805822143554687500e+02
3.416735229492187500e+02
4.079859008789062500e+02
5.889973754882812500e+02
5.419816894531250000e+02
8.073658447265625000e+02
3.290105285644531250e+02
5.423773193359375000e+02
3.830676879882812500e+02
1.010266601562500000e+03
4.873881835937500000e+02
4.296965942382812500e+02
1.590084228515625000e+02
4.311372070312500000e+02
5.525593261718750000e+02
1.833155517578125000e+02
5.851072998046875000e+02
2.693020019531250000e+02
1.809787139892578125e+02
4.651951293945312500e+02
2.218012390136718750e+02
5.736768188476562500e+02
5.611724243164062500e+02
2.258274383544921875e+02
5.952827758789062500e+02
4.075550231933593750e+02
5.960080566406250000e+02
5.061148376464843750e+02
3.663993835449218750e+02
6.447171630859375000e+02
6.499040527343750000e+02
8.828125000000000000e+02
3.912014770507812500e+02
4.655787963867187500e+02
3.701901245117187500e+02
3.279870910644531250e+02
5.098056335449218750e+02
7.193012084960937500e+02
3.879459838867187500e+02
5.583526000976562500e+02
6.353884277343750000e+02
5.767159423828125000e+02
2.985779724121093750e+02
4.997954711914062500e+02
4.075371398925781250e+02
2.565061645507812500e+02
3.753115234375000000e+02
2.417405548095703125e+02
4.553714294433593750e+02
1.908718109130859375e+02
4.927366333007812500e+02
5.250810546875000000e+02
6.514802856445312500e+02
4.124285278320312500e+02
2.678836059570312500e+02
4.325773315429687500e+02
4.466118469238281250e+02
6.443504028320312500e+02
8.987418823242187500e+02
2.679241333007812500e+02
7.624489746093750000e+02
3.387351379394531250e+02
2.799117126464843750e+02
3.558374633789062500e+02
2.961417541503906250e+02
4.815047912597656250e+02
2.802813720703125000e+02
3.373013610839843750e+02
3.749572143554687500e+02
2.902589416503906250e+02
4.526989135742187500e+02
4.117939758300781250e+02
3.252551879882812500e+02
1.031587280273437500e+03
5.295561523437500000e+02
4.554996337890625000e+02
6.323723144531250000e+02
4.563054199218750000e+02
5.155224609375000000e+02
7.349679565429687500e+02
7.221878051757812500e+02
3.139016113281250000e+02
3.670284118652343750e+02
4.543330383300781250e+02
6.087712402343750000e+02
2.548353424072265625e+02
1.265111312866210938e+02
2.686352233886718750e+02
3.406968078613281250e+02
1.565797882080078125e+02
2.841741027832031250e+02
3.598345031738281250e+02
5.607625122070312500e+02
6.657598876953125000e+02
4.160886840820312500e+02
5.265954589843750000e+02
2.574673156738281250e+02
5.891215209960937500e+02
2.384626159667968750e+02
2.115672760009765625e+02
8.196690063476562500e+02
2.386183776855468750e+02
8.400319824218750000e+02
8.230373535156250000e+02
2.577424926757812500e+02
2.684113159179687500e+02
4.259488220214843750e+02
7.886517333984375000e+02
9.820581054687500000e+02
6.086416015625000000e+02
8.256018066406250000e+02
4.490095214843750000e+02
3.313105468750000000e+02
9.920148315429687500e+02
5.370020141601562500e+02
4.063293762207031250e+02
2.894013671875000000e+02
7.519622802734375000e+02
3.380716552734375000e+02
1.938744812011718750e+02
4.440517578125000000e+02
2.395844573974609375e+02
3.778842163085937500e+02
2.605090026855468750e+02
9.000384521484375000e+02
6.566781005859375000e+02
5.743831176757812500e+02
3.753081665039062500e+02
4.514112854003906250e+02
5.084612121582031250e+02
4.679923095703125000e+02
4.414025573730468750e+02
4.537370910644531250e+02
3.876182861328125000e+02
4.229400329589843750e+02
2.920613708496093750e+02
7.445248413085937500e+02
5.975842285156250000e+02
4.043454284667968750e+02
6.230862426757812500e+02
6.898743896484375000e+02
3.220111999511718750e+02
4.577781982421875000e+02
6.279019775390625000e+02
3.060200195312500000e+02
3.933734436035156250e+02
3.444030456542968750e+02
2.332727966308593750e+02
5.083410339355468750e+02
4.654569702148437500e+02
5.421744995117187500e+02
6.524625244140625000e+02
8.326730346679687500e+01
7.784423828125000000e+02
5.056026000976562500e+02
5.289952392578125000e+02
5.412858886718750000e+02
2.154973754882812500e+02
3.086185607910156250e+02
6.429607543945312500e+02
1.899803466796875000e+02
3.066398620605468750e+02
9.336280517578125000e+02
3.668699951171875000e+02
6.458593750000000000e+02
1.106144409179687500e+03
2.890535888671875000e+02
2.276688385009765625e+02
5.120332031250000000e+02
2.992500915527343750e+02
5.875364379882812500e+02
4.235672607421875000e+02
4.313168029785156250e+02
7.041820068359375000e+02
4.184620056152343750e+02
2.354158782958984375e+02
7.582327270507812500e+02
5.927055664062500000e+02
3.375555419921875000e+02
6.010721435546875000e+02
4.577089538574218750e+02
3.377185363769531250e+02
5.500640869140625000e+02
2.306287536621093750e+02
2.449555816650390625e+02
2.590730895996093750e+02
4.997231750488281250e+02
6.525630493164062500e+02
5.874152832031250000e+02
4.950001831054687500e+02
6.557381591796875000e+02
6.866688842773437500e+02
3.217768249511718750e+02
9.142741088867187500e+02
2.821000061035156250e+02
3.476945800781250000e+02
3.842732543945312500e+02
8.340825195312500000e+02
2.463842010498046875e+02
4.448677673339843750e+02
5.325149536132812500e+02
5.508784790039062500e+02
6.685846557617187500e+02
6.547536010742187500e+02
4.462866821289062500e+02
4.335359802246093750e+02
6.403182373046875000e+02
4.109091796875000000e+02
6.611622314453125000e+02
1.828508605957031250e+02
4.503349914550781250e+02
4.626444091796875000e+02
5.324703369140625000e+02
8.089506835937500000e+02
2.066823883056640625e+02
6.365009765625000000e+02
5.045071411132812500e+02
6.990423583984375000e+02
1.994575500488281250e+02
2.892604980468750000e+02
5.475372924804687500e+02
3.967779235839843750e+02
2.011918182373046875e+02
6.629529418945312500e+02
1.550062408447265625e+02
5.310921630859375000e+02
2.775204772949218750e+02
7.338518066406250000e+02
4.042627868652343750e+02
4.315333557128906250e+02
4.813569030761718750e+02
5.124301757812500000e+02
2.175318908691406250e+02
4.216084289550781250e+02
1.947081756591796875e+02
3.148913879394531250e+02
1.927726287841796875e+02
6.665372314453125000e+02
1.770731658935546875e+02
3.051342468261718750e+02
2.310482788085937500e+02
3.276164855957031250e+02
3.171569824218750000e+02
3.831514892578125000e+02
4.047319030761718750e+02
1.248570327758789062e+02
4.188113403320312500e+02
5.423428344726562500e+02
7.612179565429687500e+02
4.846651306152343750e+02
4.834653625488281250e+02
4.495040283203125000e+02
7.750424194335937500e+01
3.968634338378906250e+02
2.905764160156250000e+02
4.384629821777343750e+02
2.992580566406250000e+02
4.605609741210937500e+02
2.662858581542968750e+02
1.107328369140625000e+03
4.790491943359375000e+02
3.728630981445312500e+02
5.783740234375000000e+02
4.123385925292968750e+02
4.467815856933593750e+02
3.338115234375000000e+02
4.720925903320312500e+02
6.773652954101562500e+02
4.671841125488281250e+02
5.333736572265625000e+02
2.505740203857421875e+02
6.350135498046875000e+02
2.648588867187500000e+02
5.069385681152343750e+02
4.051571350097656250e+02
4.292114868164062500e+02
4.449212341308593750e+02
1.919508514404296875e+02
1.380884094238281250e+02
5.611337280273437500e+02
2.090895233154296875e+02
2.128660888671875000e+02
2.254796905517578125e+02
3.745838317871093750e+02
3.488546447753906250e+02
5.183314208984375000e+02
3.852808837890625000e+02
2.802461242675781250e+02
2.603038330078125000e+02
2.580296630859375000e+02
2.692765808105468750e+02
2.754233093261718750e+02
8.204168701171875000e+02
3.062008056640625000e+02
7.574559936523437500e+02
9.394491577148437500e+02
2.772787475585937500e+02
7.601392822265625000e+02
2.687037963867187500e+02
2.223394470214843750e+02
2.835212707519531250e+02
4.370714111328125000e+02
2.984950561523437500e+02
1.414906982421875000e+03
3.391565246582031250e+02
7.611969604492187500e+02
9.555931396484375000e+02
6.098380126953125000e+02
6.657628784179687500e+02
1.373685760498046875e+02
4.249785766601562500e+02
4.742032165527343750e+02
2.233522644042968750e+02
3.044338684082031250e+02
5.066815185546875000e+02
3.959143371582031250e+02
6.613903198242187500e+02
4.368801879882812500e+02
5.007903747558593750e+02
7.087982788085937500e+02
5.431527099609375000e+02
5.349114990234375000e+02
6.343188476562500000e+02
4.366141967773437500e+02
4.245346679687500000e+02
1.909991149902343750e+02
4.240800781250000000e+02
3.129010009765625000e+02
5.944973754882812500e+02
4.845010681152343750e+02
2.263485870361328125e+02
3.821146850585937500e+02
5.710820922851562500e+02
5.809322509765625000e+02
5.350420532226562500e+02
8.298569335937500000e+02
3.390545959472656250e+02
3.235833435058593750e+02
5.128812866210937500e+02
4.041367797851562500e+02
8.295927124023437500e+02
5.039234924316406250e+02
4.285287475585937500e+02
5.486628417968750000e+02
2.843052673339843750e+02
7.589520874023437500e+02
2.473864440917968750e+02
5.357567749023437500e+02
2.617696838378906250e+02
4.849060668945312500e+02
8.893511962890625000e+01
3.345231323242187500e+02
5.987775268554687500e+02
6.595143432617187500e+02
1.146821289062500000e+02
5.157143554687500000e+02
6.661608276367187500e+02
7.419891967773437500e+02
3.160054016113281250e+02
4.896891174316406250e+02
3.458796386718750000e+02
1.642628021240234375e+02
3.173189392089843750e+02
2.184873962402343750e+02
1.931660919189453125e+02
5.701159667968750000e+02
4.041647033691406250e+02
2.564603881835937500e+02
6.872108764648437500e+02
4.662770080566406250e+02
5.478778076171875000e+02
2.746717224121093750e+02
4.594769897460937500e+02
6.359672241210937500e+02
4.032740173339843750e+02
9.341917724609375000e+02
9.065722045898437500e+02
5.039551696777343750e+02
2.837091674804687500e+02
1.668568572998046875e+02
3.041887207031250000e+02
3.802820129394531250e+02
6.711875000000000000e+02
1.918985748291015625e+02
3.112970581054687500e+02
7.965093994140625000e+02
1.965513763427734375e+02
3.604312438964843750e+02
4.811337280273437500e+02
4.350164794921875000e+02
3.903719482421875000e+02
3.897024230957031250e+02
5.084506225585937500e+02
3.032543640136718750e+02
9.669828796386718750e+01
2.483846435546875000e+02
3.083862304687500000e+02
8.542553710937500000e+02
5.790344848632812500e+02
5.417905273437500000e+02
2.235549621582031250e+02
3.448509521484375000e+02
4.140666503906250000e+02
3.031970520019531250e+02
3.803497924804687500e+02
2.309217071533203125e+02
2.438922882080078125e+02
3.590410156250000000e+02
8.922429809570312500e+02
6.420364379882812500e+02
4.030536804199218750e+02
7.638547363281250000e+02
4.069266052246093750e+02
6.827863159179687500e+02
2.862334594726562500e+02
1.098724853515625000e+03
7.517826538085937500e+02
4.435139770507812500e+02
2.098370666503906250e+02
6.150869140625000000e+02
4.380371704101562500e+02
2.258895111083984375e+02
3.688820190429687500e+02
4.017005920410156250e+02
4.525498657226562500e+02
2.663125000000000000e+02
3.832882690429687500e+02
3.522591247558593750e+02
6.273203735351562500e+02
4.240132751464843750e+02
3.703383178710937500e+02
3.447633666992187500e+02
9.069045410156250000e+02
5.432805175781250000e+02
3.419816589355468750e+02
9.172003173828125000e+02
2.710961303710937500e+02
7.931138305664062500e+02
2.366482238769531250e+02
5.453599243164062500e+02
2.382561798095703125e+02
8.593986206054687500e+02
5.831563720703125000e+02
1.089833068847656250e+02
4.936727600097656250e+02
2.767349853515625000e+02
6.076193237304687500e+02
2.951848754882812500e+02
3.762907409667968750e+02
3.362444152832031250e+02
5.147241821289062500e+02
6.508534545898437500e+02
5.785786743164062500e+02
4.073103942871093750e+02
3.148921813964843750e+02
3.080742492675781250e+02
4.257917785644531250e+02
5.035315856933593750e+02
4.817926025390625000e+02
9.686838989257812500e+02
5.279406738281250000e+02
3.717402954101562500e+02
5.012539672851562500e+02
4.995332946777343750e+02
4.538853149414062500e+02
5.693385009765625000e+02
4.150421447753906250e+02
6.495308227539062500e+02
3.611113891601562500e+02
4.921994323730468750e+02
6.570577392578125000e+02
3.796293945312500000e+02
4.695956726074218750e+02
5.465340576171875000e+02
3.900751037597656250e+02
4.776246948242187500e+02
5.353493652343750000e+02
5.228438720703125000e+02
5.961724853515625000e+02
4.412527770996093750e+02
3.017438354492187500e+02
6.069869995117187500e+02
1.034810791015625000e+02
3.189316711425781250e+02
9.073804931640625000e+02
5.974008178710937500e+02
2.718796081542968750e+02
1.008854736328125000e+03
2.122561798095703125e+02
4.629745178222656250e+02
2.722566223144531250e+02
1.145750488281250000e+03
6.604177856445312500e+02
1.846184844970703125e+02
3.415105590820312500e+02
5.513388671875000000e+02
6.376346435546875000e+02
6.956998901367187500e+02
4.298810119628906250e+02
3.576921081542968750e+02
1.011964843750000000e+03
5.512278442382812500e+02
2.614981689453125000e+02
1.821855010986328125e+02
3.638131103515625000e+02
5.465544433593750000e+02
3.453232421875000000e+02
2.879186706542968750e+02
4.669153137207031250e+02
4.144333801269531250e+02
6.660251464843750000e+02
3.711194763183593750e+02
4.056483764648437500e+02
2.932182312011718750e+02
4.671260070800781250e+02
8.445961914062500000e+02
6.074508056640625000e+02
4.635891113281250000e+02
4.414999389648437500e+02
7.914620361328125000e+02
6.077427978515625000e+02
3.277656250000000000e+02
6.957512207031250000e+02
5.035744323730468750e+02
4.348906860351562500e+02
5.310817260742187500e+02
7.719583740234375000e+02
3.620939941406250000e+02
6.116640625000000000e+02
1.146826782226562500e+02
1.210639114379882812e+02
7.150662841796875000e+02
5.443179931640625000e+02
3.239325561523437500e+02
4.562336730957031250e+02
7.091710815429687500e+02
4.823552551269531250e+02
9.143214111328125000e+02
5.551088867187500000e+02
4.986860351562500000e+02
7.588231811523437500e+02
4.324309692382812500e+02
3.872320556640625000e+02
6.617460327148437500e+02
2.843245544433593750e+02
4.852005004882812500e+02
7.119976806640625000e+02
2.078055725097656250e+02
4.596136474609375000e+02
8.103955078125000000e+02
2.289902954101562500e+02
4.611428833007812500e+02
5.718131103515625000e+02
3.506606140136718750e+02
2.930242309570312500e+02
1.020598220825195312e+02
5.774049072265625000e+02
6.094115600585937500e+02
9.270300292968750000e+02
5.328344116210937500e+02
7.796865844726562500e+02
2.835619201660156250e+02
2.890926818847656250e+02
5.949140014648437500e+02
4.333954772949218750e+02
4.247117919921875000e+02
1.321683044433593750e+02
2.958046569824218750e+02
6.197182617187500000e+02
4.469162292480468750e+02
2.776401977539062500e+02
6.927200927734375000e+02
5.483380126953125000e+02
3.720969848632812500e+02
5.863567504882812500e+02
2.187131500244140625e+02
5.565546875000000000e+02
3.035926208496093750e+02
2.100056152343750000e+02
3.070163574218750000e+02
2.407868347167968750e+02
1.590068359375000000e+02
5.641607666015625000e+02
3.940129699707031250e+02
3.170561218261718750e+02
2.669491882324218750e+02
4.351811828613281250e+02
6.012798461914062500e+02
2.157515411376953125e+02
5.319012451171875000e+02
1.524417877197265625e+02
5.320089111328125000e+02
6.847129516601562500e+02
1.928929748535156250e+02
2.031883392333984375e+02
6.146574096679687500e+02
1.683886108398437500e+02
3.840502624511718750e+02
3.260555419921875000e+02
2.155047149658203125e+02
2.913213500976562500e+02
2.935546264648437500e+02
4.181941223144531250e+02
1.086978302001953125e+02
3.993047485351562500e+02
5.995795288085937500e+02
5.591355590820312500e+02
3.921799011230468750e+02
4.643126220703125000e+02
4.773525695800781250e+02
6.353826904296875000e+02
3.039689941406250000e+02
6.489274291992187500e+02
5.059478759765625000e+02
1.377330627441406250e+02
2.069079132080078125e+02
1.856857604980468750e+02
4.056118164062500000e+02
5.769398803710937500e+02
8.290275268554687500e+02
2.540400390625000000e+02
5.583829345703125000e+02
4.938794250488281250e+02
6.789858398437500000e+02
3.815341491699218750e+02
3.135360717773437500e+02
1.429237365722656250e+02
5.533866577148437500e+02
5.194010009765625000e+02
5.686708984375000000e+02
5.058137817382812500e+02
1.815013427734375000e+02
3.777687072753906250e+02
3.915188903808593750e+02
5.383497314453125000e+02
6.239131469726562500e+02
9.882868652343750000e+02
4.264479064941406250e+02
3.499143981933593750e+02
2.797859497070312500e+02
3.293858947753906250e+02
6.685126953125000000e+02
2.332664184570312500e+02
8.709827270507812500e+02
5.131056518554687500e+02
6.540826416015625000e+02
6.233402099609375000e+02
2.979757385253906250e+02
3.442176818847656250e+02
7.682640991210937500e+02
2.665804138183593750e+02
2.230654907226562500e+02
3.534279479980468750e+02
5.196349487304687500e+02
5.280728149414062500e+01
6.900034179687500000e+02
2.968374023437500000e+02
3.323544006347656250e+02
4.641075744628906250e+02
4.012200622558593750e+02
2.934857177734375000e+02
2.933699645996093750e+02
5.529901123046875000e+02
4.414927978515625000e+02
1.235940704345703125e+02
6.671075439453125000e+02
4.770125732421875000e+02
3.666271972656250000e+02
1.982590179443359375e+02
3.833967895507812500e+02
5.320304565429687500e+02
5.137395019531250000e+02
5.245670166015625000e+02
5.075699768066406250e+02
3.890594787597656250e+02
4.760759277343750000e+02
5.158908691406250000e+02
4.594529113769531250e+02
6.984528198242187500e+02
6.944199218750000000e+02
5.442689208984375000e+02
2.444949188232421875e+02
6.019311523437500000e+02
5.813006591796875000e+02
1.666269073486328125e+02
7.205197753906250000e+02
4.493434448242187500e+02
5.717169799804687500e+02
7.589378051757812500e+02
4.668082580566406250e+02
4.521719665527343750e+02
1.019800964355468750e+03
2.711177978515625000e+02
4.632131958007812500e+02
4.066917419433593750e+02
3.576749267578125000e+02
5.483572998046875000e+02
6.013145751953125000e+02
6.292813110351562500e+02
2.096704406738281250e+02
7.384494018554687500e+02
3.407311401367187500e+02
3.062568054199218750e+02
2.202258148193359375e+02
5.810665893554687500e+02
1.107964553833007812e+02
4.041518249511718750e+02
4.274526062011718750e+02
7.033380737304687500e+02
3.719273376464843750e+02
1.975946502685546875e+02
2.569201049804687500e+02
7.266765136718750000e+02
2.983894348144531250e+02
9.528743896484375000e+02
6.997700805664062500e+02
3.170653381347656250e+02
3.163401184082031250e+02
2.705955810546875000e+02
3.429235534667968750e+02
4.604926452636718750e+02
4.062152404785156250e+02
5.665874633789062500e+02
4.322111511230468750e+02
4.587722778320312500e+02
3.379805908203125000e+02
7.977412109375000000e+02
3.106881713867187500e+02
4.870474243164062500e+02
5.262283935546875000e+02
3.740522155761718750e+02
6.264226074218750000e+02
9.478266601562500000e+02
8.039224243164062500e+02
5.279589843750000000e+02
6.072051391601562500e+02
5.399985961914062500e+02
5.177152709960937500e+02
6.367554931640625000e+02
5.557642211914062500e+02
6.376329345703125000e+02
2.859922180175781250e+02
6.412388916015625000e+02
4.421044921875000000e+02
2.120078430175781250e+02
2.961830749511718750e+02
4.821754150390625000e+02
5.219251098632812500e+02
2.872506713867187500e+02
6.314674072265625000e+02
5.205670166015625000e+02
2.330043182373046875e+02
4.513024597167968750e+02
7.295722045898437500e+02
2.247281494140625000e+02
4.007203979492187500e+02
1.861826782226562500e+02
6.070029296875000000e+02
6.458452758789062500e+02
3.495510864257812500e+02
6.989666748046875000e+02
2.952560424804687500e+02
3.648726501464843750e+02
6.280889892578125000e+02
4.734811706542968750e+02
4.807053527832031250e+02
6.267670288085937500e+02
3.933104248046875000e+02
4.604857788085937500e+02
2.084251556396484375e+02
3.167148437500000000e+02
2.725223693847656250e+02
6.224661254882812500e+02
4.886435546875000000e+02
5.017823486328125000e+02
4.803273620605468750e+02
3.383166503906250000e+02
7.472775878906250000e+02
4.250305480957031250e+02
7.540763549804687500e+02
3.149806823730468750e+02
5.175182495117187500e+02
6.305009155273437500e+02
7.378475341796875000e+02
2.353531646728515625e+02
5.103871154785156250e+02
2.149461975097656250e+02
2.722207641601562500e+02
5.330138549804687500e+02
4.688681335449218750e+02
5.095708007812500000e+02
4.798765563964843750e+02
5.561892089843750000e+02
3.165416870117187500e+02
2.788110961914062500e+02
3.927880859375000000e+02
3.818313903808593750e+02
4.703104248046875000e+02
3.262643127441406250e+02
2.909801330566406250e+02
5.390132446289062500e+02
2.668660583496093750e+02
5.278848266601562500e+02
5.427313842773437500e+02
6.621607055664062500e+02
7.710747528076171875e+01
2.741242980957031250e+02
2.029220581054687500e+02
7.807224731445312500e+02
7.074915771484375000e+02
2.773754882812500000e+02
4.963558349609375000e+02
5.975796508789062500e+02
2.366175079345703125e+02
4.644644165039062500e+02
4.674844665527343750e+02
1.071489791870117188e+02
3.637568664550781250e+02
5.611765136718750000e+02
4.787187194824218750e+02
3.779012451171875000e+02
2.342974243164062500e+02
6.744836425781250000e+02
1.811285400390625000e+02
1.584640502929687500e+02
3.996166381835937500e+02
4.141707153320312500e+02
3.619505004882812500e+02
2.735096740722656250e+02
3.176295776367187500e+02
4.016117248535156250e+02
6.457608032226562500e+02
4.160546875000000000e+02
2.719539794921875000e+02
4.817716979980468750e+02
8.412996826171875000e+02
2.793977966308593750e+02
2.939243774414062500e+02
5.247354125976562500e+02
6.532414550781250000e+02
5.356326904296875000e+02
1.093978424072265625e+02
7.935588989257812500e+02
3.409016113281250000e+02
4.340444641113281250e+02
1.698229980468750000e+02
5.565802612304687500e+02
3.194942626953125000e+02
1.934489135742187500e+02
5.820855102539062500e+02
6.113795166015625000e+02
3.384364013671875000e+02
3.904133300781250000e+02
3.516491088867187500e+02
2.841329345703125000e+02
1.218885345458984375e+02
2.225696563720703125e+02
5.077164001464843750e+02
4.870158386230468750e+02
6.923640136718750000e+02
3.332856140136718750e+02
5.140322265625000000e+02
9.897867584228515625e+01
1.288953399658203125e+02
3.842913208007812500e+02
2.501612396240234375e+02
8.923391723632812500e+01
4.979177246093750000e+02
2.878206787109375000e+02
4.300194091796875000e+02
1.018247985839843750e+03
3.350104980468750000e+02
3.884323120117187500e+02
7.907805175781250000e+02
5.334178466796875000e+02
4.544859008789062500e+02
1.372792663574218750e+02
5.356790771484375000e+02
4.612682495117187500e+02
6.767341918945312500e+02
4.450060424804687500e+02
1.544356842041015625e+02
3.612401733398437500e+02
4.007428894042968750e+02
1.033894165039062500e+03
3.031831970214843750e+02
4.400159606933593750e+02
5.191927490234375000e+02
7.274271850585937500e+02
5.607669677734375000e+02
2.580818481445312500e+02
4.516647033691406250e+02
4.248332519531250000e+02
5.851538696289062500e+02
5.989826049804687500e+02
2.537146606445312500e+02
3.776962585449218750e+02
4.201965026855468750e+02
6.135541992187500000e+02
7.016856079101562500e+02
1.382864685058593750e+02
7.958171081542968750e+01
1.967903289794921875e+02
4.216637268066406250e+02
5.015579528808593750e+02
7.555038452148437500e+01
4.273723754882812500e+02
2.758905944824218750e+02
4.142743225097656250e+02
2.765236206054687500e+02
3.968004455566406250e+02
5.615280761718750000e+02
3.164997863769531250e+02
4.842217712402343750e+02
6.243307495117187500e+02
5.862662353515625000e+02
1.026432495117187500e+03
4.049354553222656250e+02
4.485657958984375000e+02
8.729329681396484375e+01
8.150633544921875000e+02
8.810067138671875000e+02
3.403134155273437500e+02
5.191694335937500000e+02
3.624726867675781250e+02
5.095146179199218750e+02
1.110272460937500000e+03
4.990091857910156250e+02
1.897523193359375000e+02
2.510071563720703125e+02
2.522207794189453125e+02
5.314052124023437500e+02
4.024847412109375000e+02
5.298184204101562500e+02
5.801311645507812500e+02
2.578913574218750000e+02
9.045200805664062500e+02
1.109191040039062500e+03
2.660766906738281250e+02
6.681101074218750000e+02
6.507222900390625000e+02
5.704572143554687500e+02
4.654966735839843750e+02
3.798151245117187500e+02
7.094561767578125000e+02
4.929613647460937500e+02
5.582041015625000000e+02
8.416791992187500000e+02
1.673847503662109375e+02
3.064914245605468750e+02
4.590613708496093750e+02
8.385164184570312500e+02
6.767315063476562500e+02
3.573223876953125000e+02
6.914140625000000000e+02
5.186552734375000000e+02
7.512172851562500000e+02
3.748071289062500000e+02
2.896040954589843750e+02
5.300597534179687500e+02
4.050604248046875000e+02
3.971768798828125000e+02
8.861780395507812500e+02
3.776761474609375000e+02
5.433195800781250000e+02
6.222196655273437500e+02
4.619424743652343750e+02
2.549393615722656250e+02
6.353894653320312500e+02
2.244469604492187500e+02
3.146390075683593750e+02
4.589819641113281250e+02
6.987370605468750000e+02
4.042675781250000000e+02
8.029473266601562500e+02
3.526473693847656250e+02
1.004590820312500000e+03
5.385929565429687500e+02
4.041713867187500000e+02
2.291185150146484375e+02
2.642134704589843750e+02
6.475302124023437500e+02
2.479964752197265625e+02
3.910571289062500000e+02
5.789732055664062500e+02
6.160006103515625000e+02
4.316645202636718750e+02
4.724984436035156250e+02
3.887064819335937500e+02
4.177053833007812500e+02
7.115503540039062500e+02
6.149278564453125000e+02
5.352681274414062500e+02
8.124628295898437500e+02
3.297760009765625000e+02
5.090703430175781250e+02
1.973263549804687500e+02
7.111984252929687500e+02
1.191604125976562500e+03
2.467371826171875000e+02
4.071688842773437500e+02
2.566151733398437500e+02
6.267252197265625000e+02
1.963365478515625000e+02
5.840822143554687500e+02
5.446407470703125000e+02
3.449233398437500000e+02
5.083208007812500000e+02
8.371322631835937500e+02
3.269605102539062500e+02
5.139804077148437500e+02
3.319364624023437500e+02
5.156436157226562500e+02
8.462534790039062500e+02
8.122996826171875000e+02
4.270256652832031250e+02
3.720366821289062500e+02
3.536720581054687500e+02
7.677721557617187500e+02
3.685402221679687500e+02
3.584588928222656250e+02
4.302338867187500000e+02
5.819862060546875000e+02
4.421568603515625000e+02
2.888148193359375000e+02
3.286574707031250000e+02
6.422444458007812500e+02
6.058481445312500000e+02
7.545560302734375000e+02
2.959384155273437500e+02
4.295920410156250000e+02
6.724331054687500000e+02
6.068674316406250000e+02
6.211512451171875000e+02
4.650086669921875000e+02
4.689898986816406250e+02
6.242989501953125000e+02
4.874093627929687500e+02
2.452070159912109375e+02
6.674970703125000000e+02
5.191655273437500000e+02
6.800085449218750000e+02
4.498196105957031250e+02
5.381251831054687500e+02
6.507216186523437500e+02
4.327817687988281250e+02
3.297830810546875000e+02
5.614051055908203125e+01
3.221129760742187500e+02
4.867268371582031250e+02
6.031632690429687500e+02
5.590380859375000000e+02
3.861381835937500000e+02
4.445505065917968750e+02
4.701517028808593750e+02
6.997255859375000000e+02
6.913200683593750000e+02
4.506790466308593750e+02
3.920583801269531250e+02
3.474920959472656250e+02
4.178458862304687500e+02
4.150111389160156250e+02
4.536181640625000000e+02
3.800249938964843750e+02
4.147821960449218750e+02
6.320692138671875000e+02
2.427316894531250000e+02
4.559864501953125000e+02
2.424479675292968750e+02
5.705455932617187500e+02
7.263832397460937500e+02
3.110314941406250000e+02
1.137482147216796875e+02
3.660620727539062500e+02
5.396296386718750000e+02
6.997497558593750000e+02
6.288005981445312500e+02
4.296179199218750000e+02
7.224670410156250000e+02
6.564025878906250000e+02
1.456286254882812500e+03
7.847196044921875000e+02
3.925744628906250000e+02
5.318190307617187500e+02
3.099760437011718750e+02
9.383662109375000000e+02
3.781033325195312500e+02
6.194158935546875000e+02
2.432134857177734375e+02
5.403792114257812500e+02
3.197534790039062500e+02
7.272975463867187500e+02
4.178930358886718750e+02
3.429718627929687500e+02
6.330474243164062500e+02
4.388370361328125000e+02
7.099857177734375000e+02
7.124237670898437500e+02
3.808513183593750000e+02
1.831696319580078125e+02
6.502117309570312500e+02
1.162422485351562500e+02
7.694807128906250000e+02
4.195163574218750000e+02
3.790229797363281250e+02
4.431925354003906250e+02
8.414934082031250000e+02
6.323765869140625000e+02
4.029051818847656250e+02
1.912039794921875000e+02
1.663918457031250000e+02
1.749041442871093750e+02
2.496408538818359375e+02
4.399500427246093750e+02
3.326473693847656250e+02
3.579495544433593750e+02
3.882605895996093750e+02
2.889708557128906250e+02
5.190731201171875000e+02
4.651838073730468750e+02
1.517643890380859375e+02
2.900913085937500000e+02
2.342288513183593750e+02
3.221412353515625000e+02
2.187428283691406250e+02
2.387550506591796875e+02
8.237752532958984375e+01
3.655795593261718750e+02
3.120472717285156250e+02
5.896522216796875000e+02
4.402543334960937500e+02
3.026326599121093750e+02
7.048113403320312500e+02
1.267566452026367188e+02
4.383652038574218750e+02
4.212074279785156250e+02
5.351245117187500000e+02
5.073861999511718750e+02
2.403056793212890625e+02
7.726978759765625000e+02
1.038392486572265625e+02
2.792629089355468750e+02
7.734676513671875000e+02
3.976642456054687500e+02
1.084116134643554688e+02
4.403357543945312500e+02
1.080034103393554688e+02
5.149364013671875000e+02
3.485146484375000000e+02
3.292366638183593750e+02
5.357531127929687500e+02
4.890005187988281250e+02
3.605522766113281250e+02
5.698659057617187500e+02
6.215686645507812500e+02
3.736707763671875000e+02
1.325600128173828125e+02
2.006342315673828125e+02
7.226412963867187500e+02
3.632974853515625000e+02
6.749308471679687500e+02
4.991731567382812500e+02
6.440071411132812500e+02
5.042584838867187500e+02
1.361534423828125000e+02
5.712183837890625000e+02
3.547307128906250000e+02
3.516393127441406250e+02
7.216243286132812500e+02
4.076456909179687500e+02
4.913379211425781250e+02
6.055617675781250000e+02
3.316292114257812500e+02
3.866132507324218750e+02
3.343438415527343750e+02
6.340206298828125000e+02
2.728518981933593750e+02
5.190296630859375000e+02
7.311306152343750000e+02
3.294843139648437500e+02
3.856598205566406250e+02
9.422405395507812500e+02
5.646214599609375000e+02
6.304476318359375000e+02
4.046253356933593750e+02
1.911271667480468750e+02
4.921881713867187500e+02
3.908189086914062500e+02
7.423935546875000000e+02
5.533925170898437500e+02
3.700133361816406250e+02
2.137036437988281250e+02
6.094369506835937500e+02
6.699306030273437500e+02
4.550364074707031250e+02
3.264234008789062500e+02
4.143521118164062500e+02
4.842603149414062500e+02
2.296199035644531250e+02
1.625153045654296875e+02
1.614532318115234375e+02
6.550897216796875000e+02
3.627714538574218750e+02
3.458515319824218750e+02
4.590014343261718750e+02
5.623840942382812500e+02
4.369515991210937500e+02
5.045386657714843750e+02
5.254398193359375000e+02
5.076334228515625000e+02
3.106556701660156250e+02
5.096748352050781250e+02
5.797459716796875000e+02
4.018122863769531250e+02
2.035866546630859375e+02
4.148042907714843750e+02
6.073942260742187500e+02
3.988098754882812500e+02
3.683815002441406250e+02
4.686354064941406250e+02
2.645427551269531250e+02
1.976348571777343750e+02
2.207619018554687500e+02
1.520224151611328125e+02
2.926394348144531250e+02
1.368753204345703125e+02
2.180001831054687500e+02
6.791205444335937500e+02
8.315593261718750000e+02
2.260927429199218750e+02
6.333345336914062500e+02
3.265140380859375000e+02
3.816117858886718750e+02
2.521334838867187500e+02
4.861824035644531250e+02
5.390300903320312500e+02
1.882715759277343750e+02
3.687053222656250000e+02
9.277765655517578125e+01
4.296792907714843750e+02
7.420803833007812500e+02
6.514729003906250000e+02
7.828338623046875000e+01
1.548364105224609375e+02
2.298957977294921875e+02
1.698125000000000000e+02
1.564182434082031250e+02
6.355380859375000000e+02
2.704884338378906250e+02
4.111419067382812500e+02
1.079693359375000000e+03
2.841889953613281250e+02
2.649924011230468750e+02
3.339467163085937500e+02
5.507878417968750000e+02
4.219676818847656250e+02
5.780425415039062500e+02
2.063433532714843750e+02
3.467532348632812500e+02
3.570712585449218750e+02
3.747264709472656250e+02
6.274177856445312500e+02
6.019978637695312500e+02
3.379373474121093750e+02
5.618724365234375000e+02
2.386727142333984375e+02
4.339200744628906250e+02
4.953013610839843750e+02
4.968693237304687500e+02
8.621411743164062500e+02
3.282616271972656250e+02
4.907471313476562500e+02
1.424175720214843750e+02
5.683770141601562500e+02
4.683653564453125000e+02
2.870953674316406250e+02
5.278424072265625000e+02
6.014005126953125000e+02
7.170347900390625000e+02
7.981769409179687500e+02
4.847454528808593750e+02
6.030650634765625000e+02
3.461858825683593750e+02
3.188078613281250000e+02
4.468039245605468750e+02
9.621134948730468750e+01
7.521386108398437500e+02
2.665808105468750000e+02
3.720928039550781250e+02
8.915328369140625000e+02
4.208555908203125000e+02
2.840132141113281250e+02
4.678565368652343750e+02
4.980379638671875000e+02
4.373920288085937500e+02
3.176771850585937500e+02
1.642492523193359375e+02
1.537644805908203125e+02
2.761563415527343750e+02
3.521072387695312500e+02
2.691407165527343750e+02
4.090173950195312500e+02
3.237125244140625000e+02
2.005799102783203125e+02
4.572342834472656250e+02
2.466175994873046875e+02
1.110304641723632812e+02
8.518627929687500000e+02
1.150881958007812500e+03
3.355296020507812500e+02
3.352555236816406250e+02
6.800673828125000000e+02
2.972514343261718750e+02
4.752086486816406250e+02
4.266636962890625000e+02
5.333514404296875000e+02
4.821229248046875000e+02
6.327550659179687500e+02
3.193480529785156250e+02
5.652127685546875000e+02
3.935078125000000000e+02
3.920261535644531250e+02
3.977227783203125000e+02
3.406235961914062500e+02
2.512742614746093750e+02
5.731289062500000000e+02
3.446566162109375000e+02
2.580943298339843750e+02
3.863829040527343750e+02
1.378619995117187500e+02
4.157353515625000000e+02
5.660664062500000000e+02
2.944952087402343750e+02
2.811835327148437500e+02
6.036925048828125000e+02
5.406842651367187500e+02
2.285544891357421875e+02
6.070836181640625000e+02
5.606124267578125000e+02
3.622052612304687500e+02
2.690347595214843750e+02
6.680823974609375000e+02
3.201193847656250000e+02
5.065473327636718750e+02
2.012988433837890625e+02
5.816272583007812500e+02
4.210568237304687500e+02
3.497130737304687500e+02
3.114800109863281250e+02
4.831247558593750000e+02
4.668963928222656250e+02
2.214933471679687500e+02
5.036875305175781250e+02
7.543618774414062500e+02
2.796533203125000000e+02
7.169338378906250000e+02
4.523064880371093750e+02
4.198222045898437500e+02
2.858718566894531250e+02
5.993294677734375000e+02
4.118279418945312500e+02
3.504393920898437500e+02
5.580256958007812500e+02
4.740633850097656250e+02
2.197362365722656250e+02
2.848391723632812500e+02
4.070337524414062500e+02
3.376845397949218750e+02
2.183084411621093750e+02
3.738931579589843750e+02
3.639641418457031250e+02
2.941743164062500000e+02
4.665898742675781250e+02
9.799918212890625000e+02
1.842413024902343750e+02
7.531913452148437500e+02
3.619699401855468750e+02
3.195051574707031250e+02
3.024492492675781250e+02
1.508282775878906250e+02
3.910612487792968750e+02
1.621103820800781250e+02
2.104408264160156250e+02
4.174539794921875000e+02
1.055032226562500000e+03
5.700869140625000000e+02
5.562215576171875000e+02
1.684326171875000000e+02
3.368747253417968750e+02
8.191295776367187500e+02
3.688671569824218750e+02
3.761928710937500000e+02
4.412270202636718750e+02
7.215251464843750000e+02
3.189820251464843750e+02
6.328985595703125000e+02
1.108627685546875000e+03
7.199725952148437500e+02
3.000213623046875000e+02
5.013857727050781250e+02
6.656545410156250000e+02
3.787429504394531250e+02
6.191738281250000000e+02
7.367517700195312500e+02
3.797845153808593750e+02
3.180206909179687500e+02
2.981253662109375000e+02
7.363828125000000000e+02
4.813951721191406250e+02
4.214423217773437500e+02
2.207207489013671875e+02
3.455555419921875000e+02
8.240609130859375000e+02
3.597955017089843750e+02
5.447359008789062500e+02
3.278504943847656250e+02
4.499381408691406250e+02
2.946929626464843750e+02
3.757479248046875000e+02
2.381285858154296875e+02
8.424755859375000000e+02
1.193136108398437500e+03
5.018208923339843750e+02
2.481514587402343750e+02
6.019509887695312500e+02
3.070328063964843750e+02
6.878800048828125000e+02
2.561349487304687500e+02
6.336773681640625000e+02
5.009606933593750000e+02
2.331410522460937500e+02
6.221269531250000000e+02
5.701888427734375000e+02
5.845476074218750000e+02
8.175052490234375000e+02
2.993417358398437500e+02
2.596721496582031250e+02
1.138054809570312500e+02
2.920256652832031250e+02
5.290465698242187500e+02
4.546051025390625000e+02
3.600597839355468750e+02
6.529531860351562500e+02
6.391151123046875000e+02
4.149445495605468750e+02
4.365472106933593750e+02
4.395672302246093750e+02
7.970166015625000000e+02
3.186098632812500000e+02
2.587165527343750000e+02
4.535123901367187500e+02
7.267568969726562500e+02
5.643859863281250000e+02
1.593704681396484375e+02
4.967370300292968750e+02
4.453585205078125000e+02
5.746722412109375000e+02
7.311863403320312500e+02
5.111977539062500000e+02
5.841265869140625000e+02
6.613913574218750000e+02
4.787810668945312500e+02
3.897544860839843750e+02
2.452719573974609375e+02
4.305742187500000000e+02
7.946638183593750000e+02
7.096113891601562500e+02
1.803649444580078125e+02
1.009482849121093750e+03
4.110671386718750000e+02
2.726318664550781250e+02
6.121890258789062500e+02
5.057629699707031250e+02
4.950185852050781250e+02
3.625989990234375000e+02
2.611096496582031250e+02
3.492775573730468750e+02
3.297695312500000000e+02
3.681802673339843750e+02
5.755214233398437500e+02
6.690036010742187500e+02
2.358289337158203125e+02
3.481011352539062500e+02
2.579610900878906250e+02
2.088538818359375000e+02
4.371848449707031250e+02
4.230730285644531250e+02
6.221221313476562500e+02
7.568558959960937500e+02
8.357069702148437500e+02
5.818679199218750000e+02
2.209675445556640625e+02
3.004352111816406250e+02
4.649215087890625000e+02
5.340820922851562500e+02
3.218455200195312500e+02
3.058545227050781250e+02
3.276127624511718750e+02
3.924295654296875000e+02
4.669518432617187500e+02
6.923043212890625000e+02
6.319953002929687500e+02
6.731224975585937500e+02
6.544973754882812500e+02
4.893576354980468750e+02
3.928400573730468750e+02
5.760800170898437500e+02
4.668223876953125000e+02
4.966888427734375000e+02
3.470771484375000000e+02
5.035950012207031250e+02
6.097907714843750000e+02
6.801243286132812500e+02
2.729214782714843750e+02
5.034652404785156250e+02
6.612117309570312500e+02
4.038738708496093750e+02
3.813242187500000000e+02
4.208645019531250000e+02
2.571919555664062500e+02
5.058950805664062500e+02
4.657113037109375000e+02
2.762100524902343750e+02
5.542549438476562500e+02
2.504631042480468750e+02
6.399696044921875000e+02
3.979344482421875000e+02
2.234070739746093750e+02
8.268784179687500000e+02
2.805973510742187500e+02
2.197428283691406250e+02
8.502263793945312500e+02
3.662716674804687500e+02
8.634064331054687500e+02
6.493342285156250000e+02
4.888819885253906250e+02
3.219667053222656250e+02
1.034511718750000000e+02
5.483048706054687500e+02
5.363695678710937500e+02
5.585662841796875000e+02
4.613410339355468750e+02
3.156479797363281250e+02
4.475781555175781250e+02
4.344652099609375000e+02
2.225075378417968750e+02
7.871298828125000000e+02
4.452830810546875000e+02
1.814125213623046875e+02
4.233364868164062500e+02
2.206345977783203125e+02
3.801140136718750000e+02
3.843490295410156250e+02
4.955709533691406250e+02
1.023102661132812500e+03
3.011558227539062500e+02
2.393287811279296875e+02
4.081647033691406250e+02
3.350393676757812500e+02
2.868442382812500000e+02
5.575909423828125000e+02
5.670684204101562500e+02
4.352876586914062500e+02
6.177498779296875000e+02
3.379332275390625000e+02
2.318878173828125000e+02
4.422273254394531250e+02
3.299083557128906250e+02
5.395634155273437500e+02
2.843189697265625000e+02
5.040225219726562500e+02
6.782078247070312500e+02
2.213964691162109375e+02
6.941533203125000000e+02
6.615863037109375000e+02
2.624165649414062500e+02
5.350402221679687500e+02
4.698146972656250000e+02
7.053098754882812500e+02
1.929450531005859375e+02
3.451849365234375000e+02
1.046097656250000000e+03
4.817153320312500000e+02
2.668527832031250000e+02
3.456420593261718750e+02
2.323461608886718750e+02
8.361243286132812500e+02
9.242661132812500000e+02
4.417237243652343750e+02
4.473518981933593750e+02
3.449100341796875000e+02
5.011205444335937500e+02
4.404023132324218750e+02
6.693007812500000000e+02
1.609311676025390625e+02
4.253699951171875000e+02
4.554951171875000000e+02
8.031796875000000000e+02
3.544291381835937500e+02
1.217191543579101562e+02
7.566247558593750000e+01
3.022204284667968750e+02
5.690623779296875000e+02
6.146643676757812500e+02
4.564247741699218750e+02
5.184850463867187500e+02
6.320472412109375000e+02
3.533954162597656250e+02
2.926199035644531250e+02
4.569992980957031250e+02
7.617464599609375000e+02
1.230386810302734375e+02
6.570654296875000000e+02
6.398722534179687500e+02
4.280057067871093750e+02
2.818186645507812500e+02
2.717427978515625000e+02
6.955297241210937500e+02
3.023123168945312500e+02
6.512632446289062500e+02
1.726763305664062500e+02
7.146057739257812500e+02
4.261275634765625000e+02
4.022045593261718750e+02
3.365242919921875000e+02
2.391217803955078125e+02
2.260581359863281250e+02
4.410628051757812500e+02
3.530002136230468750e+02
2.433737792968750000e+02
4.437574462890625000e+02
3.626123046875000000e+02
4.661714782714843750e+02
2.653765258789062500e+02
5.718418579101562500e+02
2.496348266601562500e+02
4.165525817871093750e+02
4.026631164550781250e+02
5.195261840820312500e+02
4.764438476562500000e+02
5.609370117187500000e+02
2.684837341308593750e+02
3.144237670898437500e+02
5.104203491210937500e+02
2.779375915527343750e+02
3.241862792968750000e+02
4.840324096679687500e+02
5.621474609375000000e+02
3.380190429687500000e+02
5.451645507812500000e+02
6.884867553710937500e+02
6.146788940429687500e+02
2.387841949462890625e+02
4.339987182617187500e+02
2.683883666992187500e+02
3.017303466796875000e+02
3.828197326660156250e+02
2.734533386230468750e+02
4.652468261718750000e+02
5.750208740234375000e+02
3.659098815917968750e+02
7.235103149414062500e+02
1.560901184082031250e+02
5.361361694335937500e+02
4.469720458984375000e+02
4.316192016601562500e+02
6.769863281250000000e+02
5.742198486328125000e+02
3.072205810546875000e+02
2.939561157226562500e+02
4.878345642089843750e+02
7.205832519531250000e+02
2.227892761230468750e+02
1.392396850585937500e+02
6.607888793945312500e+02
6.210022583007812500e+02
3.495380554199218750e+02
4.711426391601562500e+02
4.651153869628906250e+02
3.470592651367187500e+02
7.950055541992187500e+02
4.198813781738281250e+02
2.770158386230468750e+02
6.277911376953125000e+02
1.922709655761718750e+02
3.356183776855468750e+02
1.046882446289062500e+03
7.047724609375000000e+02
5.551091308593750000e+02
6.767864379882812500e+02
2.792995605468750000e+02
7.236735839843750000e+02
2.677189331054687500e+02
3.929145812988281250e+02
5.169486694335937500e+02
3.414235229492187500e+02
5.241807250976562500e+02
5.611202392578125000e+02
6.438485107421875000e+02
9.655955200195312500e+02
4.501360473632812500e+02
8.101062011718750000e+02
2.687140197753906250e+02
6.713419799804687500e+02
4.907331848144531250e+02
3.297579650878906250e+02
7.052942504882812500e+02
2.637743225097656250e+02
9.604563598632812500e+02
2.396175079345703125e+02
3.265313720703125000e+02
4.779997863769531250e+02
2.507689056396484375e+02
4.707690429687500000e+02
4.342119140625000000e+02
1.774962158203125000e+02
7.424971923828125000e+02
2.254526062011718750e+02
4.145534667968750000e+02
1.840313262939453125e+02
3.114320983886718750e+02
3.288026123046875000e+02
5.768787841796875000e+02
5.477016601562500000e+02
2.304986114501953125e+02
7.996076049804687500e+02
3.414762573242187500e+02
2.102625579833984375e+02
1.490250854492187500e+02
4.950549316406250000e+02
3.533815002441406250e+02
4.452912292480468750e+02
3.549380111694335938e+01
3.624918518066406250e+02
6.659241943359375000e+02
3.128968505859375000e+02
5.087958068847656250e+02
4.538821105957031250e+02
5.027819519042968750e+02
9.748629760742187500e+02
1.726799621582031250e+02
4.866705322265625000e+02
4.589259948730468750e+02
4.721591796875000000e+02
9.752206420898437500e+01
2.909471435546875000e+02
2.323741149902343750e+02
3.445151062011718750e+02
2.893995971679687500e+02
5.375836791992187500e+02
3.350297241210937500e+02
3.444505615234375000e+02
3.618861694335937500e+02
5.236105346679687500e+02
3.120628967285156250e+02
1.147344436645507812e+02
8.297662963867187500e+02
5.557363281250000000e+02
3.989726562500000000e+02
3.089857482910156250e+02
5.399009399414062500e+02
4.237034301757812500e+02
3.584829101562500000e+02
3.491986694335937500e+02
1.742723693847656250e+02
4.611938476562500000e+02
4.944563598632812500e+02
6.284639282226562500e+02
2.106527404785156250e+02
6.672562255859375000e+02
4.153208312988281250e+02
6.320487060546875000e+02
4.673170166015625000e+02
6.022260131835937500e+02
8.787905883789062500e+02
4.010271911621093750e+02
2.487448577880859375e+02
6.223712768554687500e+02
5.353164672851562500e+02
5.814498291015625000e+02
4.836239624023437500e+02
5.042127075195312500e+02
3.693525695800781250e+02
8.696553344726562500e+02
5.720017700195312500e+02
3.899216613769531250e+02
6.386472167968750000e+02
4.524463806152343750e+02
5.283174438476562500e+02
1.378842315673828125e+02
5.739578857421875000e+02
1.588449859619140625e+02
3.679692687988281250e+02
1.269859085083007812e+02
5.068184814453125000e+02
4.815384826660156250e+02
1.264104309082031250e+02
3.424411315917968750e+02
6.029068603515625000e+02
3.285993347167968750e+02
2.467144317626953125e+02
5.291838989257812500e+02
1.873689270019531250e+02
2.503591766357421875e+02
9.866630249023437500e+02
4.015699157714843750e+02
4.588026123046875000e+02
1.160257324218750000e+03
4.682663269042968750e+02
3.490840759277343750e+02
1.209856185913085938e+02
4.400929565429687500e+02
6.190766601562500000e+02
2.328234405517578125e+02
1.333189239501953125e+02
5.693109741210937500e+02
5.314874267578125000e+02
4.944447937011718750e+02
4.315720825195312500e+02
4.803147583007812500e+02
6.583992919921875000e+02
1.426629028320312500e+02
6.332877807617187500e+02
3.260287170410156250e+02
5.304931640625000000e+02
4.413147583007812500e+02
4.472867431640625000e+02
2.617979125976562500e+02
7.091149291992187500e+02
6.635496215820312500e+02
2.088288421630859375e+02
6.927177734375000000e+02
4.185304870605468750e+02
2.079074859619140625e+02
4.225591735839843750e+02
4.551607055664062500e+02
4.358491821289062500e+02
1.459841461181640625e+02
5.876769409179687500e+02
4.029344177246093750e+02
2.961086120605468750e+02
4.517736816406250000e+02
3.651576538085937500e+02
3.165682067871093750e+02
2.008612060546875000e+02
5.243988647460937500e+02
2.173480682373046875e+02
1.233323242187500000e+03
6.182146606445312500e+02
6.892186279296875000e+02
2.718601684570312500e+02
3.988619384765625000e+02
2.895239562988281250e+02
5.500216064453125000e+02
5.038117370605468750e+02
5.595037231445312500e+02
3.699176940917968750e+02
2.808069458007812500e+02
8.101369628906250000e+02
5.296442871093750000e+02
3.899909973144531250e+02
2.316029968261718750e+02
2.300441436767578125e+02
2.146659851074218750e+02
2.593244934082031250e+02
3.278828125000000000e+02
2.396814270019531250e+02
2.819089355468750000e+02
5.560181274414062500e+02
6.378364257812500000e+02
5.853475341796875000e+02
3.992404479980468750e+02
4.583421630859375000e+02
2.272164916992187500e+02
5.216172485351562500e+02
5.442048950195312500e+02
5.306640014648437500e+02
3.544814453125000000e+02
5.923960571289062500e+02
4.268972473144531250e+02
5.465388183593750000e+02
6.071124267578125000e+02
1.965562591552734375e+02
3.209176635742187500e+02
4.536563415527343750e+02
5.017404785156250000e+02
3.798149414062500000e+02
3.662876586914062500e+02
5.038754882812500000e+02
5.544510498046875000e+02
7.313915405273437500e+02
4.689593505859375000e+02
1.620755157470703125e+02
6.532976074218750000e+02
6.775267333984375000e+02
6.078043212890625000e+02
3.697209472656250000e+02
4.065098571777343750e+02
3.884244079589843750e+02
2.312641448974609375e+02
6.515806274414062500e+02
6.010255126953125000e+02
8.694343566894531250e+01
7.656351928710937500e+02
3.203870849609375000e+02
3.723838195800781250e+02
5.210122680664062500e+02
2.367236175537109375e+02
5.849920654296875000e+02
7.396900634765625000e+02
4.288813171386718750e+02
4.178355712890625000e+02
2.836235351562500000e+02
3.320347290039062500e+02
4.283991699218750000e+02
2.217011566162109375e+02
5.654237060546875000e+02
5.684772338867187500e+02
3.449970092773437500e+02
3.768703002929687500e+02
5.973771972656250000e+02
5.446349487304687500e+02
5.932503662109375000e+02
2.376780548095703125e+02
5.991162719726562500e+02
8.074821777343750000e+02
1.211933441162109375e+02
3.527870178222656250e+02
7.275361938476562500e+02
4.203270568847656250e+02
2.877038574218750000e+02
4.337366638183593750e+02
7.080731811523437500e+02
4.443422851562500000e+02
4.896285705566406250e+02
1.785903472900390625e+02
6.387108154296875000e+02
6.185764160156250000e+02
4.153363647460937500e+02
4.631346435546875000e+02
4.463167419433593750e+02
1.722654418945312500e+02
2.835148010253906250e+02
3.256684570312500000e+02
4.172016906738281250e+02
9.180375366210937500e+02
2.122400360107421875e+02
7.959242553710937500e+02
3.435005187988281250e+02
5.069049377441406250e+02
5.595657348632812500e+02
8.250998535156250000e+02
1.853425598144531250e+02
2.905543212890625000e+02
2.982928771972656250e+02
7.107526855468750000e+02
3.820935668945312500e+02
5.086505126953125000e+02
4.289032897949218750e+02
7.534535522460937500e+02
1.968048248291015625e+02
5.213731079101562500e+02
4.870873718261718750e+02
3.256193237304687500e+02
4.966446838378906250e+02
4.904476013183593750e+02
1.765723724365234375e+02
4.676155090332031250e+02
3.394071044921875000e+02
6.925743408203125000e+02
4.033172302246093750e+02
7.339324951171875000e+02
4.216281433105468750e+02
7.950629882812500000e+02
4.923811035156250000e+02
5.055460510253906250e+02
4.218961791992187500e+02
2.301287841796875000e+02
4.742798461914062500e+02
4.181781311035156250e+02
2.210420074462890625e+02
5.998856201171875000e+02
3.066898498535156250e+02
3.812475280761718750e+02
2.143483123779296875e+02
1.802134246826171875e+02
2.362940979003906250e+02
5.302632446289062500e+02
2.890567321777343750e+02
7.416780395507812500e+02
3.878107910156250000e+02
1.337406158447265625e+02
7.675308837890625000e+02
6.044629516601562500e+02
3.380739440917968750e+02
4.985541076660156250e+02
1.364338256835937500e+03
6.463945312500000000e+02
4.752702636718750000e+02
7.217457275390625000e+02
5.481764526367187500e+02
3.469003295898437500e+02
4.349906616210937500e+02
8.964005126953125000e+02
1.834250946044921875e+02
2.245199279785156250e+02
2.904071044921875000e+02
7.453253936767578125e+01
5.939660644531250000e+02
5.229278564453125000e+02
5.525966796875000000e+02
3.886942138671875000e+02
2.310761413574218750e+02
5.203563232421875000e+02
1.985414123535156250e+02
3.874382629394531250e+02
1.080399047851562500e+03
1.898440704345703125e+02
2.598067321777343750e+02
2.188533935546875000e+02
4.342685241699218750e+02
4.998164672851562500e+02
6.195458984375000000e+02
3.556890869140625000e+02
4.437276306152343750e+02
6.444533691406250000e+02
1.881855621337890625e+02
3.736754455566406250e+02
2.123092498779296875e+02
4.983656616210937500e+02
4.088324584960937500e+02
8.029518432617187500e+02
5.117108154296875000e+02
2.634377746582031250e+02
2.845315246582031250e+02
2.648490905761718750e+02
7.095751342773437500e+02
8.637030029296875000e+02
5.862738647460937500e+02
3.768078613281250000e+02
6.349771728515625000e+02
2.748557128906250000e+02
2.601810913085937500e+02
1.075638656616210938e+02
3.765781555175781250e+02
3.217962036132812500e+02
3.601140136718750000e+02
3.935769042968750000e+02
2.118592071533203125e+02
2.069423217773437500e+02
3.457595520019531250e+02
6.689205322265625000e+02
7.694805297851562500e+02
4.777599182128906250e+02
5.676072387695312500e+02
2.141736145019531250e+02
5.965244750976562500e+02
7.615772094726562500e+02
5.218441772460937500e+02
1.683083496093750000e+02
7.881333618164062500e+02
4.450133666992187500e+02
6.594818725585937500e+02
5.403851928710937500e+02
2.933293151855468750e+02
1.977964172363281250e+02
2.598428955078125000e+02
8.977739868164062500e+02
4.602117919921875000e+02
3.968102416992187500e+02
5.749613647460937500e+02
5.247672119140625000e+02
4.704520874023437500e+02
5.540480346679687500e+02
3.070519104003906250e+02
6.852982177734375000e+02
2.622681579589843750e+02
6.128565063476562500e+02
3.025378417968750000e+02
1.747527160644531250e+02
1.511965789794921875e+02
2.329486236572265625e+02
2.997184448242187500e+02
4.898145751953125000e+02
6.732385864257812500e+02
2.073079223632812500e+02
5.026155395507812500e+02
3.521480712890625000e+02
1.078784790039062500e+03
3.674747009277343750e+02
5.180830078125000000e+02
7.730660400390625000e+02
5.197595825195312500e+02
5.690932617187500000e+02
2.645727539062500000e+02
4.621662902832031250e+02
6.466093750000000000e+02
4.970854187011718750e+02
4.822640380859375000e+02
3.079209594726562500e+02
2.337754974365234375e+02
8.551102905273437500e+02
2.107020416259765625e+02
3.183523254394531250e+02
2.958245239257812500e+02
4.448923034667968750e+02
2.732622680664062500e+02
5.147659301757812500e+02
1.062165145874023438e+02
2.457344665527343750e+02
8.667881469726562500e+02
1.498925781250000000e+02
2.130234832763671875e+02
1.793443298339843750e+02
2.376737213134765625e+02
5.426757202148437500e+02
4.434916381835937500e+02
7.233918457031250000e+02
6.153890991210937500e+02
5.143463134765625000e+02
5.097560119628906250e+02
4.849012451171875000e+02
4.484226379394531250e+02
2.861023864746093750e+02
3.966430358886718750e+02
2.000164489746093750e+02
3.993400878906250000e+02
4.435894470214843750e+02
4.545772705078125000e+02
4.817548522949218750e+02
5.056022033691406250e+02
4.623660583496093750e+02
5.020669860839843750e+02
9.547381591796875000e+02
1.866854400634765625e+02
3.567535095214843750e+02
7.401176757812500000e+02
2.788792724609375000e+02
2.175576171875000000e+02
5.085135192871093750e+02
2.342462615966796875e+02
3.358343505859375000e+02
7.456831054687500000e+02
1.220059204101562500e+02
4.179111633300781250e+02
2.044510803222656250e+02
3.060104675292968750e+02
2.895084228515625000e+02
8.820136260986328125e+01
7.356043090820312500e+02
8.867752075195312500e+02
3.562511291503906250e+02
1.568864898681640625e+02
4.515877075195312500e+02
2.503232574462890625e+02
9.625403442382812500e+02
4.417297363281250000e+02
4.807826843261718750e+02
1.910963134765625000e+02
5.606151733398437500e+02
2.861332397460937500e+02
6.210810546875000000e+02
5.064956970214843750e+02
7.458313598632812500e+02
5.541668090820312500e+02
7.306326904296875000e+02
3.986232910156250000e+02
5.820603027343750000e+02
2.857835388183593750e+02
5.908718261718750000e+02
9.632570190429687500e+02
1.628538818359375000e+02
4.004577941894531250e+02
3.657238769531250000e+02
3.063203735351562500e+02
6.885564575195312500e+02
1.987815704345703125e+02
7.897761230468750000e+02
5.271713256835937500e+02
2.146916198730468750e+02
6.536679687500000000e+02
2.563947143554687500e+02
5.046200561523437500e+02
5.641068725585937500e+02
2.175947875976562500e+02
4.207297973632812500e+02
4.364318542480468750e+02
4.081586303710937500e+02
7.322472534179687500e+02
5.861122436523437500e+02
3.400219116210937500e+02
4.946747131347656250e+02
7.116538085937500000e+02
2.783398437500000000e+02
1.039099609375000000e+03
5.110827026367187500e+02
4.878040771484375000e+02
4.637560119628906250e+02
5.424405517578125000e+02
3.010986633300781250e+02
4.121271972656250000e+02
8.075433959960937500e+02
3.931220703125000000e+02
4.220181579589843750e+02
2.221720733642578125e+02
9.245445556640625000e+02
4.892498779296875000e+02
5.432186279296875000e+02
4.598359375000000000e+02
7.274551391601562500e+02
5.543744506835937500e+02
4.247086791992187500e+02
5.299386596679687500e+02
5.294127807617187500e+02
2.522784729003906250e+02
5.178968505859375000e+02
3.410860290527343750e+02
7.915261230468750000e+02
5.026513061523437500e+02
3.043975219726562500e+02
3.520407714843750000e+02
2.957640991210937500e+02
5.419662475585937500e+02
9.612015991210937500e+02
6.110261840820312500e+02
2.341872406005859375e+02
5.580192260742187500e+02
5.974699707031250000e+02
5.946838378906250000e+02
5.217077026367187500e+02
2.181620178222656250e+02
3.683093566894531250e+02
4.261030578613281250e+02
4.900627441406250000e+02
5.161009521484375000e+02
1.890357971191406250e+02
2.193910980224609375e+02
6.106375732421875000e+02
6.064759521484375000e+02
5.248156738281250000e+02
6.069374389648437500e+02
4.530163269042968750e+02
3.342979431152343750e+02
8.858322753906250000e+02
4.840695190429687500e+02
1.101343841552734375e+02
4.029374694824218750e+02
4.434700927734375000e+02
1.224203491210937500e+02
4.805021667480468750e+02
2.840096435546875000e+02
6.057099609375000000e+02
1.712687377929687500e+02
6.484279174804687500e+02
5.129743652343750000e+02
4.323376770019531250e+02
1.849251403808593750e+02
6.376942138671875000e+02
3.053121948242187500e+02
1.582657470703125000e+02
2.397428436279296875e+02
5.763301391601562500e+02
2.711033630371093750e+02
8.497739257812500000e+02
7.655349731445312500e+02
6.322055664062500000e+02
6.684517822265625000e+02
5.310670166015625000e+02
2.930352478027343750e+02
4.683028259277343750e+02
5.254391479492187500e+02
4.081343078613281250e+02
1.744364471435546875e+02
5.125407714843750000e+02
6.094999389648437500e+02
4.237642822265625000e+02
3.383045959472656250e+02
5.538025512695312500e+02
3.755997009277343750e+02
4.020294494628906250e+02
5.278935546875000000e+02
6.628026123046875000e+02
3.799144287109375000e+02
1.815007629394531250e+02
1.934330902099609375e+02
3.077078552246093750e+02
1.683678588867187500e+02
4.149679565429687500e+02
6.124565429687500000e+02
3.469758911132812500e+02
3.706160278320312500e+02
1.028029174804687500e+03
1.643517761230468750e+02
3.443326721191406250e+02
2.296262817382812500e+02
4.929901428222656250e+02
2.315217590332031250e+02
3.192235717773437500e+02
5.474215087890625000e+02
4.821630859375000000e+02
2.424146881103515625e+02
8.945569610595703125e+01
1.098599090576171875e+02
3.278418273925781250e+02
4.198245849609375000e+02
5.573118896484375000e+02
4.159113159179687500e+02
2.259097290039062500e+02
4.967225646972656250e+01
4.931452636718750000e+02
4.944754943847656250e+02
3.381575317382812500e+02
3.938462524414062500e+02
2.961538085937500000e+02
1.571013946533203125e+02
3.336158752441406250e+02
4.185782165527343750e+02
2.331451110839843750e+02
4.453638610839843750e+02
2.516034545898437500e+02
9.702601928710937500e+02
2.562902526855468750e+02
6.559905395507812500e+02
6.092337646484375000e+02
2.309134674072265625e+02
3.805600585937500000e+02
4.298705749511718750e+02
7.023631591796875000e+02
4.140664062500000000e+02
2.745280761718750000e+02
7.389433593750000000e+02
6.486826782226562500e+02
4.115572814941406250e+02
8.292003784179687500e+02
3.273610534667968750e+02
2.034764404296875000e+02
7.066979980468750000e+02
4.874607849121093750e+02
4.028751525878906250e+02
2.923930358886718750e+02
2.796551513671875000e+02
4.280534973144531250e+02
1.722616729736328125e+02
2.238724060058593750e+02
3.368903198242187500e+02
6.899394989013671875e+01
3.933571777343750000e+02
1.835191192626953125e+02
5.883146972656250000e+02
2.352537231445312500e+02
2.334501190185546875e+02
6.444715576171875000e+02
5.990942993164062500e+02
2.676543579101562500e+02
5.009712524414062500e+02
3.074431152343750000e+02
2.047012481689453125e+02
2.712134704589843750e+02
5.761668701171875000e+02
6.742890625000000000e+02
1.584419555664062500e+02
4.411487121582031250e+02
5.565111694335937500e+02
7.211925506591796875e+01
6.902365722656250000e+02
4.401315612792968750e+02
3.780578613281250000e+02
2.593392639160156250e+02
2.360648651123046875e+02
3.216084899902343750e+02
1.006660690307617188e+02
1.583063812255859375e+02
4.629310913085937500e+02
6.341245727539062500e+02
6.090861206054687500e+02
3.302342529296875000e+02
3.217124938964843750e+02
3.282144470214843750e+02
3.914871215820312500e+02
6.051320800781250000e+02
5.067510070800781250e+02
1.088688110351562500e+03
4.495313415527343750e+02
4.742689514160156250e+02
4.821271362304687500e+02
2.740337829589843750e+02
7.066417846679687500e+02
3.515394592285156250e+02
2.582409667968750000e+02
4.933315734863281250e+02
5.450635375976562500e+02
6.198989868164062500e+02
3.666581420898437500e+02
5.133692016601562500e+02
1.346643676757812500e+02
6.087132568359375000e+02
2.660482482910156250e+02
1.862751312255859375e+02
5.954884033203125000e+02
5.552497558593750000e+02
2.910468139648437500e+02
1.515254638671875000e+03
2.799092102050781250e+02
7.468323974609375000e+02
4.577765197753906250e+02
2.159142913818359375e+02
2.741811828613281250e+02
3.596017150878906250e+02
6.492297363281250000e+02
3.506138000488281250e+02
6.153833007812500000e+02
2.886752929687500000e+02
3.874712524414062500e+02
6.222103271484375000e+02
8.302367553710937500e+02
3.908718872070312500e+02
3.289022827148437500e+02
5.211981811523437500e+02
4.763072509765625000e+02
3.794145507812500000e+02
3.224750976562500000e+02
2.930953063964843750e+02
6.206135864257812500e+02
2.556208038330078125e+02
2.524531097412109375e+02
5.303363037109375000e+02
9.353013610839843750e+01
3.174247436523437500e+02
6.278859863281250000e+02
4.724032897949218750e+02
6.799116821289062500e+02
