2.550848541259765625e+02
5.329899902343750000e+02
4.812194213867187500e+02
9.192293090820312500e+02
3.527672119140625000e+02
3.958356933593750000e+02
1.729629821777343750e+02
4.052182312011718750e+02
3.927333984375000000e+02
1.813084564208984375e+02
3.701619567871093750e+02
5.482331542968750000e+02
4.136188964843750000e+02
6.776517944335937500e+02
7.103029174804687500e+02
5.217272949218750000e+02
7.938054809570312500e+02
2.985956420898437500e+02
6.340308837890625000e+02
6.002383422851562500e+02
4.786437072753906250e+02
1.451019439697265625e+02
2.602386474609375000e+02
4.279182434082031250e+02
6.769989624023437500e+02
8.986854248046875000e+02
4.214978637695312500e+02
5.043994140625000000e+02
2.017360534667968750e+02
1.435636291503906250e+02
2.724733581542968750e+02
1.451131744384765625e+02
4.287665710449218750e+02
2.717462463378906250e+02
6.976470336914062500e+02
6.853584594726562500e+02
6.926958007812500000e+02
5.642807617187500000e+02
6.492525024414062500e+02
3.867276306152343750e+02
3.523298950195312500e+02
5.568488159179687500e+02
4.460308227539062500e+02
4.577664794921875000e+02
6.141439819335937500e+02
4.057649841308593750e+02
5.855639648437500000e+02
4.207761535644531250e+02
4.966800537109375000e+02
9.171010131835937500e+02
3.994770202636718750e+02
5.689816284179687500e+02
3.015854187011718750e+02
4.562311706542968750e+02
3.947354431152343750e+02
3.728168029785156250e+02
5.566288452148437500e+02
4.334893798828125000e+02
1.000664443969726562e+02
5.761059570312500000e+02
4.577117614746093750e+02
5.192496337890625000e+02
5.594254150390625000e+02
3.788164672851562500e+02
6.323584594726562500e+02
6.618256835937500000e+02
6.989056396484375000e+02
7.281341552734375000e+02
3.318099365234375000e+02
4.757354125976562500e+02
2.505261230468750000e+02
1.195457275390625000e+03
2.269908752441406250e+02
2.387373046875000000e+02
7.127630615234375000e+02
4.132839965820312500e+02
2.519008026123046875e+02
2.268171234130859375e+02
4.628602905273437500e+02
7.841337280273437500e+02
2.885354309082031250e+02
4.106062316894531250e+02
2.242506713867187500e+02
2.147759704589843750e+02
7.660830078125000000e+02
4.369840087890625000e+02
4.052315063476562500e+02
6.709656372070312500e+02
2.877241516113281250e+02
3.825084838867187500e+02
6.068490600585937500e+02
4.040996398925781250e+02
3.765512695312500000e+02
2.953267211914062500e+02
3.271992187500000000e+02
4.254239501953125000e+02
3.239553222656250000e+02
3.307620239257812500e+02
8.166744384765625000e+02
2.499330749511718750e+02
3.730953674316406250e+02
3.075801086425781250e+02
5.283726196289062500e+02
8.334190673828125000e+02
4.520361022949218750e+02
5.476687011718750000e+02
4.730554199218750000e+02
4.353642272949218750e+02
4.810283813476562500e+02
2.320158386230468750e+02
9.960210571289062500e+02
8.473381958007812500e+02
4.329959106445312500e+02
7.235935058593750000e+02
4.725648803710937500e+02
1.518793334960937500e+02
3.509921875000000000e+02
2.659607543945312500e+02
5.848911743164062500e+02
3.154492797851562500e+02
3.282687988281250000e+02
4.634470520019531250e+02
4.360666503906250000e+02
3.280837707519531250e+02
2.097303924560546875e+02
5.370136108398437500e+02
4.346622009277343750e+02
2.688806762695312500e+02
6.442169799804687500e+02
5.341465454101562500e+02
8.144465332031250000e+02
2.409878082275390625e+02
4.055902099609375000e+02
3.668385925292968750e+02
2.862944030761718750e+02
3.921864929199218750e+02
3.094326477050781250e+02
2.007065124511718750e+02
4.447358398437500000e+02
5.610957031250000000e+02
5.895971069335937500e+02
4.666840209960937500e+02
4.300351867675781250e+02
7.963434448242187500e+02
4.056870422363281250e+02
4.333687744140625000e+02
6.679752807617187500e+02
3.864006958007812500e+02
3.002762451171875000e+02
3.880448913574218750e+02
1.796089019775390625e+02
4.609386596679687500e+02
7.750761108398437500e+02
3.679499511718750000e+02
4.445207519531250000e+02
2.799850769042968750e+02
4.406198730468750000e+02
6.644916992187500000e+02
1.702495117187500000e+02
1.099212280273437500e+03
3.804777526855468750e+02
4.529805603027343750e+02
3.662009582519531250e+02
5.940093383789062500e+02
3.219351196289062500e+02
2.276741790771484375e+02
4.092235107421875000e+02
4.256473693847656250e+02
6.493591308593750000e+02
4.201081237792968750e+02
4.685091247558593750e+02
8.729663848876953125e+01
8.062391967773437500e+02
1.973319854736328125e+02
5.801269531250000000e+02
8.899534301757812500e+02
5.208430786132812500e+02
3.863616638183593750e+02
3.562622375488281250e+02
6.083699951171875000e+02
7.021336059570312500e+02
7.496451416015625000e+02
4.411324462890625000e+02
4.683715820312500000e+02
3.591061096191406250e+02
6.032911376953125000e+02
3.579343566894531250e+02
3.986516723632812500e+02
4.814574890136718750e+02
5.552474975585937500e+02
3.612358703613281250e+02
4.120708007812500000e+02
7.499933471679687500e+02
3.661644592285156250e+02
3.031393737792968750e+02
4.786260375976562500e+02
1.650430297851562500e+02
1.696432342529296875e+02
3.603136901855468750e+02
3.871125183105468750e+02
6.467841186523437500e+02
8.704831542968750000e+02
3.106268920898437500e+02
1.810130462646484375e+02
4.329225463867187500e+02
2.250546112060546875e+02
2.305706329345703125e+02
2.357418365478515625e+02
2.529396667480468750e+02
3.995946044921875000e+02
6.381880493164062500e+02
3.003887634277343750e+02
2.724026489257812500e+02
7.500657348632812500e+02
3.359707031250000000e+02
1.193326416015625000e+02
4.553304138183593750e+02
4.676948242187500000e+02
7.395704956054687500e+02
6.993986816406250000e+02
3.797795715332031250e+02
2.310311584472656250e+02
1.788679046630859375e+02
5.337786865234375000e+02
6.673046264648437500e+02
7.294477539062500000e+02
3.404732055664062500e+02
6.006822509765625000e+02
1.839829101562500000e+02
4.400875549316406250e+02
3.361034851074218750e+02
3.710328979492187500e+02
1.629525299072265625e+02
4.339731445312500000e+02
5.548188476562500000e+02
4.479776000976562500e+02
6.418286743164062500e+02
4.561426391601562500e+02
8.658203125000000000e+01
4.649635925292968750e+02
4.061423950195312500e+02
1.619824981689453125e+02
7.010187377929687500e+02
2.973976440429687500e+02
2.949088439941406250e+02
8.828865966796875000e+02
2.561416015625000000e+02
7.152789916992187500e+02
1.042943237304687500e+03
5.854719238281250000e+02
2.760718078613281250e+02
2.919624938964843750e+02
2.035335998535156250e+02
1.260127441406250000e+03
4.496845703125000000e+02
3.233068847656250000e+02
9.288196411132812500e+02
1.529836120605468750e+02
4.329603271484375000e+02
4.885221252441406250e+02
5.817976684570312500e+02
7.041475830078125000e+02
7.633732299804687500e+02
1.163055114746093750e+02
4.908330688476562500e+02
4.449710998535156250e+02
3.117174987792968750e+02
6.813756103515625000e+02
2.701945190429687500e+02
2.762656555175781250e+02
6.283334960937500000e+02
5.909276123046875000e+02
4.887429199218750000e+02
1.701022338867187500e+02
5.434284667968750000e+02
6.259962768554687500e+02
2.006846923828125000e+02
3.667185058593750000e+02
4.831556701660156250e+02
2.463539581298828125e+02
8.214903564453125000e+02
1.723800201416015625e+02
3.480371093750000000e+02
4.914934997558593750e+02
4.687810974121093750e+02
1.494850006103515625e+02
2.497347869873046875e+02
3.851853027343750000e+02
4.363386230468750000e+02
7.457994995117187500e+02
7.359688568115234375e+01
3.915920410156250000e+02
4.805907592773437500e+02
5.516567993164062500e+02
5.258442993164062500e+02
6.540545043945312500e+02
2.316783905029296875e+02
8.923075561523437500e+02
5.844631347656250000e+02
1.605820159912109375e+02
5.251801147460937500e+02
2.179296264648437500e+02
4.280010986328125000e+02
1.277637451171875000e+03
4.406704711914062500e+02
6.010934448242187500e+02
7.279006347656250000e+02
5.330249633789062500e+02
5.310219726562500000e+02
4.146916503906250000e+02
4.459158020019531250e+02
3.034570617675781250e+02
3.462910156250000000e+02
5.030691528320312500e+02
3.011589355468750000e+02
4.006118469238281250e+02
5.623100585937500000e+02
6.056574707031250000e+02
2.642667846679687500e+02
8.267330932617187500e+02
3.594809875488281250e+02
5.402824096679687500e+02
3.386316833496093750e+02
4.185523681640625000e+02
4.410881042480468750e+02
2.090551605224609375e+02
3.478171997070312500e+02
4.711069030761718750e+02
2.830361633300781250e+02
2.443710021972656250e+02
2.710846557617187500e+02
1.906206359863281250e+02
3.405401306152343750e+02
7.866488037109375000e+02
4.215329284667968750e+02
4.274090576171875000e+02
4.278659667968750000e+02
5.532576904296875000e+02
6.967125854492187500e+02
7.535849609375000000e+02
2.945534362792968750e+02
2.959720153808593750e+02
3.922661743164062500e+02
2.200167694091796875e+02
4.464790039062500000e+02
7.833434448242187500e+02
7.040711669921875000e+02
4.707004699707031250e+02
2.952793579101562500e+02
4.827319946289062500e+02
6.970788574218750000e+02
4.292991333007812500e+02
4.057482299804687500e+02
4.446840209960937500e+02
1.851870880126953125e+02
3.754752502441406250e+02
6.493245239257812500e+02
4.675984802246093750e+02
2.951528930664062500e+02
6.499600219726562500e+02
1.273010131835937500e+03
2.740975952148437500e+02
6.249482421875000000e+02
2.878734741210937500e+02
3.881164550781250000e+02
6.834887084960937500e+02
2.661966247558593750e+02
5.191078491210937500e+02
1.147579574584960938e+02
7.105880737304687500e+02
7.223092041015625000e+02
2.008452301025390625e+02
5.706009521484375000e+02
5.411312866210937500e+02
4.420072021484375000e+02
6.027995605468750000e+02
4.837921447753906250e+02
4.214960632324218750e+02
7.764033813476562500e+02
2.200088806152343750e+02
4.463260192871093750e+02
7.098276367187500000e+02
3.753381042480468750e+02
6.128322143554687500e+02
2.545896453857421875e+02
5.723037109375000000e+02
6.074530029296875000e+02
3.271265869140625000e+02
7.572909545898437500e+02
4.034206848144531250e+02
2.374352722167968750e+02
3.842935791015625000e+02
1.847696228027343750e+02
2.713240966796875000e+02
7.249786376953125000e+02
1.883645782470703125e+02
3.457144775390625000e+02
4.524577636718750000e+02
5.674126586914062500e+02
5.874283447265625000e+02
4.019037475585937500e+02
4.667545166015625000e+02
4.853386230468750000e+02
3.308102722167968750e+02
4.318843994140625000e+02
2.727538757324218750e+02
3.874929504394531250e+02
4.587215270996093750e+02
2.480309600830078125e+02
3.656928100585937500e+02
3.962054748535156250e+02
5.608801269531250000e+02
4.814427795410156250e+02
6.059536132812500000e+02
4.763785400390625000e+02
7.890640258789062500e+02
2.585858764648437500e+02
8.032803344726562500e+02
4.138643798828125000e+02
6.377457885742187500e+02
7.164880981445312500e+02
3.109183654785156250e+02
3.023427429199218750e+02
5.702043457031250000e+02
6.687841186523437500e+02
5.659572753906250000e+02
7.561928710937500000e+02
4.835157165527343750e+02
4.407938537597656250e+02
3.297347106933593750e+02
9.435529785156250000e+02
3.340893859863281250e+02
3.867625732421875000e+02
2.551100616455078125e+02
4.468094177246093750e+02
2.690897521972656250e+02
8.462197265625000000e+02
4.984030761718750000e+02
4.364725036621093750e+02
2.733209838867187500e+02
4.029064636230468750e+02
2.336925048828125000e+02
2.558470001220703125e+02
3.264209594726562500e+02
6.737621459960937500e+02
3.887336730957031250e+02
7.912701416015625000e+02
5.168055419921875000e+02
2.685141601562500000e+02
2.809388122558593750e+02
2.636130065917968750e+02
5.912921752929687500e+02
3.997388305664062500e+02
6.465580444335937500e+02
3.870326843261718750e+02
3.508808288574218750e+02
4.630202636718750000e+02
5.825906372070312500e+02
5.588002319335937500e+02
6.063480834960937500e+02
2.620964965820312500e+02
5.801098632812500000e+02
7.844605102539062500e+02
7.398756103515625000e+02
9.912206420898437500e+02
8.673616943359375000e+02
2.550872802734375000e+02
2.834991760253906250e+02
3.804978027343750000e+02
2.418189086914062500e+02
1.070885253906250000e+03
1.456712341308593750e+02
4.114276123046875000e+02
3.832070007324218750e+02
5.446113891601562500e+02
2.706260681152343750e+02
3.119440917968750000e+02
5.626105957031250000e+02
6.141495361328125000e+02
4.967292480468750000e+02
3.129312744140625000e+02
2.415720367431640625e+02
3.041310729980468750e+02
1.518333496093750000e+03
1.982638397216796875e+02
3.359044189453125000e+02
3.819523010253906250e+02
5.628812866210937500e+02
5.121265258789062500e+02
6.195289916992187500e+02
3.088470764160156250e+02
2.772562866210937500e+02
4.263660888671875000e+02
5.639869384765625000e+02
4.488455200195312500e+02
4.505174255371093750e+02
2.078062896728515625e+02
3.286907043457031250e+02
3.920260009765625000e+02
3.052857666015625000e+02
4.421029663085937500e+02
3.974563293457031250e+02
2.076493225097656250e+02
2.391712341308593750e+02
4.519174194335937500e+02
4.287132263183593750e+02
8.093637695312500000e+02
8.981985473632812500e+02
5.355925292968750000e+02
3.342233276367187500e+02
3.548984375000000000e+02
2.964134216308593750e+02
2.117637481689453125e+02
6.346529541015625000e+02
5.650031738281250000e+02
3.837172546386718750e+02
4.062897033691406250e+02
4.533033752441406250e+02
6.646765136718750000e+02
5.973978881835937500e+02
2.920389404296875000e+02
3.670858154296875000e+02
3.564041137695312500e+02
7.137545776367187500e+02
1.044216842651367188e+02
1.004668731689453125e+02
1.760967407226562500e+02
3.865740051269531250e+02
3.478635559082031250e+02
6.040660476684570312e+01
1.770155334472656250e+02
5.022425231933593750e+02
7.689198303222656250e+01
2.579619750976562500e+02
2.754003906250000000e+02
4.062727966308593750e+02
2.600311279296875000e+02
1.799717559814453125e+02
3.657814025878906250e+02
6.268395385742187500e+02
6.310777587890625000e+02
8.685646057128906250e+01
6.830184936523437500e+02
3.941607666015625000e+02
5.545797729492187500e+02
1.866140289306640625e+02
6.185158691406250000e+02
7.909783325195312500e+02
2.546888732910156250e+02
6.757239990234375000e+02
4.011828918457031250e+02
4.127144165039062500e+02
4.286396179199218750e+02
2.262915344238281250e+02
2.798876342773437500e+02
4.764999694824218750e+02
4.241222839355468750e+02
1.026545166015625000e+03
4.555022583007812500e+02
1.028321533203125000e+03
3.268435058593750000e+02
8.532733154296875000e+02
6.296506958007812500e+02
8.879733276367187500e+02
3.137771301269531250e+02
3.938662109375000000e+02
5.809719238281250000e+02
1.201290039062500000e+03
2.848142089843750000e+02
3.780964660644531250e+02
4.920015258789062500e+02
4.049081420898437500e+02
4.023177490234375000e+02
4.753421020507812500e+02
2.883110656738281250e+02
4.904337158203125000e+02
5.327692871093750000e+02
3.986067810058593750e+02
5.587460937500000000e+02
4.250008544921875000e+02
5.601170043945312500e+02
7.313265991210937500e+02
6.032939453125000000e+02
2.758556518554687500e+02
3.042584838867187500e+02
3.466429748535156250e+02
1.437403411865234375e+02
3.519804687500000000e+02
8.270408935546875000e+02
1.570284271240234375e+02
7.335687255859375000e+02
5.078987426757812500e+02
4.015444335937500000e+02
7.891505737304687500e+02
5.221495971679687500e+02
3.813701782226562500e+02
6.485834350585937500e+02
2.261439819335937500e+02
9.012989044189453125e+01
8.287477416992187500e+02
5.878377685546875000e+02
2.771106872558593750e+02
3.561604309082031250e+02
1.782292480468750000e+02
5.719102172851562500e+02
1.045342407226562500e+02
5.157159423828125000e+02
2.587975769042968750e+02
2.506000366210937500e+02
5.945246582031250000e+02
3.606067199707031250e+02
5.769437255859375000e+02
3.975080566406250000e+02
8.854824218750000000e+02
5.943487548828125000e+02
2.948919677734375000e+02
4.984177551269531250e+02
8.592617797851562500e+02
8.646886596679687500e+02
3.841995239257812500e+02
7.860424194335937500e+02
8.132809448242187500e+02
2.804462585449218750e+02
2.747510986328125000e+02
2.242811889648437500e+02
2.573851318359375000e+02
5.765055541992187500e+02
2.000217437744140625e+02
7.928928222656250000e+02
1.797411499023437500e+02
7.388338623046875000e+02
3.433124389648437500e+02
5.575571899414062500e+02
5.031057739257812500e+02
5.767573852539062500e+02
4.423974609375000000e+02
7.995119018554687500e+02
4.513365478515625000e+02
4.755394897460937500e+02
3.883539123535156250e+02
9.173897705078125000e+02
2.009324340820312500e+02
7.621150512695312500e+02
5.541757812500000000e+02
1.533491668701171875e+02
2.414267425537109375e+02
3.778276672363281250e+02
5.556846923828125000e+02
3.942463989257812500e+02
6.271965942382812500e+02
2.488052062988281250e+02
2.137166595458984375e+02
2.381828155517578125e+02
3.372350463867187500e+02
1.774129028320312500e+02
1.765778350830078125e+02
3.877768554687500000e+02
6.959165649414062500e+02
7.396890869140625000e+02
1.149308013916015625e+02
6.792503051757812500e+02
2.724321594238281250e+02
7.747828369140625000e+02
5.430767211914062500e+02
7.729708862304687500e+02
4.901448974609375000e+02
1.168540649414062500e+02
1.037914306640625000e+03
4.057142944335937500e+02
2.116627502441406250e+02
1.887301177978515625e+02
3.869405822753906250e+02
6.767474365234375000e+02
6.580043945312500000e+02
6.073955688476562500e+02
3.745544433593750000e+02
3.864939270019531250e+02
6.238262329101562500e+02
3.859348754882812500e+02
4.163965759277343750e+02
5.544750976562500000e+02
4.570245361328125000e+02
8.846348266601562500e+02
3.927628173828125000e+02
6.068064575195312500e+02
5.412771606445312500e+02
2.667567443847656250e+02
3.573517150878906250e+02
3.836842651367187500e+02
6.347475585937500000e+02
6.694860839843750000e+02
6.006627807617187500e+02
6.169524536132812500e+02
5.490220947265625000e+02
5.534719848632812500e+02
3.604664306640625000e+02
1.956069335937500000e+02
2.857758789062500000e+02
7.307891845703125000e+02
9.907453613281250000e+02
2.949748535156250000e+02
2.753142395019531250e+02
2.158470611572265625e+02
7.608604736328125000e+02
4.202583007812500000e+02
5.559550170898437500e+02
3.230696105957031250e+02
5.610371093750000000e+02
4.051703491210937500e+02
2.447582397460937500e+02
1.099963500976562500e+03
7.460990600585937500e+02
5.216549682617187500e+02
2.188847961425781250e+02
5.251826782226562500e+02
7.331436767578125000e+02
4.620529785156250000e+02
5.444551391601562500e+02
3.632381896972656250e+02
1.406336059570312500e+02
3.238229675292968750e+02
4.580327453613281250e+02
5.041087341308593750e+02
5.060605468750000000e+02
2.805751953125000000e+02
7.835964355468750000e+02
5.632962036132812500e+02
2.080697021484375000e+02
2.655321960449218750e+02
3.703787231445312500e+02
3.285722351074218750e+02
6.479748535156250000e+02
2.506573028564453125e+02
4.893424682617187500e+02
5.943112792968750000e+02
3.980389099121093750e+02
2.157246551513671875e+02
6.718282470703125000e+02
5.785925292968750000e+02
1.823506927490234375e+02
1.126776977539062500e+03
4.812474365234375000e+02
2.482374267578125000e+02
2.590434265136718750e+02
1.082678466796875000e+03
7.492549438476562500e+02
4.443077697753906250e+02
2.614638671875000000e+02
5.662621459960937500e+02
2.518046569824218750e+02
6.399829101562500000e+02
2.649929199218750000e+02
5.915734863281250000e+02
4.089470825195312500e+02
3.349503479003906250e+02
2.155876922607421875e+02
1.611783599853515625e+02
5.648283691406250000e+02
8.699521484375000000e+02
4.060739135742187500e+02
2.162378234863281250e+02
1.053661376953125000e+03
2.838175659179687500e+02
6.348484497070312500e+02
6.785786132812500000e+02
4.442303466796875000e+02
3.964901733398437500e+02
4.441235961914062500e+02
3.344632263183593750e+02
5.267335205078125000e+02
2.249143524169921875e+02
9.440629882812500000e+02
8.432087402343750000e+02
2.809160156250000000e+02
6.644354248046875000e+02
1.292437133789062500e+02
2.913693847656250000e+02
5.143391113281250000e+02
6.256629028320312500e+02
5.139663085937500000e+02
1.318034057617187500e+02
1.891951904296875000e+02
3.397893676757812500e+02
4.593379821777343750e+02
3.681077575683593750e+02
8.633345947265625000e+02
2.961456298828125000e+02
3.094624633789062500e+02
3.730234680175781250e+02
9.366188354492187500e+02
6.494072265625000000e+02
2.210677185058593750e+02
4.373027343750000000e+02
5.042985839843750000e+02
3.869832153320312500e+02
4.641621398925781250e+02
3.698999633789062500e+02
1.918038482666015625e+02
2.281222076416015625e+02
5.028466796875000000e+02
1.564204559326171875e+02
6.819241333007812500e+02
4.467299499511718750e+02
4.356102905273437500e+02
3.967400817871093750e+02
6.191465454101562500e+02
4.107127380371093750e+02
6.188895263671875000e+02
3.630744323730468750e+02
4.315101623535156250e+02
5.505993041992187500e+02
5.670153198242187500e+02
4.782907714843750000e+02
3.486843261718750000e+02
1.234296020507812500e+03
3.399294128417968750e+02
2.855674133300781250e+02
4.650077514648437500e+02
5.556207275390625000e+02
4.004615173339843750e+02
4.271833496093750000e+02
4.597586975097656250e+02
4.824591674804687500e+02
3.786103820800781250e+02
3.004022216796875000e+02
3.653931884765625000e+02
3.804677734375000000e+02
2.971735839843750000e+02
5.163867187500000000e+02
7.037789916992187500e+02
1.699391632080078125e+02
3.116032714843750000e+02
4.308657226562500000e+02
1.496453552246093750e+02
6.266774902343750000e+02
3.003535461425781250e+02
6.871709594726562500e+02
5.455656127929687500e+02
4.505277404785156250e+02
7.172708129882812500e+02
2.554535064697265625e+02
1.578566284179687500e+02
3.443448791503906250e+02
6.714001464843750000e+02
2.873057861328125000e+02
7.321988525390625000e+02
4.007914733886718750e+02
4.379189758300781250e+02
4.675665283203125000e+02
6.287472534179687500e+02
2.411111450195312500e+02
2.501215362548828125e+02
7.681717529296875000e+02
6.236447143554687500e+02
1.148312835693359375e+02
8.067849731445312500e+02
8.929367065429687500e+02
5.543264770507812500e+02
2.289839019775390625e+02
2.167792510986328125e+02
5.696880493164062500e+02
8.586827392578125000e+02
2.720903625488281250e+02
2.081077880859375000e+02
2.823000793457031250e+02
4.438899536132812500e+02
2.489851226806640625e+02
1.277254104614257812e+02
4.862914123535156250e+02
4.215960693359375000e+02
1.740579833984375000e+02
3.949583740234375000e+02
2.948294982910156250e+02
5.855054931640625000e+02
2.574441833496093750e+02
4.101995849609375000e+02
2.967864685058593750e+02
2.949492492675781250e+02
2.464879608154296875e+02
2.548754882812500000e+02
2.612267150878906250e+02
1.917537689208984375e+02
5.323920288085937500e+02
2.929057922363281250e+02
4.719378051757812500e+02
6.292017211914062500e+02
4.707368774414062500e+02
3.605914916992187500e+02
3.581099853515625000e+02
5.223692626953125000e+02
1.346996459960937500e+02
2.930541687011718750e+02
5.954188232421875000e+02
4.202392578125000000e+02
5.423737792968750000e+02
6.332845458984375000e+02
4.493525695800781250e+02
5.436402587890625000e+02
3.644886474609375000e+02
6.640015258789062500e+02
6.323617553710937500e+02
4.949061889648437500e+02
2.016877593994140625e+02
1.923164978027343750e+02
4.206405334472656250e+02
5.903847045898437500e+02
3.653484497070312500e+02
2.235918731689453125e+02
5.743167114257812500e+02
2.761837158203125000e+02
6.339149780273437500e+02
2.004512634277343750e+02
4.998540649414062500e+02
2.488325500488281250e+02
2.410879669189453125e+02
5.539315185546875000e+02
3.800856933593750000e+02
3.430279235839843750e+02
6.608376464843750000e+02
8.121159057617187500e+02
2.342320709228515625e+02
6.654576416015625000e+02
8.536430664062500000e+02
7.559312744140625000e+02
3.520416870117187500e+02
1.912117156982421875e+02
6.666314086914062500e+02
3.849455261230468750e+02
4.988283691406250000e+02
4.954414978027343750e+02
8.489513549804687500e+02
2.260096588134765625e+02
1.016749694824218750e+03
4.316653747558593750e+02
7.471378173828125000e+02
2.378897247314453125e+02
3.714135437011718750e+02
2.523219451904296875e+02
4.043501892089843750e+02
3.103151855468750000e+02
2.919196166992187500e+02
5.248831176757812500e+02
2.649664611816406250e+02
2.921662292480468750e+02
4.289051513671875000e+02
1.003452758789062500e+02
4.690083923339843750e+02
2.402053527832031250e+02
2.581069030761718750e+02
7.178427734375000000e+02
2.666091918945312500e+02
4.112592773437500000e+02
2.708430786132812500e+02
4.454531555175781250e+02
3.805848999023437500e+02
8.192485351562500000e+02
2.977443847656250000e+02
1.220039428710937500e+03
3.262968750000000000e+02
3.056559143066406250e+02
5.472751464843750000e+02
5.482754516601562500e+02
4.677286071777343750e+02
5.128344116210937500e+02
5.006932373046875000e+02
6.739039916992187500e+02
5.007785339355468750e+02
6.009329833984375000e+02
5.821077880859375000e+02
5.699958496093750000e+02
2.939402465820312500e+02
3.632209777832031250e+02
6.264181518554687500e+02
4.124642639160156250e+02
4.264435119628906250e+02
1.681718139648437500e+02
2.752651062011718750e+02
7.460490722656250000e+02
5.070185241699218750e+02
6.686651000976562500e+02
2.865675048828125000e+02
5.329644775390625000e+02
5.971334228515625000e+02
7.852981567382812500e+01
2.353216705322265625e+02
5.999562377929687500e+02
4.914320983886718750e+02
4.369342346191406250e+02
2.498363189697265625e+02
1.026801391601562500e+03
4.530650024414062500e+02
3.704696960449218750e+02
5.795941772460937500e+02
6.102350463867187500e+02
3.202510986328125000e+02
5.842503051757812500e+02
5.641256103515625000e+02
3.778619995117187500e+02
1.107370300292968750e+02
1.463038940429687500e+02
6.286594238281250000e+02
5.798075561523437500e+02
3.980969543457031250e+02
5.074460449218750000e+02
6.652831420898437500e+02
4.925307922363281250e+02
1.443425140380859375e+02
4.115827636718750000e+02
1.560468444824218750e+02
8.016389160156250000e+02
4.435777893066406250e+02
3.642694702148437500e+02
7.875458374023437500e+02
7.916010131835937500e+02
4.209651794433593750e+02
3.826257934570312500e+02
5.724638671875000000e+02
3.413760986328125000e+02
5.236192016601562500e+02
9.069853515625000000e+02
6.068981323242187500e+02
5.147279663085937500e+02
4.219733886718750000e+02
3.707312622070312500e+02
3.753885803222656250e+02
7.946541748046875000e+02
2.677171020507812500e+02
2.201553039550781250e+02
4.641311340332031250e+02
2.269196624755859375e+02
5.614838867187500000e+02
2.998626098632812500e+02
6.106735229492187500e+02
4.585046691894531250e+02
7.263181152343750000e+02
4.297308044433593750e+02
3.054332580566406250e+02
6.403683471679687500e+02
5.026621398925781250e+02
5.681297607421875000e+02
7.008829345703125000e+02
5.352879638671875000e+02
4.842391052246093750e+02
3.855770568847656250e+02
3.404565429687500000e+02
3.564413757324218750e+02
4.203994140625000000e+02
1.441705932617187500e+02
2.079881896972656250e+02
6.158694458007812500e+02
5.173063354492187500e+02
8.975806427001953125e+01
3.448957214355468750e+02
4.519732360839843750e+02
2.838013916015625000e+02
3.992082519531250000e+02
4.692506713867187500e+02
3.381116638183593750e+02
6.048536987304687500e+02
4.546912536621093750e+02
8.870286254882812500e+02
3.006127929687500000e+02
3.849816284179687500e+02
1.474719238281250000e+02
9.538420104980468750e+01
2.192008972167968750e+02
1.710329132080078125e+02
1.519951629638671875e+02
4.363866577148437500e+02
3.119852294921875000e+02
1.132193359375000000e+03
3.446687622070312500e+02
2.389218902587890625e+02
4.364872131347656250e+02
3.775666809082031250e+02
4.462207031250000000e+02
1.626789703369140625e+02
4.439645690917968750e+02
4.568469238281250000e+02
7.905419311523437500e+02
2.693307495117187500e+02
4.833463439941406250e+02
4.427092285156250000e+02
3.058161621093750000e+02
5.282593994140625000e+02
1.492578002929687500e+03
5.436735229492187500e+02
4.259882812500000000e+02
3.954304809570312500e+02
7.819166870117187500e+02
1.890279693603515625e+02
5.221680908203125000e+02
1.492220306396484375e+02
5.985377807617187500e+02
3.718759460449218750e+02
2.641342163085937500e+02
3.158887023925781250e+02
5.952504882812500000e+02
3.567547302246093750e+02
3.413969421386718750e+02
3.357974853515625000e+02
3.540295715332031250e+02
5.824730224609375000e+02
4.211942443847656250e+02
8.503198852539062500e+02
5.217067260742187500e+02
3.754719543457031250e+02
6.468304443359375000e+02
5.488359375000000000e+02
1.614128417968750000e+02
8.533260498046875000e+02
3.801523437500000000e+02
4.208516540527343750e+02
6.196032714843750000e+02
8.418590698242187500e+02
3.087708740234375000e+02
4.990426635742187500e+02
6.436879882812500000e+02
1.484821014404296875e+02
6.885580444335937500e+02
6.551784057617187500e+02
5.668319091796875000e+02
6.884656982421875000e+02
4.589570007324218750e+02
4.272330627441406250e+02
4.771738891601562500e+02
4.579816894531250000e+02
3.156767883300781250e+02
3.972983703613281250e+02
4.807825622558593750e+02
7.044397583007812500e+02
4.694451904296875000e+02
5.261651611328125000e+02
5.035692443847656250e+02
1.597983245849609375e+02
5.024495239257812500e+02
4.368207092285156250e+02
4.809696960449218750e+02
5.980328369140625000e+02
3.406259460449218750e+02
2.329362945556640625e+02
3.810677490234375000e+02
6.317038574218750000e+02
3.360354003906250000e+02
4.899743041992187500e+02
3.316190185546875000e+02
1.559614746093750000e+03
6.846978759765625000e+02
6.230385742187500000e+02
7.662147827148437500e+02
6.351845703125000000e+02
7.316058959960937500e+02
3.951776428222656250e+02
4.244125061035156250e+02
3.805038452148437500e+02
8.236723632812500000e+02
2.166877899169921875e+02
1.745771789550781250e+02
4.459699401855468750e+02
2.184111785888671875e+02
5.582042236328125000e+02
4.264031372070312500e+02
6.681532592773437500e+02
2.847524414062500000e+02
1.961621856689453125e+02
4.123053588867187500e+02
3.708464050292968750e+02
5.109034423828125000e+02
8.960342407226562500e+01
3.250574951171875000e+02
1.049782638549804688e+02
6.949580078125000000e+02
5.805177612304687500e+02
2.696894836425781250e+02
7.737592773437500000e+02
5.443275756835937500e+02
6.518486938476562500e+02
4.258904724121093750e+02
3.121716918945312500e+02
5.693449707031250000e+02
4.758558959960937500e+02
4.272809448242187500e+02
2.933894042968750000e+02
3.942564392089843750e+02
4.856613464355468750e+02
2.006889343261718750e+02
3.626700134277343750e+02
7.002387084960937500e+02
2.551642150878906250e+02
4.240108642578125000e+02
2.736814270019531250e+02
4.866740722656250000e+02
4.619895629882812500e+02
5.332543334960937500e+02
1.423044281005859375e+02
3.487235107421875000e+02
4.925891723632812500e+02
3.732288208007812500e+02
2.479069519042968750e+02
9.230609130859375000e+02
3.446641845703125000e+02
5.133835449218750000e+02
2.642303466796875000e+02
2.182413482666015625e+02
5.291788330078125000e+02
5.151895141601562500e+02
3.532607116699218750e+02
4.244201965332031250e+02
6.978185424804687500e+02
4.273030090332031250e+02
1.084059448242187500e+03
1.413254547119140625e+02
3.837411804199218750e+02
7.469757080078125000e+02
4.539883422851562500e+02
5.841851196289062500e+02
4.089570617675781250e+02
3.525449218750000000e+02
4.770014038085937500e+02
4.651737670898437500e+02
3.084001770019531250e+02
4.458080444335937500e+02
4.389783325195312500e+02
1.119222534179687500e+03
5.423392944335937500e+02
5.100915222167968750e+02
4.763990783691406250e+02
5.075134887695312500e+02
3.970081176757812500e+02
5.417494506835937500e+02
4.078526916503906250e+02
1.726368255615234375e+02
6.475762939453125000e+02
3.863521423339843750e+02
4.115557861328125000e+02
6.179144897460937500e+02
8.140376586914062500e+02
4.623411254882812500e+02
4.225514831542968750e+02
4.182489013671875000e+02
4.772581787109375000e+02
7.690270996093750000e+01
3.480084533691406250e+02
1.106436523437500000e+03
7.989437255859375000e+02
9.702678833007812500e+02
3.724397888183593750e+02
1.862367401123046875e+02
7.546428222656250000e+02
7.492152709960937500e+02
5.490261230468750000e+02
5.725991821289062500e+02
7.349733886718750000e+02
5.701470947265625000e+02
2.087338104248046875e+02
6.304811401367187500e+02
4.253600769042968750e+02
4.066419067382812500e+02
3.033568420410156250e+02
2.647729797363281250e+02
3.811692504882812500e+02
2.600326232910156250e+02
4.988747253417968750e+02
1.743137359619140625e+02
4.525913391113281250e+02
2.115773010253906250e+02
4.014128723144531250e+02
3.681645812988281250e+02
5.954094238281250000e+02
1.535318298339843750e+02
3.888196411132812500e+02
1.959179840087890625e+02
4.773990783691406250e+02
4.691202392578125000e+02
4.795777893066406250e+02
5.876005249023437500e+02
6.114470214843750000e+02
6.425115356445312500e+02
2.143319549560546875e+02
4.712512817382812500e+02
7.071157226562500000e+02
4.955671386718750000e+02
4.361729125976562500e+02
4.122863159179687500e+02
6.632983398437500000e+02
1.436013793945312500e+02
5.117030334472656250e+02
1.748536834716796875e+02
3.335674438476562500e+02
2.492439575195312500e+02
3.433537597656250000e+02
2.585274353027343750e+02
3.664745483398437500e+02
1.508403472900390625e+02
3.298186645507812500e+02
5.390625000000000000e+02
6.071155395507812500e+02
6.910540161132812500e+02
6.412718505859375000e+02
5.469981689453125000e+02
7.237871093750000000e+02
8.401968994140625000e+02
3.558350830078125000e+02
6.102752685546875000e+02
4.333410949707031250e+02
1.814782867431640625e+02
4.406741943359375000e+02
7.331989135742187500e+02
3.056965026855468750e+02
4.315168151855468750e+02
5.360808105468750000e+02
3.329264831542968750e+02
6.536178588867187500e+02
4.317148132324218750e+02
5.067830505371093750e+02
7.592570190429687500e+02
1.757529907226562500e+02
4.740697937011718750e+02
3.911121826171875000e+02
5.220054321289062500e+02
1.427925109863281250e+02
2.345490112304687500e+02
9.621087036132812500e+02
2.109538574218750000e+02
2.183656616210937500e+02
7.322308959960937500e+02
1.450416259765625000e+02
2.721493225097656250e+02
7.602333984375000000e+02
3.620101928710937500e+02
3.241459350585937500e+02
5.823787231445312500e+02
3.925123901367187500e+02
7.433003540039062500e+02
6.338499145507812500e+02
3.333948364257812500e+02
3.931062316894531250e+02
3.078167114257812500e+02
5.528457641601562500e+02
2.179010162353515625e+02
6.633327636718750000e+02
3.108981933593750000e+02
6.305962524414062500e+02
5.051435852050781250e+02
2.525687866210937500e+02
6.750226440429687500e+02
5.828697509765625000e+02
7.023883666992187500e+02
2.833162536621093750e+02
4.803568115234375000e+02
6.507183837890625000e+02
7.002682495117187500e+02
3.439366455078125000e+02
6.060234985351562500e+02
9.633769531250000000e+02
7.379914550781250000e+02
8.309289550781250000e+01
4.102110595703125000e+02
3.406690063476562500e+02
3.959713745117187500e+02
2.956510620117187500e+02
7.046987915039062500e+02
4.328269042968750000e+02
4.279049377441406250e+02
3.019747009277343750e+02
3.138973388671875000e+02
6.881791992187500000e+02
6.579872436523437500e+02
2.401271820068359375e+02
3.362746887207031250e+02
3.769766540527343750e+02
3.214901123046875000e+02
5.162896728515625000e+02
3.479664306640625000e+02
4.758920288085937500e+02
7.179935913085937500e+02
3.694047241210937500e+02
8.026177978515625000e+02
2.174682464599609375e+02
5.384453735351562500e+02
3.698504638671875000e+02
3.144263000488281250e+02
5.132802734375000000e+02
6.750817871093750000e+02
5.589804077148437500e+02
5.127602539062500000e+02
5.089861755371093750e+02
5.733927612304687500e+02
2.350518646240234375e+02
1.599590454101562500e+02
2.225231628417968750e+02
8.429937133789062500e+02
4.712694396972656250e+02
4.901828308105468750e+02
3.388453063964843750e+02
3.894764709472656250e+02
4.763488464355468750e+02
4.397142333984375000e+02
4.019187011718750000e+02
7.572517089843750000e+02
5.574285888671875000e+02
4.505865097045898438e+01
2.553731384277343750e+02
2.817633056640625000e+02
3.981949462890625000e+02
2.942343139648437500e+02
2.746216125488281250e+02
1.439576721191406250e+02
3.446187438964843750e+02
1.817809753417968750e+02
3.633587036132812500e+02
2.740172729492187500e+02
1.827592315673828125e+02
9.911314697265625000e+02
6.599395751953125000e+02
2.778672485351562500e+02
3.174300537109375000e+02
7.101929321289062500e+02
3.597232055664062500e+02
5.233287353515625000e+02
6.075913085937500000e+02
4.905773620605468750e+02
3.524823913574218750e+02
7.269486083984375000e+02
4.746224060058593750e+02
4.943248596191406250e+02
2.707283630371093750e+02
3.861722717285156250e+02
3.924263916015625000e+02
3.497377014160156250e+02
4.085906372070312500e+02
4.398857727050781250e+02
2.866111145019531250e+02
4.628640136718750000e+02
3.195223999023437500e+02
1.414843750000000000e+02
3.299277954101562500e+02
5.213736572265625000e+02
5.907719726562500000e+02
4.288356018066406250e+02
6.837788696289062500e+02
6.623496093750000000e+02
5.961066284179687500e+02
3.831361694335937500e+02
2.944751586914062500e+02
4.807330932617187500e+02
2.797675476074218750e+02
5.171348266601562500e+02
3.634954223632812500e+02
2.488306579589843750e+02
5.851176147460937500e+02
2.234661560058593750e+02
5.964712524414062500e+02
2.062355041503906250e+02
3.446042785644531250e+02
5.308698730468750000e+02
1.786782836914062500e+02
5.548609008789062500e+02
4.233451232910156250e+02
3.103708190917968750e+02
3.394074707031250000e+02
4.675271606445312500e+02
2.434321899414062500e+02
7.951192016601562500e+02
4.649228515625000000e+02
2.707129211425781250e+02
3.476694946289062500e+02
4.395894470214843750e+02
9.757373046875000000e+02
5.499617309570312500e+02
2.757401123046875000e+02
2.357901153564453125e+02
2.557103271484375000e+02
2.855650939941406250e+02
5.947777099609375000e+02
4.311750793457031250e+02
3.216201477050781250e+02
2.534399108886718750e+02
4.931799621582031250e+02
3.626350708007812500e+02
3.982930374145507812e+01
3.021878356933593750e+02
1.688648986816406250e+02
4.430276489257812500e+02
3.156635742187500000e+02
2.371575927734375000e+02
4.025890502929687500e+02
2.902380371093750000e+02
2.040881042480468750e+02
5.309404296875000000e+02
1.564818878173828125e+02
4.854336853027343750e+02
6.347723999023437500e+02
7.638260498046875000e+02
2.100407562255859375e+02
6.266817016601562500e+02
5.785803222656250000e+02
3.543976440429687500e+02
4.409118652343750000e+02
3.350666809082031250e+02
3.587220458984375000e+02
2.712411193847656250e+02
5.189505615234375000e+02
4.714713134765625000e+02
7.962210083007812500e+02
4.118975830078125000e+02
3.224197692871093750e+02
7.496930541992187500e+02
5.745128784179687500e+02
1.050839721679687500e+03
3.360302124023437500e+02
5.491088256835937500e+02
4.222553710937500000e+02
5.576080322265625000e+02
8.203482666015625000e+02
3.562192382812500000e+02
7.905313110351562500e+02
4.156012268066406250e+02
2.955401916503906250e+02
3.100498352050781250e+02
3.922042541503906250e+02
3.324567260742187500e+02
3.461430358886718750e+02
6.390808715820312500e+02
4.243001708984375000e+02
8.148803100585937500e+02
6.811956787109375000e+02
5.260076293945312500e+02
4.161127014160156250e+02
5.321235351562500000e+02
6.875904541015625000e+02
6.160371093750000000e+02
2.877283935546875000e+02
3.242166748046875000e+02
4.403526000976562500e+02
4.484385375976562500e+02
8.156826171875000000e+02
5.980920410156250000e+02
1.368858489990234375e+02
1.630532989501953125e+02
5.789489746093750000e+02
3.036018981933593750e+02
2.716262512207031250e+02
1.396696014404296875e+02
3.622825317382812500e+02
4.154241638183593750e+02
1.353119354248046875e+02
3.920163269042968750e+02
5.005792541503906250e+02
1.116328491210937500e+03
4.346233215332031250e+02
6.141875000000000000e+02
4.055010681152343750e+02
4.354423828125000000e+02
4.515382690429687500e+02
1.046675292968750000e+03
3.741847534179687500e+02
3.726795043945312500e+02
1.517183990478515625e+02
2.831809692382812500e+02
4.642136230468750000e+02
6.182254638671875000e+02
1.908987579345703125e+02
4.363047790527343750e+02
3.401070251464843750e+02
5.041131591796875000e+02
4.934143981933593750e+02
5.156499633789062500e+02
5.175921020507812500e+02
5.649734497070312500e+02
4.562494201660156250e+02
5.403614501953125000e+02
5.797295532226562500e+02
3.543665161132812500e+02
1.495394592285156250e+02
2.613929443359375000e+02
6.053339233398437500e+02
2.519398956298828125e+02
5.530861816406250000e+02
4.314597167968750000e+02
2.852503967285156250e+02
3.672163085937500000e+02
3.498362731933593750e+02
4.602110595703125000e+02
5.694963989257812500e+02
5.525248413085937500e+02
6.232541503906250000e+02
2.752774963378906250e+02
1.346323699951171875e+02
4.510144042968750000e+02
4.501796264648437500e+02
3.868054504394531250e+02
4.340435180664062500e+02
5.029237365722656250e+02
6.760029907226562500e+02
7.266240844726562500e+02
3.309001159667968750e+02
1.365334472656250000e+02
4.936824340820312500e+02
4.417833557128906250e+02
3.000616455078125000e+02
3.569516296386718750e+02
2.906287841796875000e+02
3.025686645507812500e+02
4.531104736328125000e+02
2.058553009033203125e+02
5.275769653320312500e+02
3.180268554687500000e+02
8.487741088867187500e+02
2.403401947021484375e+02
5.413176269531250000e+02
1.580814819335937500e+02
7.097798461914062500e+02
2.332253112792968750e+02
1.986321716308593750e+02
2.485069427490234375e+02
4.758674621582031250e+02
5.888350830078125000e+02
3.270452880859375000e+02
1.010105651855468750e+03
3.999645996093750000e+02
4.995919494628906250e+02
6.977748413085937500e+02
1.250120391845703125e+02
2.783478698730468750e+02
3.240428466796875000e+02
3.155635681152343750e+02
4.954158630371093750e+02
5.909100341796875000e+02
4.180406188964843750e+02
1.506945343017578125e+02
2.554588623046875000e+02
1.218328628540039062e+02
5.192500610351562500e+02
3.084105224609375000e+02
9.076508178710937500e+02
4.675745239257812500e+02
2.719541931152343750e+02
7.308570556640625000e+02
6.042251586914062500e+02
5.467413940429687500e+02
8.109555053710937500e+02
2.542138671875000000e+02
3.165106201171875000e+02
4.429707031250000000e+02
5.971264648437500000e+02
5.848504638671875000e+02
2.672573242187500000e+02
3.331277160644531250e+02
3.091140441894531250e+02
4.400106811523437500e+02
1.103201293945312500e+03
9.840303955078125000e+02
7.701256103515625000e+02
5.045689697265625000e+02
6.994381713867187500e+02
5.609958496093750000e+02
3.077515869140625000e+02
4.827563781738281250e+02
1.073719329833984375e+02
6.243219604492187500e+02
1.253705978393554688e+02
4.305524291992187500e+02
6.017264404296875000e+02
2.161850585937500000e+02
4.738748779296875000e+02
2.422559051513671875e+02
2.470320434570312500e+02
6.518921508789062500e+02
3.787952575683593750e+02
3.547776184082031250e+02
7.456226196289062500e+02
7.875880737304687500e+02
4.179675598144531250e+02
3.777740478515625000e+02
1.923654937744140625e+02
2.689871520996093750e+02
4.409709777832031250e+02
8.903141479492187500e+02
8.777490234375000000e+02
7.973803100585937500e+02
7.466071777343750000e+02
1.829109954833984375e+02
4.605717468261718750e+02
5.629963378906250000e+02
7.409075317382812500e+02
2.109094482421875000e+03
5.871802368164062500e+02
1.006634155273437500e+03
4.900339355468750000e+02
5.995281982421875000e+02
4.178809204101562500e+02
4.256264038085937500e+02
6.633854370117187500e+02
2.302117919921875000e+02
2.964016113281250000e+02
4.597078857421875000e+02
4.329135742187500000e+02
4.622277526855468750e+02
1.898489837646484375e+02
1.096169311523437500e+03
4.767660827636718750e+02
5.953820800781250000e+02
8.089089965820312500e+02
5.311498413085937500e+02
2.677547607421875000e+02
9.480409545898437500e+02
3.274601745605468750e+02
3.297301635742187500e+02
1.831841735839843750e+02
2.026225128173828125e+02
2.155910186767578125e+02
7.612289428710937500e+02
1.969670867919921875e+02
3.009659118652343750e+02
7.016473999023437500e+02
5.292532348632812500e+02
1.824806671142578125e+02
5.406154785156250000e+02
1.395437164306640625e+02
9.555688476562500000e+02
7.018168334960937500e+02
3.325036315917968750e+02
6.128720092773437500e+02
8.584893798828125000e+02
3.869981994628906250e+02
4.361222839355468750e+02
3.028259887695312500e+02
5.887177124023437500e+02
2.801938781738281250e+02
6.533571777343750000e+02
2.997802734375000000e+02
3.081157531738281250e+02
3.684293823242187500e+02
5.553691406250000000e+02
3.372889404296875000e+02
4.321632995605468750e+02
5.737638549804687500e+02
5.935519409179687500e+02
1.046068237304687500e+03
3.523198852539062500e+02
3.686837158203125000e+02
3.582414855957031250e+02
7.858790283203125000e+02
7.111062011718750000e+02
6.566610107421875000e+02
1.679719696044921875e+02
8.919149780273437500e+02
3.418982849121093750e+02
5.613269042968750000e+02
5.238305664062500000e+02
7.058240966796875000e+02
2.750422973632812500e+02
3.002471923828125000e+02
4.321048278808593750e+02
7.584412231445312500e+02
2.493578186035156250e+02
3.470692749023437500e+02
4.018856201171875000e+02
4.162744140625000000e+02
4.402272644042968750e+02
5.649276123046875000e+02
5.391506347656250000e+02
2.141498260498046875e+02
3.596170043945312500e+02
3.856998596191406250e+02
4.103382873535156250e+02
6.622482910156250000e+02
5.727112426757812500e+02
2.159091491699218750e+02
5.763188476562500000e+02
6.022714843750000000e+02
7.127681274414062500e+02
3.689526062011718750e+02
4.982455139160156250e+02
4.706420288085937500e+02
4.423195495605468750e+02
4.205365600585937500e+02
9.491227416992187500e+02
5.847511596679687500e+02
4.278966674804687500e+02
6.751029663085937500e+02
9.167801666259765625e+01
4.698676757812500000e+02
4.188443908691406250e+02
4.179585571289062500e+02
4.615043640136718750e+02
3.083979797363281250e+02
2.803178710937500000e+02
5.840941772460937500e+02
1.766737976074218750e+02
7.237284545898437500e+02
7.789548339843750000e+02
3.510982971191406250e+02
6.533261718750000000e+02
5.990963134765625000e+02
1.626385040283203125e+02
3.571619567871093750e+02
1.611604919433593750e+02
4.687171630859375000e+02
3.514954528808593750e+02
3.229642639160156250e+02
4.227232055664062500e+02
3.111643066406250000e+02
3.452996520996093750e+02
6.093982543945312500e+02
4.912460021972656250e+02
6.361649169921875000e+02
5.040720825195312500e+02
2.551068878173828125e+02
2.675308837890625000e+02
3.522136840820312500e+02
5.726303710937500000e+02
2.554966888427734375e+02
4.047245178222656250e+02
7.304053955078125000e+02
2.938239440917968750e+02
5.628852539062500000e+02
1.668550720214843750e+02
4.994344482421875000e+02
1.082454345703125000e+03
5.843934326171875000e+02
5.910646362304687500e+02
4.075845031738281250e+02
7.890153198242187500e+02
3.627373657226562500e+02
5.255662231445312500e+02
7.238383178710937500e+02
2.514925537109375000e+02
4.999523315429687500e+02
3.573661499023437500e+02
3.306226806640625000e+02
1.450836791992187500e+02
5.113091430664062500e+02
4.456139526367187500e+02
1.980316619873046875e+02
1.226026229858398438e+02
2.552559509277343750e+02
2.065949707031250000e+02
3.118944396972656250e+02
4.728166503906250000e+02
8.448586425781250000e+02
3.893382873535156250e+02
5.584089355468750000e+02
6.947930297851562500e+02
4.672141418457031250e+02
8.183857421875000000e+02
4.659418029785156250e+02
4.640512695312500000e+02
4.067471618652343750e+02
5.977957153320312500e+02
3.180900878906250000e+02
6.723165893554687500e+02
6.575442504882812500e+02
3.777428283691406250e+02
3.943600769042968750e+02
4.634712829589843750e+02
5.841207885742187500e+02
7.670877685546875000e+02
4.378225708007812500e+02
2.604575500488281250e+02
5.291520385742187500e+02
4.706526489257812500e+02
8.980122680664062500e+02
4.890557556152343750e+02
3.628090515136718750e+02
4.479898986816406250e+02
5.482641601562500000e+02
8.223801422119140625e+01
6.267548217773437500e+02
4.944524841308593750e+02
7.126776733398437500e+02
3.025465698242187500e+02
2.169012756347656250e+02
6.935845336914062500e+02
7.378024902343750000e+02
8.333536376953125000e+02
2.309797210693359375e+02
3.363522338867187500e+02
7.418942871093750000e+02
4.344010009765625000e+02
6.011654052734375000e+02
4.686378479003906250e+02
3.704378967285156250e+02
2.092379150390625000e+02
6.157526245117187500e+02
4.980046691894531250e+02
3.941246948242187500e+02
1.543618469238281250e+02
1.463232727050781250e+02
6.596145629882812500e+02
6.222890625000000000e+02
5.447957763671875000e+02
1.072048583984375000e+03
3.147288513183593750e+02
4.122287292480468750e+02
9.506759033203125000e+02
1.547838897705078125e+02
4.921541748046875000e+02
1.080667953491210938e+02
6.264216308593750000e+02
1.507740936279296875e+02
4.760929565429687500e+02
8.862330932617187500e+02
4.348641052246093750e+02
2.117272644042968750e+02
3.912862243652343750e+02
6.763663330078125000e+02
3.866108093261718750e+02
4.577688293457031250e+02
6.078132934570312500e+02
2.977732238769531250e+02
5.257266235351562500e+02
5.572376708984375000e+02
4.374960937500000000e+02
6.235712890625000000e+02
8.479166870117187500e+02
5.591761474609375000e+02
2.456925201416015625e+02
8.040412597656250000e+02
4.517459106445312500e+02
1.378212585449218750e+02
6.890562133789062500e+02
1.526026153564453125e+02
5.705874023437500000e+02
4.490589599609375000e+02
3.166986083984375000e+02
3.870374450683593750e+02
3.872437744140625000e+02
6.400589599609375000e+02
3.320080871582031250e+02
3.424723510742187500e+02
3.872025756835937500e+02
2.952002258300781250e+02
3.978594665527343750e+02
4.900903320312500000e+02
5.969238891601562500e+02
6.078439331054687500e+02
4.924449157714843750e+02
4.317939453125000000e+02
5.266005859375000000e+02
9.618628540039062500e+02
3.605122985839843750e+02
2.619510192871093750e+02
5.315007324218750000e+02
1.044515625000000000e+03
1.717929077148437500e+02
3.036918334960937500e+02
4.263048400878906250e+02
3.556581115722656250e+02
4.818589782714843750e+02
7.613222656250000000e+02
3.401173706054687500e+02
2.276484527587890625e+02
6.719681396484375000e+02
3.188091735839843750e+02
5.326947631835937500e+02
4.753541259765625000e+02
7.510660400390625000e+02
2.600001525878906250e+02
5.590654296875000000e+02
3.037496643066406250e+02
3.558794860839843750e+02
5.177282104492187500e+02
2.561426696777343750e+02
6.285721435546875000e+02
3.128634338378906250e+02
4.891312866210937500e+02
4.987523498535156250e+02
5.409622802734375000e+02
6.249071655273437500e+02
2.834149169921875000e+02
6.807252807617187500e+02
1.834240875244140625e+02
4.675445556640625000e+02
4.466970214843750000e+02
4.096631469726562500e+02
7.313630981445312500e+02
6.265321044921875000e+02
2.736083068847656250e+02
5.372036743164062500e+02
2.344685821533203125e+02
4.787896118164062500e+02
5.217664184570312500e+02
5.310910644531250000e+02
4.836027832031250000e+02
1.272825698852539062e+02
3.001539916992187500e+02
3.753176879882812500e+02
2.622224121093750000e+02
3.587200012207031250e+02
7.043239746093750000e+02
2.876810302734375000e+02
5.405923461914062500e+02
6.842339477539062500e+02
5.485480346679687500e+02
6.205888061523437500e+02
4.653929748535156250e+02
2.336225585937500000e+02
2.994455261230468750e+02
7.495927734375000000e+02
9.751824340820312500e+02
5.040849609375000000e+02
5.976733398437500000e+02
6.383300781250000000e+02
9.267314453125000000e+02
3.777380371093750000e+02
2.147181701660156250e+02
6.313709716796875000e+02
2.607666320800781250e+02
2.916560058593750000e+02
1.228125732421875000e+03
4.038830566406250000e+02
4.522823791503906250e+02
5.127365722656250000e+02
6.089821777343750000e+02
1.800090332031250000e+02
4.573844299316406250e+02
2.144638824462890625e+02
2.408316497802734375e+02
2.920740661621093750e+02
3.552873535156250000e+02
1.597816772460937500e+02
7.689106445312500000e+02
6.023732299804687500e+02
3.209051818847656250e+02
5.232420043945312500e+02
5.031990356445312500e+02
4.483521423339843750e+02
3.264732360839843750e+02
3.811377868652343750e+02
2.248051910400390625e+02
2.314441680908203125e+02
4.319336547851562500e+02
5.658359985351562500e+02
7.690294799804687500e+02
3.600728454589843750e+02
4.676612548828125000e+02
3.052469177246093750e+02
3.826274719238281250e+02
1.559026641845703125e+02
3.932382812500000000e+02
6.086491699218750000e+02
7.084448852539062500e+02
2.960351562500000000e+02
5.838088989257812500e+02
6.366685180664062500e+02
8.944396362304687500e+02
5.028747863769531250e+02
8.910828247070312500e+02
8.989541015625000000e+02
5.158649291992187500e+02
9.892066650390625000e+02
3.721578674316406250e+02
8.180734863281250000e+02
4.556965637207031250e+02
2.187433013916015625e+02
2.716097412109375000e+02
1.884692840576171875e+02
2.260055236816406250e+02
7.436881713867187500e+02
3.768670654296875000e+02
5.346419677734375000e+02
4.415979614257812500e+02
3.543188781738281250e+02
4.194219970703125000e+02
7.848201293945312500e+02
2.912214355468750000e+02
3.388930053710937500e+02
2.093789520263671875e+02
7.537778320312500000e+02
3.058060607910156250e+02
1.752896728515625000e+02
2.105780792236328125e+02
7.859053955078125000e+02
3.539688720703125000e+02
2.568451843261718750e+02
3.325278930664062500e+02
3.274596252441406250e+02
5.538079833984375000e+02
4.314287109375000000e+02
2.413502655029296875e+02
6.217418823242187500e+02
1.175230346679687500e+03
4.147869567871093750e+02
4.040385742187500000e+02
1.869704437255859375e+02
2.016831359863281250e+02
2.278447113037109375e+02
2.827843017578125000e+02
4.396652526855468750e+02
6.142335815429687500e+02
2.638410949707031250e+02
3.086358642578125000e+02
6.734398193359375000e+02
5.229051513671875000e+02
5.496356201171875000e+02
5.524118652343750000e+02
2.875958557128906250e+02
5.864278564453125000e+02
2.627224426269531250e+02
3.299305114746093750e+02
6.620113525390625000e+02
3.440165710449218750e+02
5.121982421875000000e+02
6.611683959960937500e+02
7.586344604492187500e+02
8.099501342773437500e+02
5.259837036132812500e+02
1.479228363037109375e+02
3.821085815429687500e+02
5.322242431640625000e+02
5.044237976074218750e+02
3.062760925292968750e+02
4.755529785156250000e+02
3.909745178222656250e+02
4.171052856445312500e+02
3.658502807617187500e+02
3.679214782714843750e+02
5.920901489257812500e+02
4.996836853027343750e+02
4.793123474121093750e+02
7.112687988281250000e+02
3.588677062988281250e+02
4.225404663085937500e+02
3.810450744628906250e+02
3.086481628417968750e+02
6.504869384765625000e+02
1.891032409667968750e+02
4.591618652343750000e+02
1.702074890136718750e+02
1.810631408691406250e+02
4.446587219238281250e+02
3.963477172851562500e+02
2.649035339355468750e+02
3.598258972167968750e+02
6.019542846679687500e+02
5.002973327636718750e+02
1.605698730468750000e+03
3.898312988281250000e+02
4.766273803710937500e+02
3.865005798339843750e+02
2.799913024902343750e+02
6.927313232421875000e+02
3.844649963378906250e+02
3.866893005371093750e+02
2.463545379638671875e+02
3.156090393066406250e+02
5.384464721679687500e+02
5.152951049804687500e+02
9.653248596191406250e+01
2.583504638671875000e+02
2.928183288574218750e+02
1.079188232421875000e+03
3.547131042480468750e+02
8.302363281250000000e+02
4.989681396484375000e+02
6.005654296875000000e+02
8.839761352539062500e+02
4.589704284667968750e+02
1.195805587768554688e+02
5.803535766601562500e+02
3.545789184570312500e+02
6.139613037109375000e+02
7.421316528320312500e+02
4.903156738281250000e+02
3.444320678710937500e+02
2.035575714111328125e+02
3.644407348632812500e+02
6.123618164062500000e+02
6.616863403320312500e+02
3.860175476074218750e+02
6.802640380859375000e+02
6.012043457031250000e+02
7.718529052734375000e+02
1.801780853271484375e+02
1.710024261474609375e+02
3.051264648437500000e+02
8.668753662109375000e+02
3.920846557617187500e+02
2.260156707763671875e+02
6.197866821289062500e+02
5.281215820312500000e+02
4.152763977050781250e+02
4.216843566894531250e+02
2.037197113037109375e+02
3.213924560546875000e+02
5.731595458984375000e+02
2.444601135253906250e+02
5.066367797851562500e+02
5.260516967773437500e+02
6.179814453125000000e+02
4.131673889160156250e+02
3.203693542480468750e+02
2.506993408203125000e+02
5.459999389648437500e+02
8.074620971679687500e+02
5.969082031250000000e+02
2.512310333251953125e+02
2.660399475097656250e+02
6.109723510742187500e+02
3.466075439453125000e+02
2.345197601318359375e+02
6.682344360351562500e+02
7.116070556640625000e+02
8.998233032226562500e+02
8.020389404296875000e+02
2.547469787597656250e+02
4.290939331054687500e+02
2.695071411132812500e+02
3.812821655273437500e+02
5.981731567382812500e+02
5.068388366699218750e+02
4.593365478515625000e+02
4.153895874023437500e+02
1.971235809326171875e+02
3.863254089355468750e+02
6.968773803710937500e+02
2.636617431640625000e+02
2.989809265136718750e+02
9.265366821289062500e+02
6.707033081054687500e+02
2.275166931152343750e+02
8.423422851562500000e+02
3.446391906738281250e+02
3.674001770019531250e+02
5.051821899414062500e+02
5.510278930664062500e+02
5.416720581054687500e+02
7.287856445312500000e+02
1.027792358398437500e+03
1.804600982666015625e+02
5.379951171875000000e+02
1.783587493896484375e+02
4.071140136718750000e+02
2.578081054687500000e+02
4.568256225585937500e+02
6.245914916992187500e+02
1.642882080078125000e+02
2.355687713623046875e+02
1.755135650634765625e+02
5.606145629882812500e+02
5.149026489257812500e+02
4.611119079589843750e+02
4.926892089843750000e+02
5.048049621582031250e+02
3.562928161621093750e+02
4.940965881347656250e+02
4.705852355957031250e+02
4.174940490722656250e+02
3.237476196289062500e+02
7.363050537109375000e+02
5.129369506835937500e+02
2.728088378906250000e+02
2.923586425781250000e+02
4.465414428710937500e+02
1.840349884033203125e+02
3.196587524414062500e+02
1.542388916015625000e+02
6.875224609375000000e+02
9.942179565429687500e+02
4.269056701660156250e+02
3.542038879394531250e+02
3.010149230957031250e+02
6.545383300781250000e+02
5.587871093750000000e+02
8.416058959960937500e+02
6.625501708984375000e+02
1.116788574218750000e+03
4.655078735351562500e+02
4.901128845214843750e+02
4.799757995605468750e+02
6.048568725585937500e+02
6.796984252929687500e+02
7.914354248046875000e+02
3.085468444824218750e+02
7.153922119140625000e+02
9.302247924804687500e+02
3.167038879394531250e+02
1.157271728515625000e+02
2.334766998291015625e+02
4.593928833007812500e+02
3.448579101562500000e+02
2.520720672607421875e+02
4.699335021972656250e+02
4.905836486816406250e+02
5.044709777832031250e+02
6.872184448242187500e+02
3.446076965332031250e+02
5.290074462890625000e+02
3.032004394531250000e+02
6.577671508789062500e+02
8.676911010742187500e+02
4.615979003906250000e+02
5.298779907226562500e+02
2.270273437500000000e+02
6.416482543945312500e+02
8.127428588867187500e+02
2.883256530761718750e+02
1.101662963867187500e+03
3.771460266113281250e+02
9.440681762695312500e+02
4.426055297851562500e+02
7.183378295898437500e+02
4.233742370605468750e+02
4.898479003906250000e+02
3.071799011230468750e+02
7.596148681640625000e+02
4.516661071777343750e+02
7.612344360351562500e+02
5.803901977539062500e+02
3.272395324707031250e+02
6.491305541992187500e+02
3.099118347167968750e+02
1.684004058837890625e+02
2.503121032714843750e+02
3.383497009277343750e+02
3.063351745605468750e+02
5.987136840820312500e+02
7.660438232421875000e+02
3.605910949707031250e+02
3.825879516601562500e+02
8.054403076171875000e+02
3.541307678222656250e+02
5.370295410156250000e+02
5.567527465820312500e+02
6.791113281250000000e+02
5.798916625976562500e+02
4.234436035156250000e+02
2.334682922363281250e+02
7.681859130859375000e+02
5.970598754882812500e+02
5.517716064453125000e+02
5.289465942382812500e+02
4.333001708984375000e+02
3.507506713867187500e+02
2.196001586914062500e+02
7.093964233398437500e+02
8.586127319335937500e+02
6.400692749023437500e+02
2.109027252197265625e+02
5.844965820312500000e+02
3.726236877441406250e+02
6.136002807617187500e+02
3.598254699707031250e+02
4.923905639648437500e+02
6.202666625976562500e+02
4.335055847167968750e+02
1.989096374511718750e+02
3.247731628417968750e+02
5.952678222656250000e+02
3.388321533203125000e+02
3.688536376953125000e+02
5.033589782714843750e+02
3.661874694824218750e+02
5.284099121093750000e+02
5.293596801757812500e+02
2.553696136474609375e+02
2.479169921875000000e+02
2.664053649902343750e+02
2.640656127929687500e+02
2.558731994628906250e+02
4.670047607421875000e+02
3.000170898437500000e+02
7.647736816406250000e+02
6.853453979492187500e+02
2.670059814453125000e+02
3.493947753906250000e+02
4.364199218750000000e+02
2.789658203125000000e+02
6.098400268554687500e+02
3.921705627441406250e+02
1.997418518066406250e+02
4.780198669433593750e+02
5.572229003906250000e+02
4.112023620605468750e+02
4.649219665527343750e+02
3.447553100585937500e+02
2.923679199218750000e+02
4.564000854492187500e+02
3.511552124023437500e+02
8.539943847656250000e+02
4.932563781738281250e+02
4.823107910156250000e+02
2.412463684082031250e+02
3.064618530273437500e+02
6.029710693359375000e+02
5.846705322265625000e+02
4.243015136718750000e+02
2.426237030029296875e+02
5.926700439453125000e+02
6.555149536132812500e+02
6.040554199218750000e+02
4.089950561523437500e+02
7.094338989257812500e+02
4.406095275878906250e+02
5.141030883789062500e+02
3.093647155761718750e+02
4.874262695312500000e+02
1.823908691406250000e+02
6.365424194335937500e+02
5.436992797851562500e+02
1.003880859375000000e+03
2.955180664062500000e+02
5.309771728515625000e+02
7.635531005859375000e+02
6.474185791015625000e+02
1.434157867431640625e+02
5.309293823242187500e+02
1.089058105468750000e+03
7.874122314453125000e+02
2.497051239013671875e+02
4.628359375000000000e+02
1.039890747070312500e+03
4.830495910644531250e+02
7.834273529052734375e+01
6.515562744140625000e+02
3.882999267578125000e+02
6.252523193359375000e+02
3.217063293457031250e+02
6.902360229492187500e+02
7.711272583007812500e+02
2.545481262207031250e+02
9.114902954101562500e+02
3.938817138671875000e+02
3.990281677246093750e+02
7.298776855468750000e+02
2.907707519531250000e+02
4.298392639160156250e+02
5.245087280273437500e+02
1.027272262573242188e+02
5.623222656250000000e+02
8.114983520507812500e+02
6.431769409179687500e+02
4.432681579589843750e+02
2.444669647216796875e+02
4.649982910156250000e+02
1.859823760986328125e+02
6.370963745117187500e+02
1.682016448974609375e+02
6.594097900390625000e+02
4.701627197265625000e+02
6.007569580078125000e+02
8.766795043945312500e+02
4.863125915527343750e+02
2.879791259765625000e+02
1.892605438232421875e+02
6.129704589843750000e+02
1.830055389404296875e+02
2.045937805175781250e+02
4.833293762207031250e+02
3.258200378417968750e+02
4.607097473144531250e+02
5.207010498046875000e+02
3.540643920898437500e+02
3.324974975585937500e+02
1.944674987792968750e+02
4.737110900878906250e+02
1.149414916992187500e+03
4.978769836425781250e+02
6.769904785156250000e+02
2.772850952148437500e+02
5.287512817382812500e+02
4.010964355468750000e+02
7.965712890625000000e+02
2.187280731201171875e+02
1.475973663330078125e+02
8.244369506835937500e+02
4.911255798339843750e+02
4.793891601562500000e+02
2.953517761230468750e+02
2.606453552246093750e+02
3.698207702636718750e+02
7.593231201171875000e+02
3.337449340820312500e+02
7.235342407226562500e+02
5.704722290039062500e+02
3.890493774414062500e+02
6.250034790039062500e+02
3.308275756835937500e+02
6.425189819335937500e+02
3.619630432128906250e+02
1.760080261230468750e+02
4.252127075195312500e+02
4.040626831054687500e+02
9.950449218750000000e+02
4.453742980957031250e+02
5.014440307617187500e+02
5.605006713867187500e+02
1.796318359375000000e+02
6.493648071289062500e+02
7.486516723632812500e+02
7.159779357910156250e+01
2.938226928710937500e+02
5.536135864257812500e+02
7.791210327148437500e+02
5.352575073242187500e+02
6.193138427734375000e+02
7.398908081054687500e+02
4.064002685546875000e+02
1.337277679443359375e+02
1.028260498046875000e+03
3.823771057128906250e+02
3.940088806152343750e+02
3.933298645019531250e+02
4.128203125000000000e+02
4.321398315429687500e+02
3.218592453002929688e+01
3.546104736328125000e+02
2.629637756347656250e+02
4.035540466308593750e+02
4.244420471191406250e+02
4.130236816406250000e+02
1.883954620361328125e+02
3.005719604492187500e+02
5.760975952148437500e+02
6.784391479492187500e+02
2.081472320556640625e+02
5.334663085937500000e+02
1.983361511230468750e+02
3.975850830078125000e+02
5.050859680175781250e+02
2.711780090332031250e+02
3.237190856933593750e+02
1.175535034179687500e+03
3.736702270507812500e+02
7.269957275390625000e+02
2.876388549804687500e+02
6.391065063476562500e+02
6.716336669921875000e+02
4.235082092285156250e+02
3.687038879394531250e+02
7.220513916015625000e+02
9.848593139648437500e+02
7.297940063476562500e+02
3.995471801757812500e+02
7.097324218750000000e+02
1.923394775390625000e+02
2.703342285156250000e+02
2.372571716308593750e+02
2.756624145507812500e+02
4.093764038085937500e+02
3.902019653320312500e+02
4.255877685546875000e+02
3.223565673828125000e+02
6.726883697509765625e+01
4.962963256835937500e+02
3.746336059570312500e+02
6.256799316406250000e+02
4.577745056152343750e+02
5.689660034179687500e+02
3.601718139648437500e+02
7.991494750976562500e+02
1.370121765136718750e+02
6.723778686523437500e+02
3.846402282714843750e+02
7.676148681640625000e+02
6.262501220703125000e+02
7.527563476562500000e+02
7.843245239257812500e+02
7.446031494140625000e+02
8.370587158203125000e+02
2.994752807617187500e+02
3.252288208007812500e+02
3.765056152343750000e+02
1.898818054199218750e+02
1.090553100585937500e+03
8.227727050781250000e+02
2.209128112792968750e+02
2.619332885742187500e+02
9.374329223632812500e+02
3.857879333496093750e+02
7.394238281250000000e+02
2.377678375244140625e+02
5.384993286132812500e+02
4.001306457519531250e+02
2.673934326171875000e+02
6.013560791015625000e+02
4.344115905761718750e+02
6.389686889648437500e+02
3.667788085937500000e+02
3.520314025878906250e+02
3.622338562011718750e+02
2.916477050781250000e+02
3.113408508300781250e+02
3.959367980957031250e+02
4.191918640136718750e+02
3.918251647949218750e+02
2.630967712402343750e+02
3.634714965820312500e+02
4.300187683105468750e+02
3.228185424804687500e+02
4.318470153808593750e+02
6.893006591796875000e+02
5.055444641113281250e+02
4.635122680664062500e+02
3.086102294921875000e+02
4.478221435546875000e+02
4.034716186523437500e+02
1.967864685058593750e+02
3.334617309570312500e+02
5.729501953125000000e+02
8.909087524414062500e+02
2.683880920410156250e+02
5.546296386718750000e+02
4.714426879882812500e+02
5.161450195312500000e+02
5.681549072265625000e+02
2.831819763183593750e+02
9.558498535156250000e+02
1.784399414062500000e+02
1.459810180664062500e+02
2.048419494628906250e+02
7.261275024414062500e+02
5.483187866210937500e+02
2.175234375000000000e+02
6.150115356445312500e+02
3.677293701171875000e+02
2.811873168945312500e+02
2.871436157226562500e+02
4.538203430175781250e+02
3.196654052734375000e+02
5.660086059570312500e+02
3.592471618652343750e+02
5.278109741210937500e+02
1.370994873046875000e+02
4.444278564453125000e+02
5.730593261718750000e+02
4.398861083984375000e+02
4.418437805175781250e+02
5.803146972656250000e+02
6.133693847656250000e+02
6.187811889648437500e+02
1.292669219970703125e+02
4.785011901855468750e+02
4.923251647949218750e+02
1.002301513671875000e+03
3.830822753906250000e+02
7.573535156250000000e+02
9.260857543945312500e+02
1.916714782714843750e+02
6.737067871093750000e+02
3.760846862792968750e+02
6.125568237304687500e+02
3.525374755859375000e+02
1.690763092041015625e+02
1.992294464111328125e+02
7.999074707031250000e+02
4.557267761230468750e+02
3.887064208984375000e+02
7.149536743164062500e+02
1.189280517578125000e+03
7.325340576171875000e+02
4.602626342773437500e+02
5.926350097656250000e+02
1.865980834960937500e+02
2.562031250000000000e+02
1.890186767578125000e+02
1.140339111328125000e+03
2.976367187500000000e+02
3.679009399414062500e+02
1.775332946777343750e+02
2.320033569335937500e+02
2.206873779296875000e+02
5.878322753906250000e+02
5.808804931640625000e+02
4.151972351074218750e+02
5.714242553710937500e+02
2.907619018554687500e+02
4.724741821289062500e+02
3.217793579101562500e+02
2.973523559570312500e+02
5.287863159179687500e+02
4.135846862792968750e+02
5.653684082031250000e+02
5.345382080078125000e+02
7.293038330078125000e+02
2.614195861816406250e+02
9.293732910156250000e+02
6.161112670898437500e+02
2.020503845214843750e+02
2.217799835205078125e+02
3.170099792480468750e+02
7.960281372070312500e+02
1.825427856445312500e+02
4.445817260742187500e+02
2.182825927734375000e+02
3.679492187500000000e+02
2.317480926513671875e+02
3.165061035156250000e+02
1.172067108154296875e+02
4.214408569335937500e+02
4.268935546875000000e+02
7.067916259765625000e+02
2.285001678466796875e+02
7.680097045898437500e+02
1.415874176025390625e+02
3.382484741210937500e+02
6.609084472656250000e+02
8.456055297851562500e+02
6.159510498046875000e+02
1.488491363525390625e+02
5.175631103515625000e+02
4.712858276367187500e+02
2.771607360839843750e+02
2.773986511230468750e+02
7.822531127929687500e+02
4.005433959960937500e+02
2.886905517578125000e+02
3.491360168457031250e+02
7.139949951171875000e+02
5.406196289062500000e+02
8.328545532226562500e+02
8.622553710937500000e+02
1.046572753906250000e+03
1.834312896728515625e+02
7.367634277343750000e+02
5.261441650390625000e+02
6.245292358398437500e+02
5.413440551757812500e+02
3.359785461425781250e+02
4.401036987304687500e+02
4.152691650390625000e+02
5.493196411132812500e+02
4.790558471679687500e+02
2.160999603271484375e+02
3.191711120605468750e+02
4.998335266113281250e+02
3.165993041992187500e+02
5.502372436523437500e+02
5.534329833984375000e+02
2.143349914550781250e+02
3.940807189941406250e+02
5.660391235351562500e+02
5.193180541992187500e+02
9.895402832031250000e+02
2.876682739257812500e+02
1.311933898925781250e+02
3.610500488281250000e+02
7.230552368164062500e+02
1.764772644042968750e+02
3.545438232421875000e+02
5.363446655273437500e+02
2.400918579101562500e+02
5.256317749023437500e+02
1.333167877197265625e+02
4.203565673828125000e+02
6.771412353515625000e+02
2.173267974853515625e+02
2.455599212646484375e+02
3.818796081542968750e+02
1.098349380493164062e+02
2.983226013183593750e+02
4.832321777343750000e+02
6.763416137695312500e+02
5.183798217773437500e+02
3.411714782714843750e+02
2.650796203613281250e+02
2.960565795898437500e+02
6.018616943359375000e+02
4.676196899414062500e+02
2.491831207275390625e+02
4.970111999511718750e+02
7.960347290039062500e+02
6.039334106445312500e+02
4.181785888671875000e+02
4.435031738281250000e+02
6.434431762695312500e+02
5.646859741210937500e+02
3.500040893554687500e+02
7.057823486328125000e+02
4.880676879882812500e+02
4.956565551757812500e+02
9.240932006835937500e+02
5.363836059570312500e+02
2.765459899902343750e+02
4.741311035156250000e+02
3.256999816894531250e+02
4.360906677246093750e+02
4.273827819824218750e+02
4.900462951660156250e+02
6.420977783203125000e+02
3.486739807128906250e+02
2.703051452636718750e+02
2.646236267089843750e+02
5.006446533203125000e+02
2.061037597656250000e+02
4.622496032714843750e+02
6.043204498291015625e+01
7.018534545898437500e+02
1.788651123046875000e+02
3.178485412597656250e+02
3.382097778320312500e+02
4.696661987304687500e+02
3.562948303222656250e+02
4.345614624023437500e+02
4.743302917480468750e+02
1.459683380126953125e+02
3.009196472167968750e+02
3.180796508789062500e+02
5.151652832031250000e+02
9.616995239257812500e+02
2.740078735351562500e+02
4.643414001464843750e+02
2.631828918457031250e+02
4.845947875976562500e+02
5.327808227539062500e+02
4.768331298828125000e+02
1.833016967773437500e+02
5.593266601562500000e+02
3.560906677246093750e+02
5.937078247070312500e+02
3.059000854492187500e+02
2.894636840820312500e+02
5.059393005371093750e+02
2.462306671142578125e+02
6.134774780273437500e+02
1.694898071289062500e+02
6.180202636718750000e+02
5.339849853515625000e+02
8.393723144531250000e+02
5.826264648437500000e+02
4.375921020507812500e+02
5.695018920898437500e+02
5.913411254882812500e+02
3.020372009277343750e+02
3.881724243164062500e+02
8.777670288085937500e+02
3.658192749023437500e+02
4.946309204101562500e+02
2.721772766113281250e+02
7.530721435546875000e+02
1.960364685058593750e+02
2.070824432373046875e+02
4.002513732910156250e+02
2.926489868164062500e+02
5.337203369140625000e+02
5.499941406250000000e+02
1.974087066650390625e+02
5.234851074218750000e+02
2.967912292480468750e+02
6.493824462890625000e+02
3.408441162109375000e+02
2.059100341796875000e+02
4.958637695312500000e+02
4.921474914550781250e+02
7.116824340820312500e+02
2.642840270996093750e+02
4.027292785644531250e+02
4.886030273437500000e+02
7.598037719726562500e+02
3.712577209472656250e+02
5.270505371093750000e+02
5.119520263671875000e+02
6.602041015625000000e+02
4.544293518066406250e+02
7.032518920898437500e+02
4.357818603515625000e+02
5.960698852539062500e+02
5.423912353515625000e+02
4.627736206054687500e+02
1.591051177978515625e+02
1.814530334472656250e+02
8.647140502929687500e+02
3.810889282226562500e+02
5.113039245605468750e+02
1.051728057861328125e+02
1.866189575195312500e+02
4.880402832031250000e+02
4.704704284667968750e+02
5.932871704101562500e+02
4.460982971191406250e+02
2.872791442871093750e+02
2.993307495117187500e+02
4.456654052734375000e+02
5.203713989257812500e+02
6.545449218750000000e+02
3.226324157714843750e+02
6.312689819335937500e+02
2.045069885253906250e+02
3.625403442382812500e+02
4.976099853515625000e+02
2.177627410888671875e+02
2.988248901367187500e+02
5.417175292968750000e+02
3.061545104980468750e+02
3.413601074218750000e+02
1.392948120117187500e+03
4.572803039550781250e+02
4.335895385742187500e+02
3.108619689941406250e+02
4.538522338867187500e+02
1.711158905029296875e+02
5.411019897460937500e+02
3.368430480957031250e+02
5.182051391601562500e+02
1.710243530273437500e+02
3.729324340820312500e+02
1.338458557128906250e+02
5.453743286132812500e+02
5.328341064453125000e+02
7.667862548828125000e+02
2.682497863769531250e+02
6.180005493164062500e+02
5.436824951171875000e+02
7.239114379882812500e+02
3.295827941894531250e+02
5.900974731445312500e+02
1.811864166259765625e+02
3.393766174316406250e+02
8.223164672851562500e+02
2.367654724121093750e+02
5.659387817382812500e+02
3.026150817871093750e+02
6.332584838867187500e+02
4.131761779785156250e+02
5.879179077148437500e+02
5.080921936035156250e+02
4.039359436035156250e+02
2.780602416992187500e+02
5.190496215820312500e+02
1.490611419677734375e+02
2.960110473632812500e+02
4.419590759277343750e+02
3.854009399414062500e+02
4.439487609863281250e+02
3.519042968750000000e+02
2.648338012695312500e+02
8.605617065429687500e+02
3.471192016601562500e+02
6.676300048828125000e+02
2.959026794433593750e+02
4.228107299804687500e+02
2.012132415771484375e+02
3.522839965820312500e+02
7.202275390625000000e+02
3.540475463867187500e+02
2.466408538818359375e+02
5.889981689453125000e+02
5.412714233398437500e+02
6.258797607421875000e+02
4.945080871582031250e+02
4.601939392089843750e+02
3.130868835449218750e+02
5.334216308593750000e+02
5.358787841796875000e+02
3.961317749023437500e+02
5.729666137695312500e+02
7.003944091796875000e+02
4.058364562988281250e+02
5.451778564453125000e+02
1.020506515502929688e+02
5.221516113281250000e+02
2.868556823730468750e+02
2.141114959716796875e+02
4.268581542968750000e+02
5.644992675781250000e+02
2.331891479492187500e+02
8.141107788085937500e+02
3.946696166992187500e+02
4.966140441894531250e+02
6.466436157226562500e+02
7.251992187500000000e+02
4.949184875488281250e+02
8.840510253906250000e+02
6.057241821289062500e+02
3.742507934570312500e+02
2.559877166748046875e+02
8.472689819335937500e+02
3.879702758789062500e+02
5.559152221679687500e+02
3.198508605957031250e+02
4.033229675292968750e+02
7.615303955078125000e+02
4.779240417480468750e+02
4.610948791503906250e+02
2.697853698730468750e+02
1.216361389160156250e+02
6.219285888671875000e+02
6.281085815429687500e+02
2.654270019531250000e+02
3.647099914550781250e+02
3.901700439453125000e+02
7.356060180664062500e+02
5.200928955078125000e+02
4.024113769531250000e+02
4.735663452148437500e+02
3.710512084960937500e+02
1.862594909667968750e+02
8.457140502929687500e+02
7.672810058593750000e+02
5.436709594726562500e+02
2.768562622070312500e+02
1.176894653320312500e+03
1.058021362304687500e+03
2.228506011962890625e+02
3.879660034179687500e+02
5.502925415039062500e+02
6.758404541015625000e+02
4.794738464355468750e+02
3.917798156738281250e+02
3.030843811035156250e+02
9.422668457031250000e+02
5.938939819335937500e+02
5.874167480468750000e+02
4.240308837890625000e+02
5.388001708984375000e+02
5.057389831542968750e+02
8.089827880859375000e+02
3.920335693359375000e+02
3.421788330078125000e+02
1.441330871582031250e+02
4.381002807617187500e+02
3.871092224121093750e+02
8.016241455078125000e+02
3.660231323242187500e+02
6.575679931640625000e+02
2.609569091796875000e+02
5.290753173828125000e+02
1.007315917968750000e+03
8.092510986328125000e+02
6.633503417968750000e+02
1.216334304809570312e+02
2.058462677001953125e+02
3.923378295898437500e+02
1.970479583740234375e+02
3.226508483886718750e+02
4.089598693847656250e+02
3.796281433105468750e+01
4.893359069824218750e+02
4.428664855957031250e+02
4.292480468750000000e+02
3.619118957519531250e+02
3.599998779296875000e+02
2.899717712402343750e+02
2.278739166259765625e+02
5.377548217773437500e+02
5.015811462402343750e+02
3.972155151367187500e+02
3.054201660156250000e+02
3.717197875976562500e+02
3.333300781250000000e+02
1.040784545898437500e+03
8.003055419921875000e+02
5.001537475585937500e+02
4.099465332031250000e+02
2.062152862548828125e+02
2.931734008789062500e+02
1.904365081787109375e+02
7.474226684570312500e+02
4.110414123535156250e+02
4.717673645019531250e+02
2.566179809570312500e+02
6.390772705078125000e+02
3.176830444335937500e+02
1.761123809814453125e+02
6.311361083984375000e+02
4.987651672363281250e+02
3.362026062011718750e+02
6.152625732421875000e+02
4.891139221191406250e+02
4.652929992675781250e+02
2.913992614746093750e+02
5.252635498046875000e+02
5.346555786132812500e+02
3.865365905761718750e+02
6.117388916015625000e+02
4.090693969726562500e+02
5.352814331054687500e+02
2.079503326416015625e+02
2.830581970214843750e+02
2.555734100341796875e+02
8.822907104492187500e+02
2.367554168701171875e+02
3.828760681152343750e+02
6.327739868164062500e+02
1.682707519531250000e+02
7.075014495849609375e+01
7.941117553710937500e+02
5.282575073242187500e+02
6.901559448242187500e+02
2.442597808837890625e+02
2.235370941162109375e+02
6.115761108398437500e+02
5.734595947265625000e+02
7.222651367187500000e+02
7.148546752929687500e+02
3.454237976074218750e+02
8.191194458007812500e+02
5.919373168945312500e+02
5.846643676757812500e+02
6.479378662109375000e+02
3.876123962402343750e+02
5.605821533203125000e+02
3.008903198242187500e+02
7.762702026367187500e+02
7.444025878906250000e+02
6.008188476562500000e+02
6.901542968750000000e+02
2.285683746337890625e+02
7.578630981445312500e+02
3.936043701171875000e+02
1.842528228759765625e+02
6.844918212890625000e+02
4.277511291503906250e+02
3.605286560058593750e+02
1.586082916259765625e+02
4.553110961914062500e+02
2.147543029785156250e+02
1.911230773925781250e+02
2.134560241699218750e+02
2.207305145263671875e+02
3.505191955566406250e+02
5.488967895507812500e+02
2.722543029785156250e+02
2.397364044189453125e+02
2.676785278320312500e+02
5.274896240234375000e+02
2.295427246093750000e+02
3.065130004882812500e+02
4.536004943847656250e+02
3.424309082031250000e+02
5.558412475585937500e+02
8.076409912109375000e+02
5.152034301757812500e+02
4.914983520507812500e+02
2.050517730712890625e+02
1.532284088134765625e+02
2.817228088378906250e+02
4.856305847167968750e+02
4.003717346191406250e+02
8.691189575195312500e+02
4.049458618164062500e+02
1.082476425170898438e+02
3.478889160156250000e+02
9.880960083007812500e+02
6.929259033203125000e+02
2.136817016601562500e+02
4.737077941894531250e+02
7.508252563476562500e+02
3.126670532226562500e+02
5.536513671875000000e+02
5.032602844238281250e+02
2.967395935058593750e+02
3.178407592773437500e+02
8.107348632812500000e+02
6.663151855468750000e+02
6.437846069335937500e+02
8.327250976562500000e+02
1.790661315917968750e+02
5.552395629882812500e+02
2.045253601074218750e+02
3.830717468261718750e+02
3.074417114257812500e+02
7.177562866210937500e+02
3.337250366210937500e+02
7.726116943359375000e+02
3.013310852050781250e+02
6.798997802734375000e+02
5.007755126953125000e+02
5.215043945312500000e+02
5.013182373046875000e+02
1.977047729492187500e+02
6.635445556640625000e+02
5.166958618164062500e+02
2.148302307128906250e+02
7.393424682617187500e+02
3.070007629394531250e+02
4.688825073242187500e+02
1.933616333007812500e+02
3.273648681640625000e+02
3.408998413085937500e+02
1.840296936035156250e+02
2.103418884277343750e+02
4.492397460937500000e+02
2.752589721679687500e+02
6.781702880859375000e+02
5.929983520507812500e+02
3.812930603027343750e+02
4.552844238281250000e+02
3.668694763183593750e+02
9.592416992187500000e+02
5.255333862304687500e+02
9.381434326171875000e+02
3.472198791503906250e+02
3.967058715820312500e+02
4.546492919921875000e+02
6.494717407226562500e+02
2.673758850097656250e+02
2.553899536132812500e+02
6.634918212890625000e+02
4.122777099609375000e+02
2.520204772949218750e+02
2.275468139648437500e+02
5.988151855468750000e+02
5.889178466796875000e+02
8.376246337890625000e+02
6.183582763671875000e+02
5.521130371093750000e+02
4.545137329101562500e+02
2.541759338378906250e+02
3.637444458007812500e+02
3.658894348144531250e+02
3.054849548339843750e+02
2.627000427246093750e+02
2.110052490234375000e+02
3.520366516113281250e+02
8.703574218750000000e+02
3.675226135253906250e+02
2.030159454345703125e+02
4.501879272460937500e+02
4.119788818359375000e+02
8.346398315429687500e+02
4.251192932128906250e+02
3.189536743164062500e+02
7.639477539062500000e+02
5.227552490234375000e+02
4.052684936523437500e+02
4.083486022949218750e+02
7.252257080078125000e+02
1.109375915527343750e+02
5.297824707031250000e+02
5.197066650390625000e+02
3.512972412109375000e+02
7.447863159179687500e+02
5.423747558593750000e+02
3.736509704589843750e+02
6.684183959960937500e+02
4.655695190429687500e+02
6.715611572265625000e+02
5.208695678710937500e+02
4.880716857910156250e+02
5.914811401367187500e+02
3.253580932617187500e+02
5.802769775390625000e+02
5.717891845703125000e+02
1.686892089843750000e+02
6.282312622070312500e+02
5.021723022460937500e+02
2.947359008789062500e+02
2.983785400390625000e+02
6.465316162109375000e+02
6.339445190429687500e+02
3.140182495117187500e+02
4.651669311523437500e+02
2.673400878906250000e+02
4.979486694335937500e+02
4.212206726074218750e+02
9.965778350830078125e+01
4.509497070312500000e+02
4.863107910156250000e+02
5.383394775390625000e+02
4.861517028808593750e+02
7.428995971679687500e+02
5.213447875976562500e+02
5.321082763671875000e+02
4.769138793945312500e+02
4.406100158691406250e+02
3.334440612792968750e+02
4.284169311523437500e+02
7.541244506835937500e+02
7.873535766601562500e+02
1.404518890380859375e+02
2.687574462890625000e+02
6.800308227539062500e+02
4.234791259765625000e+02
5.278954467773437500e+02
7.947171020507812500e+02
4.813034667968750000e+02
3.711892089843750000e+02
2.134061279296875000e+02
8.472424316406250000e+02
3.348005676269531250e+02
3.655726318359375000e+02
2.432094879150390625e+02
3.101393737792968750e+02
2.571828613281250000e+02
4.683693847656250000e+02
9.005964660644531250e+01
1.576123962402343750e+02
5.745340576171875000e+02
2.633823852539062500e+02
4.369722290039062500e+02
3.061046447753906250e+02
5.322843627929687500e+02
5.844072265625000000e+02
7.217266845703125000e+02
4.394486999511718750e+02
2.933295593261718750e+02
6.180870971679687500e+02
6.107818603515625000e+02
2.006115112304687500e+02
1.422595367431640625e+02
4.097468261718750000e+02
4.490760192871093750e+02
5.601074829101562500e+02
3.719187927246093750e+02
4.660625305175781250e+02
4.488690185546875000e+02
4.345443420410156250e+02
6.977968750000000000e+02
7.158290405273437500e+02
8.818884277343750000e+02
7.828985595703125000e+02
2.853892822265625000e+02
5.117716369628906250e+02
5.537319946289062500e+02
1.173608886718750000e+03
1.088688507080078125e+02
5.990473632812500000e+02
4.764889831542968750e+02
5.469934082031250000e+02
5.012535705566406250e+02
5.171921997070312500e+02
1.211769897460937500e+03
6.564332885742187500e+02
6.721337890625000000e+02
2.634137878417968750e+02
3.094045410156250000e+02
3.217157287597656250e+02
6.004801635742187500e+02
3.282789306640625000e+02
5.704633178710937500e+02
2.473738555908203125e+02
4.760152893066406250e+02
9.043921508789062500e+02
2.535341796875000000e+02
2.430025787353515625e+02
2.396962585449218750e+02
1.799243774414062500e+02
2.570696105957031250e+02
1.370834960937500000e+02
9.262200927734375000e+02
4.351004638671875000e+02
7.706119995117187500e+02
5.599417114257812500e+02
7.726788330078125000e+02
6.751394653320312500e+02
3.262843933105468750e+02
3.431196289062500000e+02
9.521138916015625000e+02
3.213356018066406250e+02
5.699721069335937500e+02
6.004804077148437500e+02
1.094519897460937500e+03
4.345317993164062500e+02
7.116541137695312500e+02
2.071396789550781250e+02
3.813384399414062500e+02
5.495899047851562500e+02
6.043740234375000000e+02
3.977344055175781250e+02
5.914406738281250000e+02
2.219666137695312500e+02
4.957659301757812500e+02
9.116427001953125000e+02
6.766402587890625000e+02
1.042048461914062500e+03
2.785301513671875000e+02
6.379069824218750000e+02
6.286554565429687500e+02
3.402284545898437500e+02
3.392407226562500000e+02
2.610818176269531250e+02
1.383347473144531250e+02
3.521015625000000000e+02
3.820585632324218750e+02
6.063970947265625000e+02
5.145134277343750000e+02
4.668437500000000000e+02
4.739204711914062500e+02
5.335642700195312500e+02
5.190191650390625000e+02
3.827398071289062500e+02
6.627260742187500000e+02
4.720476684570312500e+02
7.839852294921875000e+02
5.307626953125000000e+02
4.462952880859375000e+02
7.029868164062500000e+02
2.260042266845703125e+02
5.981128540039062500e+02
5.038093261718750000e+02
3.045976867675781250e+02
3.828704528808593750e+02
9.644159545898437500e+02
4.550653686523437500e+02
5.175489501953125000e+02
4.682525024414062500e+02
5.007626342773437500e+02
5.930052490234375000e+02
4.396162719726562500e+02
4.237834167480468750e+02
3.871500244140625000e+02
3.458352355957031250e+02
3.506103515625000000e+02
4.529557495117187500e+02
3.839567871093750000e+02
3.825978393554687500e+02
3.581311645507812500e+02
6.134078369140625000e+02
3.715134277343750000e+02
5.209142456054687500e+02
3.912988281250000000e+02
4.237885437011718750e+02
4.859281616210937500e+02
4.296084899902343750e+02
7.046723632812500000e+02
3.775492858886718750e+02
5.657994384765625000e+02
3.295965270996093750e+02
1.223879394531250000e+02
2.352608947753906250e+02
5.184389648437500000e+02
3.134503173828125000e+02
3.556540222167968750e+02
4.198309936523437500e+02
4.616574401855468750e+02
2.845906677246093750e+02
4.230028381347656250e+02
2.831070556640625000e+02
3.557091369628906250e+02
3.536062316894531250e+02
3.289116210937500000e+02
1.191982116699218750e+02
2.397724304199218750e+02
7.642552490234375000e+02
3.731887207031250000e+02
6.378812866210937500e+02
1.856334381103515625e+02
1.989757232666015625e+02
7.561688842773437500e+02
2.765020751953125000e+02
4.401806030273437500e+02
6.702846069335937500e+02
2.262671508789062500e+02
5.749447021484375000e+02
3.342127380371093750e+02
7.789832153320312500e+02
4.911704101562500000e+02
3.852448730468750000e+02
2.744740905761718750e+02
1.968834686279296875e+02
3.986503906250000000e+02
5.347137451171875000e+02
6.378001098632812500e+02
4.263765258789062500e+02
7.717799072265625000e+02
7.200625000000000000e+02
2.454720153808593750e+02
4.164614257812500000e+02
5.906200561523437500e+02
2.770826721191406250e+02
2.909506225585937500e+02
6.814348144531250000e+02
1.367764129638671875e+02
3.525437316894531250e+02
2.386446838378906250e+02
3.932509460449218750e+02
3.577336730957031250e+02
4.016654663085937500e+02
5.386213989257812500e+02
5.854764404296875000e+02
2.790639953613281250e+02
3.860702514648437500e+02
5.502108764648437500e+02
6.543798217773437500e+02
4.217892761230468750e+02
3.159743347167968750e+02
7.869017333984375000e+02
3.974268493652343750e+02
5.327295532226562500e+02
5.042372741699218750e+02
3.756913757324218750e+02
6.796768798828125000e+02
4.564779052734375000e+02
4.223887023925781250e+02
5.781732788085937500e+02
1.896599884033203125e+02
4.038911437988281250e+02
2.357827301025390625e+02
5.303861083984375000e+02
6.412143554687500000e+02
4.063289184570312500e+02
8.914472961425781250e+01
4.505682373046875000e+02
3.150682373046875000e+02
4.372305297851562500e+02
4.570755615234375000e+02
3.218042297363281250e+02
3.136673583984375000e+02
3.165317687988281250e+02
4.238515930175781250e+02
6.792716064453125000e+02
2.824849853515625000e+02
6.977156982421875000e+02
6.305333862304687500e+02
3.948006896972656250e+02
4.164913635253906250e+02
1.315004150390625000e+03
8.961151733398437500e+02
4.600636901855468750e+02
4.703689575195312500e+02
8.445951538085937500e+02
2.022645263671875000e+02
3.286230773925781250e+02
4.465247192382812500e+02
6.507427368164062500e+02
6.906727294921875000e+02
3.855289611816406250e+02
1.256823608398437500e+03
7.771835327148437500e+02
2.677123107910156250e+02
3.517531127929687500e+02
7.344825439453125000e+02
2.813685302734375000e+02
5.878937377929687500e+02
3.326978149414062500e+02
1.810703887939453125e+02
3.026524353027343750e+02
4.176280517578125000e+02
4.565010375976562500e+02
3.132044982910156250e+02
3.774334716796875000e+02
1.016836166381835938e+02
1.424778289794921875e+02
6.755018920898437500e+02
3.137885742187500000e+02
3.167966918945312500e+02
2.946494445800781250e+02
7.441043090820312500e+02
