5.053464965820312500e+02
1.610853881835937500e+02
5.107333984375000000e+02
5.057098083496093750e+02
2.052689971923828125e+02
5.379208374023437500e+02
7.041137084960937500e+02
2.905881958007812500e+02
1.845844116210937500e+02
4.854971008300781250e+02
1.315307617187500000e+02
5.265291748046875000e+02
5.415620117187500000e+02
3.285187683105468750e+02
3.341989440917968750e+02
2.715516967773437500e+02
3.208450012207031250e+02
5.486327514648437500e+02
5.248327636718750000e+02
2.455352935791015625e+02
2.396762695312500000e+02
1.398005065917968750e+02
7.198276367187500000e+02
2.209159088134765625e+02
2.888057556152343750e+02
5.208843994140625000e+02
5.891911010742187500e+02
1.047670898437500000e+03
1.987236022949218750e+02
2.105539093017578125e+02
5.070215148925781250e+02
3.241985778808593750e+02
1.541705322265625000e+02
2.172598571777343750e+02
4.410657653808593750e+02
2.467385559082031250e+02
2.074266204833984375e+02
3.286383361816406250e+02
5.266593017578125000e+02
2.592158813476562500e+02
3.295578918457031250e+02
3.473224487304687500e+02
4.638834533691406250e+02
4.561730957031250000e+02
3.715224914550781250e+02
4.493057250976562500e+02
4.029159851074218750e+02
5.924989013671875000e+02
2.108782196044921875e+02
2.886766967773437500e+02
5.077890930175781250e+02
2.924014282226562500e+02
5.326060180664062500e+02
4.584735107421875000e+02
2.130932617187500000e+02
4.254770202636718750e+02
7.675407714843750000e+02
5.596741333007812500e+02
4.737515869140625000e+02
8.267806396484375000e+02
4.610316467285156250e+02
7.303032836914062500e+02
2.326710510253906250e+02
5.637098999023437500e+02
6.486945190429687500e+02
1.252194442749023438e+02
4.667171325683593750e+02
5.266530151367187500e+02
2.553069305419921875e+02
1.349398193359375000e+02
3.622074584960937500e+02
3.303818664550781250e+02
2.231881256103515625e+02
2.790135498046875000e+02
4.514948425292968750e+02
3.402213439941406250e+02
4.486668090820312500e+02
1.937738037109375000e+02
4.805799865722656250e+02
1.647012634277343750e+02
2.401426849365234375e+02
3.559167175292968750e+02
4.681721496582031250e+02
1.878238525390625000e+02
7.389180297851562500e+02
2.955603027343750000e+02
4.147928161621093750e+02
4.756062927246093750e+02
4.719046325683593750e+02
6.113710327148437500e+02
4.576316833496093750e+02
1.111687316894531250e+02
3.245642395019531250e+02
5.209182128906250000e+02
4.961468811035156250e+02
5.959725341796875000e+02
6.405947875976562500e+02
5.193732299804687500e+02
4.350214233398437500e+02
1.269068908691406250e+02
3.279959411621093750e+02
1.519033355712890625e+02
3.758099670410156250e+02
3.401509399414062500e+02
4.186406250000000000e+02
1.409460449218750000e+02
2.739993591308593750e+02
3.822608337402343750e+02
3.772397155761718750e+02
6.417705688476562500e+02
2.988295593261718750e+02
6.589045410156250000e+02
6.203829956054687500e+02
4.919041137695312500e+02
2.793930969238281250e+02
4.476009521484375000e+02
7.343990478515625000e+02
3.139818725585937500e+02
2.537341156005859375e+02
4.138135375976562500e+02
4.694513854980468750e+02
1.181528564453125000e+03
8.634262084960937500e+02
4.368756713867187500e+02
4.498005371093750000e+02
5.321835327148437500e+02
4.983517761230468750e+02
6.227518310546875000e+02
3.498801269531250000e+02
3.728491210937500000e+02
9.195294189453125000e+02
4.344615783691406250e+02
3.208272705078125000e+02
4.885111389160156250e+02
2.108126373291015625e+02
3.971450195312500000e+02
8.869458618164062500e+02
4.121075134277343750e+02
4.404042968750000000e+02
1.589216766357421875e+02
2.481904449462890625e+02
3.007775268554687500e+02
3.691015625000000000e+02
3.047912292480468750e+02
6.812900390625000000e+02
2.961534118652343750e+02
4.149028015136718750e+02
6.243441772460937500e+02
4.566927185058593750e+02
3.379548339843750000e+02
4.175565185546875000e+02
3.709429626464843750e+02
6.469717407226562500e+02
3.881740112304687500e+02
4.459108276367187500e+02
5.904943237304687500e+02
3.172015075683593750e+02
5.480388793945312500e+02
1.870023345947265625e+02
5.117668762207031250e+02
5.754674682617187500e+02
4.085290527343750000e+02
3.755031433105468750e+02
5.929112548828125000e+02
4.706726989746093750e+02
3.676462097167968750e+02
6.443673706054687500e+02
7.042603149414062500e+02
1.051281585693359375e+02
2.892819213867187500e+02
4.901246337890625000e+02
4.788482971191406250e+02
1.880932312011718750e+02
4.045406799316406250e+02
8.244024047851562500e+02
3.746623840332031250e+02
2.305568695068359375e+02
4.849503479003906250e+02
2.425484008789062500e+02
3.321631164550781250e+02
2.881689147949218750e+02
6.042219238281250000e+02
1.716150817871093750e+02
5.519440307617187500e+02
3.931984558105468750e+02
2.860960083007812500e+02
2.421351470947265625e+02
3.397944335937500000e+02
3.257183532714843750e+02
2.900138244628906250e+02
3.219036865234375000e+02
4.247972717285156250e+02
3.835176696777343750e+02
4.048376770019531250e+02
8.104323120117187500e+02
5.923744201660156250e+01
4.127731933593750000e+02
2.630241699218750000e+02
8.526251220703125000e+02
6.640058593750000000e+02
4.010568542480468750e+02
3.557147521972656250e+02
6.614266357421875000e+02
6.011547241210937500e+02
3.558298950195312500e+02
2.258971099853515625e+02
4.544629211425781250e+02
4.469798278808593750e+02
4.215698242187500000e+02
4.773835144042968750e+02
5.498311767578125000e+02
5.564606323242187500e+02
4.646044311523437500e+02
6.801788330078125000e+02
5.772275390625000000e+02
5.668768310546875000e+02
5.040160827636718750e+02
2.379916076660156250e+02
2.884848022460937500e+02
4.928789062500000000e+02
2.819738769531250000e+02
4.943076171875000000e+02
3.486106567382812500e+02
4.960093688964843750e+02
5.592817993164062500e+02
5.874075927734375000e+02
2.553292999267578125e+02
2.099742889404296875e+02
2.714433593750000000e+02
4.393950805664062500e+02
6.186970214843750000e+02
3.609976806640625000e+02
3.768560791015625000e+02
2.334246215820312500e+02
4.925764770507812500e+02
5.759539184570312500e+02
4.396660766601562500e+02
4.706308898925781250e+02
4.381489562988281250e+02
2.805865173339843750e+02
5.970580444335937500e+02
3.856931762695312500e+02
3.875376281738281250e+02
3.665969543457031250e+02
3.689213256835937500e+02
6.199082031250000000e+02
5.245383300781250000e+02
4.143297424316406250e+02
8.231130981445312500e+02
3.955172119140625000e+02
4.621883850097656250e+02
6.311463623046875000e+02
3.385202636718750000e+02
3.463100891113281250e+02
1.340741119384765625e+02
3.895618286132812500e+02
3.499996643066406250e+02
3.698309631347656250e+02
6.524133911132812500e+02
6.818877563476562500e+02
9.033551635742187500e+02
2.835054931640625000e+02
4.927294006347656250e+02
2.687361145019531250e+02
5.092323608398437500e+02
4.224643249511718750e+02
3.973319702148437500e+02
3.805976562500000000e+02
4.727633361816406250e+02
1.036249267578125000e+03
4.920282287597656250e+02
3.847935180664062500e+02
3.336083984375000000e+02
6.498696289062500000e+02
4.428683776855468750e+02
3.159815063476562500e+02
7.567338867187500000e+02
8.777260131835937500e+02
5.483558959960937500e+02
7.686707153320312500e+02
4.815758361816406250e+02
4.712595520019531250e+02
1.569053497314453125e+02
3.821457519531250000e+02
3.002698974609375000e+02
3.930795593261718750e+02
2.738334655761718750e+02
4.058303833007812500e+02
6.934754180908203125e+01
5.078081970214843750e+02
2.335646972656250000e+02
4.666835937500000000e+02
2.487916259765625000e+02
4.819132080078125000e+02
2.106346588134765625e+02
4.475397644042968750e+02
4.192096862792968750e+02
2.327602233886718750e+02
4.760833435058593750e+02
6.569567871093750000e+02
3.637530212402343750e+02
5.366851196289062500e+02
3.233407897949218750e+02
3.752994079589843750e+02
3.859655761718750000e+02
1.543842620849609375e+02
5.330423583984375000e+02
4.934615783691406250e+02
2.135265655517578125e+02
5.350960083007812500e+02
7.002723388671875000e+02
3.599987792968750000e+02
7.160100555419921875e+01
4.147601623535156250e+02
2.741941223144531250e+02
2.751174011230468750e+02
5.525324707031250000e+02
6.697794189453125000e+02
5.455332641601562500e+02
2.229954223632812500e+02
3.438345947265625000e+02
3.219191284179687500e+02
3.965722045898437500e+02
5.384502563476562500e+02
5.847232666015625000e+02
3.551237182617187500e+02
6.655563964843750000e+02
6.411911010742187500e+02
4.998560180664062500e+02
1.426643066406250000e+02
8.415856933593750000e+02
5.654183349609375000e+02
5.327931518554687500e+02
7.245853424072265625e+01
3.899290466308593750e+02
5.230230102539062500e+02
4.391257019042968750e+02
4.413624267578125000e+02
5.208855590820312500e+02
6.303988647460937500e+02
6.986055297851562500e+02
2.604174804687500000e+02
2.795593261718750000e+02
5.931124877929687500e+02
3.877947998046875000e+02
4.619769287109375000e+02
2.770141906738281250e+02
2.330463409423828125e+02
4.096557617187500000e+02
4.607060546875000000e+02
4.683101806640625000e+02
1.941435089111328125e+02
4.514271545410156250e+02
4.906865234375000000e+02
7.452097167968750000e+02
1.810769042968750000e+02
2.630047302246093750e+02
2.203834228515625000e+02
5.220668334960937500e+02
6.321022949218750000e+02
2.240923919677734375e+02
3.629888610839843750e+02
5.143664550781250000e+02
3.639050903320312500e+02
1.059557373046875000e+03
8.884213256835937500e+02
2.668388061523437500e+02
6.148304443359375000e+02
3.416602172851562500e+02
6.498941650390625000e+02
5.995761718750000000e+02
3.844436950683593750e+02
4.961607971191406250e+02
4.488556518554687500e+02
3.788130798339843750e+02
4.815662536621093750e+02
8.687789154052734375e+01
6.194209594726562500e+02
5.083370361328125000e+02
1.815196228027343750e+02
3.914663391113281250e+02
2.591810913085937500e+02
5.006252136230468750e+02
5.544846801757812500e+02
4.815757141113281250e+02
6.284600219726562500e+02
4.935404968261718750e+02
5.571799316406250000e+02
7.057531738281250000e+01
5.690791015625000000e+02
5.002352905273437500e+02
3.157093811035156250e+02
1.167791259765625000e+03
2.892605895996093750e+02
3.072572937011718750e+02
2.397268524169921875e+02
3.268151855468750000e+02
5.718438110351562500e+02
3.541917724609375000e+02
5.314416503906250000e+01
2.357783660888671875e+02
3.153460388183593750e+02
2.345909881591796875e+02
5.035477600097656250e+02
1.704128417968750000e+02
5.087558898925781250e+02
3.871297302246093750e+02
3.093062438964843750e+02
6.071134033203125000e+02
4.021657714843750000e+02
4.910996704101562500e+02
2.400333099365234375e+02
6.995634155273437500e+02
7.017377929687500000e+02
2.881329040527343750e+02
9.518059082031250000e+02
5.924311523437500000e+02
4.414875183105468750e+02
4.168933410644531250e+02
5.081767578125000000e+02
5.105040588378906250e+02
1.503557586669921875e+02
5.190335693359375000e+02
1.009420288085937500e+03
1.941729583740234375e+02
7.988150024414062500e+02
2.473083190917968750e+02
3.727618408203125000e+02
6.801390991210937500e+02
1.103629272460937500e+03
5.174411010742187500e+02
4.685724487304687500e+02
8.225350341796875000e+02
5.570403442382812500e+02
7.911942138671875000e+02
3.462732849121093750e+02
4.411227722167968750e+02
2.156524658203125000e+02
8.238351440429687500e+02
3.890112304687500000e+02
7.620765380859375000e+02
4.171258544921875000e+02
3.707341308593750000e+02
3.585850524902343750e+02
7.746927490234375000e+02
3.452817382812500000e+02
3.545561523437500000e+02
3.611021118164062500e+02
4.335346374511718750e+02
2.508796386718750000e+02
6.880358886718750000e+02
3.260578002929687500e+02
7.517022705078125000e+01
2.214340972900390625e+02
3.741502380371093750e+02
6.229225463867187500e+02
5.405238037109375000e+02
4.848472290039062500e+02
4.411746215820312500e+02
6.181441040039062500e+02
5.177532348632812500e+02
8.628163452148437500e+02
3.781970825195312500e+02
5.734732055664062500e+02
5.588280639648437500e+02
2.875862121582031250e+02
5.633261108398437500e+02
4.341111145019531250e+02
1.493858947753906250e+02
3.564400939941406250e+02
1.321267333984375000e+03
3.199734802246093750e+02
6.432142333984375000e+02
3.793651123046875000e+02
3.406404113769531250e+02
4.194714050292968750e+02
3.660914916992187500e+02
6.162891235351562500e+02
1.940241851806640625e+02
5.360665893554687500e+01
2.114239807128906250e+02
9.060946655273437500e+01
4.039725341796875000e+02
4.717477416992187500e+02
5.169163818359375000e+02
4.158805541992187500e+02
3.234813232421875000e+02
3.112937316894531250e+02
3.048503112792968750e+02
4.151346130371093750e+02
5.826755371093750000e+02
4.075478210449218750e+02
6.840237426757812500e+02
3.451402893066406250e+02
6.341911010742187500e+02
5.994650878906250000e+02
4.395800781250000000e+02
4.997747497558593750e+02
5.395552978515625000e+02
8.283436279296875000e+02
5.216902465820312500e+02
1.116588668823242188e+02
3.831489257812500000e+02
7.318850097656250000e+02
3.635603942871093750e+02
4.166547851562500000e+02
7.615129394531250000e+02
6.605144653320312500e+02
6.183095703125000000e+02
3.395818786621093750e+02
3.394925537109375000e+02
9.573863525390625000e+02
5.620082397460937500e+02
4.474665832519531250e+02
5.018952331542968750e+02
1.459485473632812500e+02
2.023083343505859375e+02
2.877035522460937500e+02
3.981245422363281250e+02
2.445478668212890625e+02
6.278655395507812500e+02
2.340927276611328125e+02
2.741865844726562500e+02
2.935535888671875000e+02
3.290626525878906250e+02
1.130212631225585938e+02
3.876612854003906250e+02
4.488534851074218750e+02
4.139340209960937500e+02
3.474683532714843750e+02
4.819855651855468750e+02
4.858486633300781250e+02
3.087183227539062500e+02
6.648231811523437500e+02
1.727068634033203125e+02
7.501380004882812500e+02
3.818831481933593750e+02
3.434035644531250000e+02
3.025950317382812500e+02
3.211661376953125000e+02
7.076098632812500000e+02
6.757881469726562500e+02
2.676374511718750000e+02
5.317677612304687500e+02
7.405759887695312500e+02
9.795928955078125000e+02
5.934264526367187500e+02
3.849117126464843750e+02
3.102291564941406250e+02
5.556522827148437500e+02
3.145220947265625000e+02
5.652083129882812500e+02
4.979127502441406250e+02
5.208472900390625000e+02
8.587675170898437500e+02
4.435204772949218750e+02
2.650330810546875000e+02
4.601089782714843750e+02
5.835308837890625000e+02
4.512893371582031250e+02
4.972544555664062500e+02
2.148527069091796875e+02
1.773685913085937500e+02
4.026870117187500000e+02
1.912906341552734375e+02
5.350385131835937500e+02
3.797703552246093750e+02
4.673511352539062500e+02
5.241151123046875000e+02
3.717771301269531250e+02
1.624735260009765625e+02
5.708041381835937500e+02
3.477658691406250000e+02
6.688514404296875000e+02
3.726829223632812500e+02
3.511387023925781250e+02
4.277597961425781250e+02
1.628223876953125000e+02
3.201293945312500000e+02
5.483156738281250000e+02
7.141200561523437500e+02
2.900365905761718750e+02
5.773115844726562500e+02
4.287922058105468750e+02
2.452375030517578125e+02
6.633619995117187500e+02
4.179717712402343750e+02
9.775506591796875000e+02
3.791993103027343750e+02
5.178076782226562500e+02
5.703491210937500000e+02
4.103146362304687500e+02
4.393745117187500000e+02
2.879000244140625000e+02
3.315599060058593750e+02
4.466186828613281250e+02
7.426652832031250000e+02
3.853515930175781250e+02
1.289396240234375000e+03
4.376699829101562500e+02
5.547364501953125000e+02
8.160767822265625000e+02
5.784121704101562500e+02
3.958964233398437500e+02
3.351076049804687500e+02
7.461640014648437500e+02
3.970338134765625000e+02
6.454605102539062500e+02
3.739533386230468750e+02
4.403143005371093750e+02
4.913950805664062500e+02
3.700026550292968750e+02
7.396472778320312500e+02
4.890611267089843750e+02
3.052795104980468750e+02
2.635473937988281250e+02
8.202353515625000000e+02
6.044764404296875000e+02
6.172122802734375000e+02
5.371100463867187500e+02
5.279242553710937500e+02
4.276705627441406250e+02
4.099387207031250000e+02
8.456160278320312500e+02
7.360907592773437500e+02
3.887668151855468750e+02
3.977856140136718750e+02
2.513830413818359375e+02
5.172216796875000000e+02
3.108213500976562500e+02
2.887176513671875000e+02
3.094068298339843750e+02
4.207854614257812500e+02
8.124473571777343750e+01
2.147035675048828125e+02
3.005331726074218750e+02
1.727987823486328125e+02
3.832643432617187500e+02
8.208497314453125000e+02
3.620209350585937500e+02
2.478542175292968750e+02
3.839215087890625000e+02
4.142775573730468750e+02
6.376505126953125000e+02
5.141544799804687500e+02
5.274952392578125000e+02
4.782611694335937500e+02
2.489349212646484375e+02
1.033724899291992188e+02
3.742036132812500000e+02
4.406196594238281250e+02
1.851530609130859375e+02
7.180490112304687500e+02
2.483753204345703125e+02
2.575235900878906250e+02
6.496718139648437500e+02
5.527536010742187500e+02
8.977918090820312500e+02
5.914787597656250000e+02
3.807695922851562500e+02
4.364900207519531250e+02
6.595687866210937500e+02
4.140978088378906250e+02
4.948892822265625000e+02
5.415859375000000000e+02
2.791083068847656250e+02
4.052887573242187500e+02
3.461244506835937500e+02
5.027617187500000000e+02
5.388175659179687500e+02
6.279052124023437500e+02
3.497550659179687500e+02
3.593643798828125000e+02
8.138768310546875000e+02
8.909156494140625000e+02
1.716879425048828125e+02
6.320717773437500000e+02
6.145281982421875000e+02
5.770665283203125000e+02
4.218677978515625000e+02
1.590795745849609375e+02
6.870745239257812500e+02
1.669201354980468750e+02
4.565644226074218750e+02
3.686655883789062500e+02
3.864829101562500000e+02
3.732091674804687500e+02
2.421876220703125000e+02
7.273014526367187500e+02
5.430153808593750000e+02
1.244580383300781250e+02
4.661575012207031250e+02
3.628558349609375000e+02
3.344379272460937500e+02
6.161791992187500000e+02
3.342577209472656250e+02
2.968749694824218750e+02
3.212774047851562500e+02
2.967734680175781250e+02
6.611815185546875000e+02
4.614579162597656250e+02
5.316427001953125000e+02
5.487946166992187500e+02
1.642110748291015625e+02
3.829946594238281250e+02
2.145771789550781250e+02
4.853880004882812500e+02
5.175700683593750000e+02
6.419136047363281250e+01
3.802510986328125000e+02
7.291292724609375000e+02
2.050581054687500000e+02
3.491524658203125000e+02
4.873665466308593750e+02
4.426263732910156250e+02
3.699829406738281250e+02
2.165986785888671875e+02
2.107775573730468750e+02
7.048392333984375000e+02
3.031645812988281250e+02
7.517684936523437500e+02
3.068739318847656250e+02
2.352792510986328125e+02
2.859554748535156250e+02
7.591115112304687500e+02
2.459676513671875000e+02
2.263604125976562500e+02
3.014011840820312500e+02
3.872447204589843750e+02
1.593672332763671875e+02
4.592263793945312500e+02
5.044013366699218750e+02
3.384828186035156250e+02
3.905481262207031250e+02
7.744796142578125000e+02
8.762650146484375000e+02
2.743032531738281250e+02
5.868422851562500000e+02
5.394982910156250000e+02
2.102848815917968750e+02
5.504356079101562500e+02
1.726903228759765625e+02
1.167746582031250000e+02
5.574732666015625000e+02
5.698002929687500000e+02
4.427892456054687500e+02
5.462125244140625000e+02
8.092873535156250000e+02
1.927317962646484375e+02
9.221970825195312500e+02
3.275343933105468750e+02
5.381910400390625000e+02
2.522057647705078125e+02
2.629996948242187500e+02
4.335395507812500000e+02
3.130906066894531250e+02
3.951151733398437500e+02
5.476460571289062500e+02
3.672835388183593750e+02
5.554370727539062500e+02
1.761194000244140625e+02
1.957048797607421875e+02
6.966865234375000000e+02
6.953291625976562500e+02
1.078093490600585938e+02
5.690557861328125000e+02
2.785922241210937500e+02
5.221687622070312500e+02
8.887833862304687500e+02
2.450536956787109375e+02
5.498276977539062500e+02
2.445005035400390625e+02
6.376405639648437500e+02
4.210009155273437500e+02
3.176306152343750000e+02
6.297655029296875000e+02
6.690063476562500000e+02
5.565869750976562500e+02
7.051333618164062500e+02
3.939825744628906250e+02
5.771189575195312500e+02
4.814989013671875000e+02
3.685280151367187500e+02
2.052583618164062500e+02
3.083632812500000000e+02
3.576239318847656250e+02
3.079565124511718750e+02
5.623777465820312500e+02
3.712085266113281250e+02
5.273421630859375000e+02
5.739390258789062500e+02
3.959158935546875000e+02
4.416941833496093750e+02
4.773175354003906250e+02
5.922451782226562500e+02
7.662350463867187500e+02
6.804598999023437500e+02
1.859718627929687500e+02
2.540384674072265625e+02
5.853886718750000000e+02
4.536917724609375000e+02
5.481880493164062500e+02
4.012418212890625000e+02
4.535711975097656250e+02
6.867320556640625000e+02
4.577967529296875000e+02
2.470851440429687500e+02
2.830716552734375000e+02
3.862165527343750000e+02
4.599223632812500000e+02
1.187493164062500000e+03
9.457418823242187500e+01
3.913712768554687500e+02
2.925440673828125000e+02
2.714364013671875000e+02
2.404873962402343750e+02
3.238392639160156250e+02
4.436979675292968750e+02
1.476217956542968750e+02
5.215424804687500000e+02
6.056946411132812500e+02
6.797079467773437500e+02
1.001148376464843750e+03
3.496367187500000000e+02
3.669314575195312500e+02
3.164776611328125000e+02
6.154057006835937500e+02
6.770218505859375000e+02
3.863002929687500000e+02
1.047205047607421875e+02
6.859130859375000000e+02
8.163864135742187500e+02
2.579423522949218750e+02
3.432968139648437500e+02
4.983695373535156250e+02
1.582869262695312500e+02
3.264194030761718750e+02
2.626250305175781250e+02
5.576697387695312500e+02
3.769280090332031250e+02
2.872019348144531250e+02
2.202796630859375000e+02
3.155918273925781250e+02
4.514395141601562500e+02
5.298903808593750000e+02
3.688631591796875000e+02
4.262515258789062500e+02
4.279310607910156250e+02
3.450573120117187500e+02
3.207073669433593750e+02
9.050972900390625000e+02
4.719331970214843750e+02
9.139150390625000000e+02
8.067376708984375000e+02
1.725340881347656250e+02
3.525283813476562500e+02
4.319426574707031250e+02
4.723387451171875000e+02
2.330947113037109375e+02
3.645015563964843750e+02
7.868918457031250000e+02
1.108581161499023438e+02
6.250337524414062500e+02
3.607737426757812500e+02
6.554721679687500000e+02
4.324282836914062500e+02
3.413554077148437500e+02
7.283959960937500000e+02
5.320340576171875000e+02
3.126980285644531250e+02
5.715928955078125000e+02
2.788435058593750000e+02
1.684656677246093750e+02
4.531004028320312500e+02
7.150302734375000000e+02
4.000298767089843750e+02
3.125586853027343750e+02
4.617700805664062500e+02
5.424383544921875000e+02
3.944815368652343750e+02
5.249526367187500000e+02
7.112878417968750000e+02
6.515596313476562500e+02
1.392174530029296875e+02
3.093804931640625000e+02
3.892586364746093750e+02
5.466627807617187500e+02
3.199853820800781250e+02
6.204799194335937500e+02
2.298283386230468750e+02
5.144259033203125000e+02
4.083190002441406250e+02
2.004298858642578125e+02
3.215025329589843750e+02
5.986918334960937500e+02
6.196309204101562500e+02
7.253690185546875000e+02
5.616990966796875000e+02
2.597376403808593750e+02
4.220099182128906250e+02
4.922872009277343750e+02
2.344140319824218750e+02
1.293300292968750000e+03
4.563147277832031250e+02
5.187094726562500000e+02
3.988298645019531250e+02
1.811018371582031250e+02
4.601658630371093750e+02
6.404570922851562500e+02
5.632414550781250000e+02
3.151322326660156250e+02
7.216919555664062500e+02
2.474909820556640625e+02
4.810817565917968750e+02
5.752216186523437500e+02
2.170800476074218750e+02
4.631501159667968750e+02
9.702675170898437500e+02
5.474943237304687500e+02
5.734865112304687500e+02
8.207461547851562500e+02
3.827215576171875000e+02
2.751799926757812500e+02
5.230266723632812500e+02
4.134766845703125000e+02
4.973201599121093750e+02
3.526377868652343750e+02
3.858872375488281250e+02
5.866857910156250000e+02
2.805085144042968750e+02
6.744921875000000000e+02
4.524273376464843750e+02
2.222953033447265625e+02
4.411129150390625000e+02
4.109582519531250000e+02
8.338635253906250000e+02
2.705791015625000000e+02
8.671060791015625000e+02
8.481420135498046875e+01
4.260310058593750000e+02
8.536555175781250000e+02
4.499375610351562500e+02
3.327679138183593750e+02
2.067253417968750000e+02
3.839616394042968750e+02
6.782607421875000000e+02
3.704855041503906250e+02
6.483578491210937500e+02
3.605914916992187500e+02
2.493978424072265625e+02
4.497625732421875000e+02
4.236535339355468750e+02
3.644252014160156250e+02
2.513601226806640625e+02
4.256709899902343750e+02
2.806848144531250000e+02
4.803482666015625000e+02
4.066795654296875000e+02
5.997045898437500000e+02
3.041643676757812500e+02
4.532281188964843750e+02
6.320307006835937500e+02
5.571976928710937500e+02
5.477595214843750000e+02
5.413662719726562500e+02
3.853735351562500000e+02
4.538090820312500000e+02
5.978923950195312500e+02
4.620516967773437500e+02
5.363023681640625000e+02
3.182249450683593750e+02
2.971797485351562500e+02
3.546993408203125000e+02
5.436871337890625000e+02
2.996601867675781250e+02
6.493510742187500000e+02
3.124618835449218750e+02
2.923467102050781250e+02
2.040419311523437500e+02
3.046630249023437500e+02
5.204853515625000000e+02
5.696848144531250000e+02
4.781539306640625000e+02
4.212985229492187500e+02
2.683002319335937500e+02
8.129801025390625000e+02
8.737981567382812500e+02
5.458118286132812500e+02
8.258963623046875000e+02
1.145462570190429688e+02
3.750823364257812500e+02
3.773270263671875000e+02
2.981856689453125000e+02
3.389714355468750000e+02
4.623923339843750000e+02
3.685469665527343750e+02
6.670463256835937500e+02
5.411868896484375000e+02
6.265248413085937500e+02
5.668502197265625000e+02
1.952669525146484375e+02
3.411983032226562500e+02
5.860425415039062500e+02
4.229449157714843750e+02
2.955881652832031250e+02
4.854809875488281250e+02
6.444545898437500000e+02
2.909624023437500000e+02
7.280207519531250000e+02
3.526208496093750000e+02
9.507877807617187500e+02
6.926763305664062500e+02
5.781522827148437500e+02
6.025015869140625000e+02
6.841003417968750000e+02
1.028461669921875000e+03
4.095028076171875000e+02
6.120455932617187500e+02
3.846336059570312500e+02
2.469942169189453125e+02
3.496706542968750000e+02
6.125771484375000000e+02
3.402512817382812500e+02
5.509256591796875000e+02
4.705197143554687500e+02
4.156788940429687500e+02
6.430372314453125000e+02
7.630138549804687500e+02
1.446385650634765625e+02
2.170841827392578125e+02
1.618124084472656250e+02
3.879187316894531250e+02
2.290936126708984375e+02
1.232732315063476562e+02
2.967415466308593750e+02
1.945444641113281250e+02
4.920396118164062500e+02
6.402915649414062500e+02
2.682085266113281250e+02
3.473610229492187500e+02
7.820443725585937500e+02
2.905165100097656250e+02
7.096941528320312500e+02
4.679341430664062500e+02
5.171346435546875000e+02
4.400852966308593750e+02
7.205037841796875000e+02
3.516101989746093750e+02
2.829923400878906250e+02
3.865005187988281250e+02
6.130767822265625000e+02
8.878250732421875000e+02
6.146835327148437500e+02
2.480955200195312500e+02
8.722360839843750000e+02
3.019082641601562500e+02
6.874531860351562500e+02
4.917459106445312500e+02
5.999685058593750000e+02
3.655245666503906250e+02
2.940805664062500000e+02
1.117509521484375000e+03
5.173117675781250000e+02
3.089345703125000000e+02
1.262913818359375000e+02
5.646708984375000000e+02
6.601970825195312500e+02
4.776100769042968750e+02
5.809367675781250000e+02
1.898362121582031250e+02
5.933287353515625000e+02
3.103164978027343750e+02
6.630144042968750000e+02
4.726620483398437500e+02
4.830118713378906250e+02
3.784339294433593750e+02
3.126599426269531250e+02
2.404243927001953125e+02
6.919319458007812500e+02
1.586401977539062500e+02
4.412944335937500000e+02
3.466513671875000000e+02
5.492156982421875000e+02
7.029130249023437500e+02
4.198830871582031250e+02
8.548769531250000000e+02
4.238637084960937500e+02
3.023838500976562500e+02
2.523806152343750000e+02
3.267185363769531250e+02
4.802201232910156250e+02
5.340148315429687500e+02
2.247208404541015625e+02
4.182754516601562500e+02
4.160241394042968750e+02
4.159658508300781250e+02
2.470181121826171875e+02
2.801889648437500000e+02
1.939894256591796875e+02
2.203177032470703125e+02
3.258595275878906250e+02
7.216866455078125000e+02
2.472420806884765625e+02
3.326624145507812500e+02
1.753498046875000000e+03
2.518599700927734375e+02
4.523464355468750000e+02
2.252707672119140625e+02
2.441706237792968750e+02
1.514048156738281250e+02
1.730077972412109375e+02
4.297751464843750000e+02
5.029750976562500000e+02
3.644716491699218750e+02
4.455495605468750000e+02
8.212392578125000000e+02
2.518611297607421875e+02
8.738992919921875000e+02
4.243140869140625000e+02
3.250276794433593750e+02
1.044145263671875000e+03
6.493612060546875000e+02
5.052806091308593750e+02
1.966818084716796875e+02
9.944136352539062500e+02
5.836230468750000000e+02
4.074537048339843750e+02
5.090704650878906250e+02
6.023728637695312500e+02
3.243557739257812500e+02
4.659157714843750000e+02
3.308122558593750000e+02
4.045789184570312500e+02
3.435854187011718750e+02
4.082596740722656250e+02
4.445901794433593750e+02
5.512119750976562500e+02
4.325617065429687500e+02
3.877222900390625000e+02
1.341052246093750000e+02
6.025567626953125000e+02
5.340156250000000000e+02
6.028847045898437500e+02
5.995916748046875000e+02
9.231218872070312500e+02
4.258891906738281250e+02
5.018026733398437500e+02
7.638016967773437500e+02
5.311193237304687500e+02
3.665314636230468750e+02
3.443011474609375000e+02
3.049337768554687500e+02
2.242308197021484375e+02
8.159494018554687500e+02
3.639769897460937500e+02
5.877406005859375000e+02
4.490493469238281250e+02
3.927635803222656250e+02
4.919135131835937500e+02
6.328370971679687500e+02
2.345180206298828125e+02
1.155990295410156250e+02
2.313152770996093750e+02
4.138090820312500000e+02
2.019771881103515625e+02
3.877698974609375000e+02
5.773024291992187500e+02
3.150812988281250000e+02
4.141295776367187500e+02
5.823207397460937500e+02
6.562666015625000000e+02
4.787571716308593750e+02
4.211999511718750000e+02
4.253728942871093750e+02
6.569124755859375000e+02
1.696834411621093750e+02
3.587955322265625000e+02
4.459823303222656250e+02
4.510656738281250000e+02
2.483979492187500000e+02
4.578279418945312500e+02
6.095473022460937500e+02
3.303311462402343750e+02
1.688837738037109375e+02
6.733963012695312500e+02
7.263916625976562500e+02
4.400055847167968750e+02
8.338608398437500000e+02
6.972238159179687500e+02
2.093621826171875000e+02
3.260916137695312500e+02
4.439569091796875000e+02
6.234631958007812500e+02
1.014294891357421875e+02
8.088024291992187500e+02
5.090808105468750000e+02
2.131816864013671875e+02
6.157248535156250000e+02
2.846316528320312500e+02
4.810907287597656250e+02
3.085738830566406250e+02
2.304858245849609375e+02
1.832050323486328125e+02
1.763220977783203125e+02
5.085238342285156250e+02
3.010536193847656250e+02
5.599218139648437500e+02
5.497661743164062500e+02
4.511514587402343750e+02
6.818566284179687500e+02
3.701520690917968750e+02
8.950354614257812500e+02
5.034978332519531250e+02
5.214624023437500000e+02
5.557928466796875000e+02
4.404271240234375000e+02
4.428826599121093750e+02
3.702973327636718750e+02
4.210738372802734375e+01
4.566106262207031250e+02
1.224758377075195312e+02
9.292490844726562500e+02
2.371980590820312500e+02
4.417631530761718750e+02
3.326264953613281250e+02
5.012866516113281250e+02
3.521720581054687500e+02
3.692538146972656250e+02
4.299160461425781250e+02
3.055916442871093750e+02
2.257078399658203125e+02
7.607764892578125000e+02
2.084863739013671875e+02
6.428485717773437500e+02
5.574515991210937500e+02
6.956983642578125000e+02
5.076956787109375000e+02
5.900372314453125000e+02
3.840630798339843750e+02
4.938355407714843750e+02
5.332716064453125000e+02
2.724216918945312500e+02
3.248490600585937500e+02
5.827525024414062500e+02
1.912877349853515625e+02
4.250181579589843750e+02
6.133411254882812500e+02
1.292476654052734375e+02
4.153877868652343750e+02
2.984082641601562500e+02
4.344532165527343750e+02
5.479180297851562500e+02
4.384758911132812500e+02
4.312428588867187500e+02
5.001255493164062500e+02
9.528272705078125000e+02
1.027242919921875000e+03
4.867903442382812500e+02
6.929558715820312500e+02
4.694232788085937500e+02
1.515307769775390625e+02
6.397345581054687500e+02
5.191764526367187500e+02
2.970420837402343750e+02
5.719558715820312500e+02
5.293333129882812500e+02
2.389485626220703125e+02
2.970978698730468750e+02
2.305830993652343750e+02
3.823018798828125000e+02
1.778997497558593750e+02
3.929399108886718750e+02
2.514276123046875000e+02
6.608598632812500000e+02
9.465488891601562500e+02
5.380949096679687500e+02
3.812399291992187500e+02
6.282138671875000000e+02
3.280608520507812500e+02
8.373579101562500000e+02
2.792921447753906250e+02
3.337918701171875000e+02
4.510883789062500000e+02
1.150169754028320312e+02
2.032024688720703125e+02
5.901486816406250000e+02
3.756474914550781250e+02
4.167286376953125000e+02
3.804886779785156250e+02
4.597165832519531250e+02
2.981877746582031250e+02
3.428554687500000000e+02
2.992253417968750000e+02
5.828052368164062500e+02
2.756622619628906250e+02
4.120250244140625000e+02
4.285752868652343750e+02
3.029539489746093750e+02
3.434468688964843750e+02
2.274378509521484375e+02
3.996695556640625000e+02
4.236433105468750000e+02
4.179421386718750000e+02
6.263226928710937500e+02
1.288167724609375000e+03
3.964872436523437500e+02
4.866164855957031250e+02
1.304086761474609375e+02
2.128265228271484375e+02
2.994964904785156250e+02
3.246590881347656250e+02
3.266968688964843750e+02
3.865593566894531250e+02
6.207808227539062500e+02
2.758752136230468750e+02
5.248117675781250000e+02
6.941324462890625000e+02
3.742807617187500000e+02
6.730110473632812500e+02
2.503135986328125000e+02
4.002055664062500000e+02
1.750868988037109375e+02
4.280503540039062500e+02
4.037867126464843750e+02
3.256239929199218750e+02
3.271494445800781250e+02
6.930802001953125000e+02
2.834204406738281250e+02
7.717636718750000000e+02
5.691826782226562500e+02
6.557141113281250000e+02
4.690479431152343750e+02
3.078995666503906250e+02
1.249073562622070312e+02
9.472504272460937500e+02
3.911489257812500000e+02
8.925845336914062500e+02
1.092468872070312500e+02
1.959048156738281250e+02
3.761409606933593750e+02
2.395460510253906250e+02
3.718318786621093750e+02
3.447284545898437500e+02
1.943723754882812500e+02
1.306753540039062500e+02
2.639165649414062500e+02
5.040503540039062500e+02
2.780715332031250000e+02
6.909063720703125000e+02
2.571307067871093750e+02
6.802429199218750000e+02
6.870189819335937500e+02
5.975348510742187500e+02
1.613089294433593750e+02
4.213236389160156250e+02
2.539120635986328125e+02
1.547455749511718750e+02
4.513105468750000000e+02
3.499400329589843750e+02
2.256121063232421875e+02
5.138912353515625000e+02
8.762790679931640625e+01
3.578143920898437500e+02
7.894467163085937500e+02
3.759317016601562500e+02
2.452466278076171875e+02
5.524420166015625000e+02
4.802202148437500000e+02
5.650369873046875000e+02
2.947107849121093750e+02
5.288770751953125000e+02
6.731762695312500000e+02
3.566019897460937500e+02
5.392676391601562500e+02
3.183080749511718750e+02
5.841387939453125000e+02
2.249476776123046875e+02
4.129560546875000000e+02
3.798756713867187500e+02
6.683300781250000000e+02
4.561975708007812500e+02
2.166887817382812500e+02
1.934948730468750000e+02
5.814545898437500000e+02
2.526511993408203125e+02
9.431632080078125000e+02
3.741778564453125000e+02
5.209133300781250000e+02
6.497393798828125000e+02
2.745541076660156250e+02
2.346736145019531250e+02
4.246308288574218750e+02
6.695081787109375000e+02
3.944581604003906250e+02
9.731607055664062500e+02
5.588790893554687500e+02
3.987858581542968750e+02
2.540831604003906250e+02
3.520934753417968750e+02
3.673550720214843750e+02
6.520322265625000000e+02
4.852915649414062500e+02
2.605920104980468750e+02
6.743363037109375000e+02
2.798383483886718750e+02
2.730480651855468750e+02
3.510476684570312500e+02
1.610317687988281250e+02
3.275386657714843750e+02
3.427462158203125000e+02
4.061348571777343750e+02
5.818129272460937500e+02
2.161513824462890625e+02
2.808729553222656250e+02
2.568746948242187500e+02
4.015228576660156250e+02
1.300027923583984375e+02
4.049885559082031250e+02
2.100042114257812500e+02
4.052403869628906250e+02
2.112288208007812500e+02
4.087369689941406250e+02
4.982861328125000000e+02
3.584440002441406250e+02
5.347689819335937500e+02
1.069769287109375000e+02
1.893206176757812500e+02
2.095860290527343750e+02
5.383740234375000000e+02
3.728104553222656250e+02
8.790661621093750000e+02
4.427603759765625000e+02
4.381395568847656250e+02
5.035498657226562500e+02
6.047335815429687500e+02
3.510551452636718750e+02
2.311663818359375000e+02
4.633613281250000000e+02
2.487698211669921875e+02
3.793364562988281250e+02
5.315953979492187500e+02
1.145039138793945312e+02
3.679401550292968750e+02
1.586519927978515625e+02
3.108062133789062500e+02
7.332490844726562500e+02
4.068170776367187500e+02
3.011555480957031250e+02
6.525162963867187500e+02
4.668086853027343750e+02
2.667790527343750000e+02
6.152038574218750000e+02
6.625216674804687500e+02
6.384194946289062500e+02
4.417424316406250000e+02
4.299615783691406250e+02
9.912855834960937500e+02
2.525857543945312500e+02
6.725001525878906250e+01
3.810339355468750000e+02
4.673216857910156250e+02
4.399401550292968750e+02
2.174994964599609375e+02
4.887126159667968750e+02
5.560828857421875000e+02
4.153937072753906250e+02
6.300111694335937500e+02
9.667361450195312500e+02
4.144674377441406250e+02
3.256952819824218750e+02
4.299630737304687500e+02
3.997857360839843750e+02
3.718298645019531250e+02
3.827844238281250000e+02
3.895179748535156250e+02
3.836184997558593750e+02
5.173179321289062500e+02
2.880343017578125000e+02
3.269804763793945312e+01
4.797090454101562500e+02
3.471615600585937500e+02
1.856219635009765625e+02
4.566113586425781250e+02
8.593308105468750000e+02
5.319440307617187500e+02
5.619367065429687500e+02
2.735876464843750000e+02
6.046284790039062500e+02
1.362193603515625000e+02
6.730131225585937500e+02
6.563671875000000000e+02
2.249745178222656250e+02
3.229910583496093750e+02
5.083987731933593750e+02
9.187888793945312500e+02
9.227178344726562500e+02
3.958249816894531250e+02
2.167431793212890625e+02
3.120776672363281250e+02
5.625278320312500000e+02
1.754423828125000000e+02
5.391429443359375000e+02
5.783629150390625000e+02
4.999455871582031250e+02
2.136868743896484375e+02
3.778675231933593750e+02
4.034277648925781250e+02
1.138177413940429688e+02
5.357069091796875000e+02
5.946342163085937500e+02
4.686445007324218750e+02
2.804841918945312500e+02
6.927011718750000000e+02
2.056524658203125000e+02
2.620453491210937500e+02
7.079714355468750000e+02
4.772060241699218750e+02
2.748606872558593750e+02
3.300234069824218750e+02
3.206011047363281250e+02
3.658754577636718750e+02
4.572503356933593750e+02
4.022159118652343750e+02
4.283664550781250000e+02
2.837913513183593750e+02
4.391284484863281250e+02
1.632039031982421875e+02
2.665431518554687500e+02
3.209436950683593750e+02
4.878325500488281250e+02
2.164189147949218750e+02
5.703178100585937500e+02
4.618192443847656250e+02
7.370926513671875000e+02
8.092597656250000000e+02
2.968829040527343750e+02
4.589313964843750000e+02
2.470552520751953125e+02
2.650628051757812500e+02
3.743911437988281250e+02
3.967384948730468750e+02
3.248334350585937500e+02
2.707589721679687500e+02
5.581793823242187500e+02
4.945761108398437500e+02
1.049325561523437500e+03
4.888209228515625000e+02
4.093874511718750000e+02
4.247724304199218750e+02
7.753131713867187500e+02
5.214365844726562500e+02
3.540256958007812500e+02
4.094214172363281250e+02
5.568865966796875000e+02
4.637234191894531250e+02
3.554105834960937500e+02
2.218305969238281250e+02
4.216475219726562500e+02
4.207051696777343750e+02
1.650184326171875000e+02
5.452641601562500000e+02
5.007529296875000000e+02
3.715237731933593750e+02
4.359645996093750000e+02
2.833834228515625000e+02
1.183052139282226562e+02
3.977255554199218750e+02
3.541248779296875000e+02
7.265201416015625000e+02
2.612439880371093750e+02
3.242198181152343750e+02
6.004385375976562500e+02
5.810474243164062500e+02
5.767595825195312500e+02
2.465928955078125000e+02
1.106249511718750000e+03
4.902048950195312500e+02
4.542828063964843750e+02
7.542924194335937500e+02
1.588369293212890625e+02
1.035621337890625000e+03
4.372673645019531250e+02
7.153583984375000000e+02
4.936928710937500000e+02
3.007139282226562500e+02
4.463800354003906250e+02
6.779508666992187500e+02
4.491489257812500000e+02
4.019603576660156250e+02
7.841666259765625000e+02
5.267817382812500000e+02
7.673626708984375000e+02
2.769620056152343750e+02
4.236602172851562500e+02
2.379478607177734375e+02
2.091899108886718750e+02
2.499524383544921875e+02
4.636838378906250000e+02
3.629427185058593750e+02
4.091451721191406250e+02
2.724100494384765625e+01
4.750833435058593750e+02
6.320064086914062500e+02
5.401370239257812500e+02
4.665674133300781250e+02
2.496562500000000000e+02
8.097191162109375000e+02
8.082135620117187500e+02
2.987595214843750000e+02
6.439196166992187500e+02
2.268271331787109375e+02
5.030211791992187500e+02
4.809592285156250000e+02
2.590538330078125000e+02
4.277023315429687500e+02
5.915900802612304688e+01
3.931468200683593750e+02
7.866160888671875000e+02
6.055628662109375000e+02
1.034756164550781250e+02
8.388950805664062500e+02
4.130674438476562500e+02
2.732046508789062500e+02
5.543577880859375000e+02
7.328217163085937500e+02
5.612296752929687500e+02
1.741069030761718750e+02
3.666402893066406250e+02
4.147094116210937500e+02
6.655253906250000000e+02
3.564334411621093750e+02
2.862218933105468750e+02
6.190999755859375000e+02
2.963234863281250000e+02
5.287179565429687500e+02
6.935971679687500000e+02
2.643078613281250000e+02
4.209428100585937500e+02
6.317255249023437500e+02
6.529641113281250000e+02
3.837568054199218750e+02
1.718812713623046875e+02
4.044484558105468750e+02
5.927652587890625000e+02
7.366520385742187500e+02
2.970705566406250000e+02
3.101525573730468750e+02
3.544422607421875000e+02
6.155253295898437500e+02
4.035299987792968750e+02
2.863994140625000000e+02
5.850088500976562500e+02
3.147853698730468750e+02
2.576334838867187500e+02
3.161575622558593750e+02
2.927228698730468750e+02
4.291608886718750000e+02
3.687942810058593750e+02
5.575889282226562500e+02
5.203284301757812500e+02
9.641083374023437500e+02
8.478936157226562500e+02
4.904371032714843750e+02
4.449598083496093750e+02
3.346590881347656250e+02
6.192907714843750000e+02
3.781429443359375000e+02
1.256206542968750000e+03
8.778414916992187500e+02
4.998574218750000000e+02
2.648559875488281250e+02
7.725337524414062500e+02
5.266246948242187500e+02
2.753764343261718750e+02
6.716873779296875000e+02
3.224155273437500000e+02
4.563222351074218750e+02
5.050571594238281250e+02
4.458366088867187500e+02
1.552359771728515625e+02
2.410937500000000000e+02
6.012316284179687500e+02
4.171840209960937500e+02
3.188071289062500000e+02
1.025918457031250000e+03
6.671817626953125000e+02
3.039562683105468750e+02
4.520193481445312500e+02
5.190475463867187500e+02
2.787456359863281250e+02
2.930041503906250000e+02
4.313336181640625000e+02
3.915268249511718750e+02
4.249615783691406250e+02
4.313254394531250000e+02
4.351578063964843750e+02
3.909935302734375000e+02
6.721027832031250000e+02
7.284622802734375000e+02
5.836732788085937500e+02
6.639879760742187500e+02
2.825191040039062500e+02
3.604997863769531250e+02
4.842521667480468750e+02
3.978256225585937500e+02
5.057573242187500000e+02
5.547977905273437500e+02
6.208068237304687500e+02
3.975007934570312500e+02
3.683287963867187500e+02
3.519664916992187500e+02
2.814029846191406250e+02
5.207825317382812500e+02
2.786536865234375000e+02
3.403832092285156250e+02
2.873784484863281250e+02
7.138656616210937500e+02
3.914936218261718750e+02
3.234334716796875000e+02
1.169933319091796875e+02
5.229960327148437500e+02
3.493742980957031250e+02
4.448865661621093750e+02
3.835917663574218750e+02
3.093080444335937500e+02
7.551228027343750000e+02
4.568767700195312500e+02
3.095188598632812500e+02
2.238457183837890625e+02
1.520629272460937500e+02
6.109462890625000000e+02
6.171960449218750000e+02
4.661984252929687500e+02
2.815038452148437500e+02
7.622640380859375000e+02
6.243975830078125000e+02
5.509089965820312500e+02
5.387254028320312500e+02
4.002845153808593750e+02
2.212393341064453125e+02
8.351568603515625000e+02
8.707273101806640625e+01
1.370653076171875000e+02
4.202486877441406250e+02
1.346157348632812500e+03
4.264680480957031250e+02
4.305595092773437500e+02
3.064787597656250000e+02
6.922368164062500000e+02
2.094812774658203125e+02
5.140337524414062500e+02
5.543659667968750000e+02
4.656837768554687500e+02
5.472133178710937500e+02
3.125023193359375000e+02
3.911779785156250000e+02
1.912357788085937500e+02
3.618951110839843750e+02
1.339866333007812500e+02
2.407824249267578125e+02
1.783611145019531250e+02
7.966522827148437500e+02
4.309016418457031250e+02
2.186903533935546875e+02
4.497713317871093750e+02
3.366507568359375000e+02
3.440809326171875000e+02
6.710780639648437500e+02
3.557492980957031250e+02
8.682958374023437500e+02
5.708885498046875000e+02
4.987207946777343750e+02
3.442050170898437500e+02
6.849749755859375000e+02
7.686383056640625000e+02
8.970201110839843750e+01
5.434536743164062500e+02
4.935073852539062500e+02
4.881587524414062500e+02
2.629043273925781250e+02
3.129151611328125000e+02
2.774385070800781250e+02
1.334591217041015625e+02
6.269877929687500000e+02
1.055477828979492188e+02
4.524728698730468750e+02
6.403175659179687500e+02
2.859040222167968750e+02
4.216310119628906250e+02
2.239567413330078125e+02
9.631077270507812500e+02
5.938377075195312500e+02
3.739472656250000000e+02
1.034796386718750000e+03
6.627121582031250000e+02
4.495412292480468750e+02
5.141243286132812500e+02
4.089295349121093750e+02
2.549292602539062500e+02
6.568540039062500000e+02
3.598167724609375000e+02
4.746934814453125000e+02
5.711350708007812500e+02
6.526059570312500000e+02
8.566614990234375000e+02
4.830333251953125000e+02
1.976682281494140625e+02
2.005639953613281250e+02
5.687498168945312500e+02
6.090336303710937500e+02
8.042229614257812500e+02
1.983104705810546875e+02
8.552598266601562500e+02
6.325816040039062500e+02
6.707191162109375000e+02
1.778963623046875000e+02
3.356728820800781250e+02
3.435324401855468750e+02
8.169753417968750000e+02
7.915960083007812500e+02
4.831691284179687500e+02
4.231551208496093750e+02
3.566495361328125000e+02
1.009478271484375000e+03
6.646888427734375000e+02
6.034472045898437500e+02
3.755652465820312500e+02
4.610251464843750000e+02
1.022427673339843750e+02
4.236649780273437500e+02
8.180789184570312500e+02
5.327593994140625000e+02
2.819343261718750000e+02
3.826624755859375000e+02
2.568160400390625000e+02
3.323787841796875000e+02
8.038222045898437500e+02
3.258685302734375000e+02
5.944049682617187500e+02
1.995609741210937500e+02
4.981468200683593750e+02
8.858911743164062500e+02
5.284371948242187500e+02
6.354315185546875000e+02
1.053793579101562500e+03
4.556065979003906250e+02
8.464160156250000000e+01
3.318099060058593750e+02
2.140553283691406250e+02
6.607744140625000000e+02
5.702763671875000000e+02
3.870214233398437500e+02
1.557073822021484375e+02
2.319670104980468750e+02
2.786308593750000000e+02
1.545549621582031250e+02
6.548547363281250000e+02
8.371366577148437500e+02
3.609687500000000000e+02
1.034481887817382812e+02
8.153494873046875000e+02
6.563767089843750000e+02
3.788614196777343750e+02
2.517695007324218750e+02
3.847750854492187500e+02
5.202598953247070312e+01
4.569061889648437500e+02
1.584088439941406250e+02
4.032471008300781250e+02
1.667327575683593750e+02
3.882204895019531250e+02
8.623553466796875000e+02
5.401339721679687500e+02
4.605821533203125000e+02
5.223370971679687500e+02
3.840310974121093750e+02
2.540185699462890625e+02
5.696366577148437500e+02
1.041073120117187500e+03
2.981151123046875000e+02
1.972096099853515625e+02
3.245248413085937500e+02
6.637847290039062500e+02
4.559848327636718750e+02
3.661299743652343750e+02
4.200512084960937500e+02
1.874342041015625000e+02
1.662667655944824219e+01
5.777119140625000000e+02
4.311320495605468750e+02
6.490564575195312500e+02
8.557458496093750000e+02
4.999027099609375000e+02
4.271066284179687500e+02
1.746668701171875000e+02
7.879318847656250000e+02
4.815519409179687500e+02
3.922770996093750000e+02
2.679457702636718750e+02
3.713919982910156250e+02
4.564432983398437500e+02
6.686206665039062500e+02
5.122662963867187500e+02
3.755701904296875000e+02
4.610916137695312500e+02
5.141704711914062500e+02
8.000350952148437500e+02
4.146785583496093750e+02
4.299412841796875000e+02
7.058228149414062500e+02
2.649064331054687500e+02
4.598300170898437500e+02
1.445406646728515625e+02
6.796317138671875000e+02
4.941055297851562500e+02
5.983224487304687500e+02
5.250230102539062500e+02
3.342023315429687500e+02
4.227451477050781250e+02
3.745143127441406250e+02
3.046634521484375000e+02
6.243898315429687500e+02
3.280294189453125000e+02
1.118548217773437500e+03
4.465382690429687500e+02
5.544465332031250000e+02
6.313216552734375000e+02
4.899309692382812500e+02
2.362072601318359375e+02
5.174570922851562500e+02
3.877165527343750000e+02
1.137731018066406250e+02
5.091957397460937500e+02
1.081916503906250000e+02
6.239574584960937500e+02
4.701253356933593750e+02
5.063565673828125000e+02
3.093753662109375000e+02
3.545563354492187500e+02
6.159193725585937500e+02
2.613809814453125000e+02
4.291104736328125000e+02
8.194400634765625000e+02
4.531078491210937500e+02
3.805150756835937500e+02
3.460150451660156250e+02
4.403889465332031250e+02
5.093804931640625000e+02
5.009545593261718750e+02
5.926166381835937500e+02
5.892767944335937500e+02
2.560927734375000000e+02
2.655451049804687500e+02
8.845684814453125000e+02
3.571599426269531250e+02
5.355370483398437500e+02
1.813504486083984375e+02
6.864833984375000000e+02
4.097890930175781250e+02
2.077419586181640625e+02
5.934453125000000000e+02
4.016519165039062500e+02
5.508546142578125000e+02
5.574102783203125000e+02
4.519571228027343750e+02
6.867025146484375000e+02
2.016738739013671875e+02
3.895013732910156250e+02
7.537415161132812500e+02
1.890754394531250000e+02
3.463426818847656250e+02
4.420944519042968750e+02
6.114962768554687500e+02
3.724632568359375000e+02
6.830407714843750000e+02
8.003143310546875000e+02
1.332684326171875000e+02
4.342377014160156250e+02
6.449751586914062500e+02
4.469930114746093750e+02
4.932147216796875000e+02
4.279489135742187500e+02
5.675045776367187500e+02
2.535143890380859375e+02
5.151966552734375000e+02
3.368876647949218750e+02
4.210641784667968750e+02
2.827440185546875000e+02
3.982365722656250000e+02
9.791561889648437500e+02
6.036904907226562500e+02
2.516755371093750000e+02
5.116416931152343750e+02
4.178183593750000000e+02
2.702283325195312500e+02
5.730460815429687500e+02
5.201739501953125000e+02
3.014342651367187500e+02
2.390892944335937500e+02
2.344139556884765625e+02
2.153155975341796875e+02
1.808421783447265625e+02
9.449855041503906250e+01
3.980881042480468750e+02
4.206236877441406250e+02
2.863121032714843750e+02
2.636112976074218750e+02
2.632365112304687500e+02
1.560197906494140625e+02
3.939388732910156250e+02
1.116715332031250000e+03
5.178164062500000000e+02
5.385280151367187500e+02
3.542331848144531250e+02
5.095098876953125000e+02
4.251470336914062500e+02
4.439767761230468750e+02
6.345869750976562500e+02
3.533333129882812500e+02
5.363276367187500000e+02
3.171143188476562500e+02
5.800639648437500000e+02
5.567142333984375000e+02
1.328770599365234375e+02
3.907712707519531250e+02
3.127085571289062500e+02
4.669139404296875000e+02
1.783919219970703125e+02
5.937346191406250000e+02
1.369158172607421875e+02
2.907606201171875000e+02
6.407018432617187500e+02
3.047625427246093750e+02
3.366498718261718750e+02
3.482839660644531250e+02
3.615711669921875000e+02
1.835746307373046875e+02
2.358965606689453125e+02
2.815622863769531250e+02
1.953102111816406250e+02
1.196062545776367188e+02
4.695406799316406250e+02
3.142771301269531250e+02
6.336690063476562500e+02
5.369506225585937500e+02
4.464025573730468750e+02
5.606177978515625000e+02
4.171702575683593750e+02
2.983236083984375000e+02
1.193089599609375000e+02
5.247576904296875000e+02
3.415023193359375000e+02
6.613155517578125000e+02
3.954610290527343750e+02
4.183442687988281250e+02
4.331731872558593750e+02
4.686467590332031250e+02
7.582787475585937500e+02
4.658833007812500000e+02
4.793215637207031250e+02
3.822472534179687500e+02
5.151787109375000000e+02
3.967198791503906250e+02
4.204779663085937500e+02
4.546216735839843750e+02
4.835348815917968750e+02
7.143640136718750000e+02
6.316678466796875000e+02
1.327768249511718750e+02
3.627782592773437500e+02
6.727297363281250000e+02
3.361718444824218750e+02
3.627050476074218750e+02
1.990981750488281250e+02
5.676743774414062500e+02
3.768540344238281250e+02
9.421185302734375000e+02
6.376464080810546875e+01
5.112750244140625000e+02
3.388216552734375000e+02
5.521523437500000000e+02
1.375086822509765625e+02
4.174044494628906250e+02
4.644484252929687500e+02
1.081774291992187500e+03
8.274702148437500000e+02
7.546074218750000000e+02
5.023291015625000000e+02
2.126488037109375000e+02
6.817483520507812500e+02
3.401383666992187500e+02
2.508201599121093750e+02
6.659230957031250000e+02
8.830134887695312500e+02
6.087908935546875000e+02
2.781027221679687500e+02
5.271464843750000000e+02
5.072701110839843750e+02
6.010321044921875000e+02
7.557671508789062500e+02
5.267717285156250000e+02
9.401207275390625000e+02
4.402816467285156250e+02
3.270131225585937500e+02
8.246006469726562500e+02
4.886015625000000000e+02
6.682439575195312500e+02
7.616259765625000000e+02
2.290046081542968750e+02
5.879063110351562500e+02
5.291475830078125000e+02
6.934613647460937500e+02
2.211338195800781250e+02
5.815864257812500000e+02
3.202965698242187500e+02
3.138742675781250000e+02
9.454880371093750000e+02
1.627312469482421875e+02
2.466667175292968750e+02
4.188969116210937500e+02
9.625399780273437500e+02
4.055787658691406250e+02
2.091038055419921875e+02
3.858038635253906250e+02
6.241476440429687500e+02
5.860374145507812500e+02
5.390015869140625000e+02
2.554014892578125000e+02
3.835855712890625000e+02
4.486073913574218750e+02
5.783100585937500000e+02
4.319493103027343750e+02
2.209544830322265625e+02
1.366049041748046875e+02
3.495711669921875000e+02
3.323970031738281250e+02
6.693717651367187500e+02
2.549995422363281250e+02
5.491024780273437500e+02
7.707759399414062500e+02
6.839274902343750000e+02
1.368541870117187500e+02
6.323773803710937500e+02
6.287540893554687500e+02
5.244314575195312500e+02
6.710153198242187500e+02
5.679708251953125000e+02
6.422858886718750000e+02
5.686524658203125000e+02
4.819537048339843750e+02
3.855361938476562500e+02
1.929306335449218750e+02
5.197973632812500000e+02
6.162967529296875000e+02
4.495442504882812500e+02
2.515021820068359375e+02
3.947807312011718750e+02
3.973982849121093750e+02
3.172250976562500000e+02
7.515050048828125000e+02
9.879932403564453125e+01
5.785336914062500000e+02
5.465435791015625000e+02
2.552097778320312500e+02
9.501328735351562500e+02
6.346805419921875000e+02
4.301632690429687500e+02
5.404676513671875000e+02
8.161204833984375000e+02
2.900447692871093750e+02
3.155122680664062500e+02
1.992466125488281250e+02
4.996810913085937500e+02
2.910991516113281250e+02
3.837009887695312500e+02
5.752734375000000000e+02
1.219198379516601562e+02
3.584737854003906250e+02
2.377568359375000000e+02
6.568399047851562500e+02
3.663967590332031250e+02
9.180295410156250000e+02
3.884227600097656250e+02
5.393438720703125000e+02
6.203249511718750000e+02
3.383971252441406250e+02
5.141059570312500000e+02
6.165537719726562500e+02
1.763104095458984375e+02
6.586943969726562500e+02
2.624321899414062500e+02
6.725742797851562500e+02
2.460945281982421875e+02
4.142339477539062500e+02
3.470516052246093750e+02
3.610617065429687500e+02
3.603507690429687500e+02
6.614621582031250000e+02
4.878713684082031250e+02
3.060773315429687500e+02
8.928453979492187500e+02
6.484821166992187500e+02
4.563004455566406250e+02
4.436146240234375000e+02
4.264145507812500000e+02
6.164225463867187500e+02
3.018719177246093750e+02
7.396762084960937500e+02
6.319226074218750000e+02
6.631085815429687500e+02
4.505961608886718750e+02
6.629068603515625000e+02
4.059575805664062500e+02
4.616846923828125000e+02
3.805171508789062500e+02
7.154657592773437500e+02
2.473108978271484375e+02
5.401669311523437500e+02
5.374810180664062500e+02
5.565934448242187500e+02
4.599253540039062500e+02
3.167652893066406250e+02
4.533929748535156250e+02
6.482537841796875000e+02
3.976730651855468750e+02
5.044136047363281250e+02
4.912729187011718750e+02
3.849064941406250000e+02
3.989194335937500000e+02
4.135180358886718750e+02
2.725322265625000000e+02
9.489292144775390625e+01
3.058458557128906250e+02
4.758094177246093750e+02
2.998898620605468750e+02
5.937013549804687500e+02
1.389869537353515625e+02
2.381583709716796875e+02
6.503438720703125000e+02
4.213745422363281250e+02
5.496780395507812500e+02
5.999549560546875000e+02
1.478871459960937500e+02
3.388202209472656250e+02
7.472871093750000000e+02
7.214036254882812500e+02
3.020632324218750000e+02
3.975737609863281250e+02
6.661794433593750000e+02
7.698259277343750000e+02
4.322501525878906250e+02
3.201384582519531250e+02
3.952317504882812500e+02
2.078741912841796875e+02
3.032056579589843750e+02
2.544394378662109375e+02
6.433380737304687500e+02
5.063835449218750000e+02
5.494316406250000000e+02
6.136365356445312500e+02
6.242565307617187500e+02
4.211106872558593750e+02
7.204864501953125000e+02
5.332672729492187500e+02
1.199837799072265625e+02
5.596307983398437500e+02
2.898768310546875000e+02
2.612688598632812500e+02
5.317733154296875000e+02
5.283665771484375000e+02
4.178220825195312500e+02
2.254948425292968750e+02
6.524435424804687500e+02
3.198621520996093750e+02
1.918333129882812500e+02
3.151944580078125000e+02
1.121900100708007812e+02
3.682206726074218750e+02
5.200773925781250000e+02
4.450243225097656250e+02
4.714567260742187500e+02
5.409002685546875000e+02
7.681798095703125000e+02
7.078771362304687500e+02
1.310937805175781250e+02
2.624446716308593750e+02
5.467401733398437500e+02
4.182453002929687500e+02
1.768095092773437500e+02
3.777133178710937500e+02
5.750185546875000000e+02
4.987100219726562500e+02
5.805870361328125000e+02
7.549808349609375000e+02
5.001494750976562500e+02
4.513351745605468750e+02
2.191685333251953125e+02
6.192485961914062500e+02
2.109197082519531250e+02
3.625017089843750000e+02
3.588657226562500000e+02
4.682358398437500000e+02
3.954677124023437500e+02
3.851193847656250000e+02
3.909880065917968750e+02
8.271611938476562500e+02
4.341430358886718750e+02
3.832129821777343750e+02
3.942893676757812500e+02
5.869006347656250000e+02
5.319015502929687500e+02
5.696320190429687500e+02
1.386377929687500000e+03
2.741411132812500000e+02
4.480606079101562500e+02
6.523966064453125000e+02
4.346221313476562500e+02
1.731473541259765625e+02
4.304208068847656250e+02
3.662539978027343750e+02
2.897252197265625000e+02
5.394875488281250000e+02
2.582569580078125000e+02
2.085832366943359375e+02
4.884219360351562500e+02
3.895511474609375000e+02
3.730138854980468750e+02
6.740681762695312500e+02
5.967492065429687500e+02
5.655676879882812500e+02
3.112585754394531250e+02
4.080743408203125000e+02
4.402748718261718750e+02
2.915847473144531250e+02
2.853409423828125000e+02
6.271174926757812500e+02
2.281634063720703125e+02
2.620775451660156250e+02
2.972374267578125000e+02
6.871188964843750000e+02
4.539518432617187500e+02
1.920136566162109375e+02
2.760764160156250000e+02
5.292617797851562500e+02
6.796572265625000000e+02
2.268547515869140625e+02
2.299207305908203125e+02
6.284980468750000000e+02
5.714842529296875000e+02
2.979827880859375000e+02
2.619463806152343750e+02
8.222381591796875000e+02
2.193462982177734375e+02
5.691252441406250000e+02
3.351316223144531250e+02
3.308183288574218750e+02
6.856098022460937500e+02
2.086534729003906250e+02
5.306497192382812500e+02
2.910016479492187500e+02
4.311007995605468750e+02
2.010132598876953125e+02
6.221777343750000000e+02
5.789221801757812500e+02
3.802731323242187500e+02
3.056497192382812500e+02
3.697927856445312500e+02
2.475081176757812500e+02
1.252505798339843750e+02
4.083298034667968750e+02
2.226454467773437500e+02
6.418565063476562500e+02
5.851338500976562500e+02
5.014615478515625000e+02
4.795422668457031250e+02
3.839782714843750000e+02
3.247326965332031250e+02
3.054346923828125000e+02
4.346798706054687500e+02
3.917254333496093750e+02
4.262256164550781250e+02
5.154012451171875000e+02
4.817603149414062500e+02
3.806243896484375000e+02
3.898381958007812500e+02
3.841029357910156250e+02
1.936454315185546875e+02
3.872018432617187500e+02
4.062813110351562500e+02
3.322094421386718750e+02
3.932058410644531250e+02
3.343612060546875000e+02
4.430613403320312500e+02
6.878894653320312500e+02
2.764260864257812500e+02
6.583580932617187500e+02
2.460939483642578125e+02
2.648113098144531250e+02
1.022482238769531250e+03
6.710117187500000000e+02
4.561419372558593750e+02
2.306963500976562500e+02
3.215284423828125000e+02
6.611200561523437500e+02
4.747398681640625000e+02
9.117518920898437500e+02
3.693284301757812500e+02
4.657666320800781250e+02
4.170718688964843750e+02
2.549609222412109375e+02
2.746203918457031250e+02
4.054688110351562500e+02
2.472616424560546875e+02
3.059953308105468750e+02
1.048749389648437500e+03
2.314107666015625000e+02
4.382442626953125000e+02
5.577291870117187500e+02
2.951820983886718750e+02
2.133670654296875000e+02
4.516953125000000000e+02
5.650606689453125000e+02
1.998969879150390625e+02
1.554144134521484375e+02
3.182322692871093750e+02
3.434980773925781250e+02
8.809358520507812500e+02
7.532249145507812500e+02
2.162256050109863281e+01
8.002308654785156250e+01
4.521067199707031250e+02
2.251879882812500000e+02
4.924230346679687500e+02
6.370971679687500000e+02
4.007055358886718750e+02
4.295369262695312500e+02
3.488077392578125000e+02
5.218561401367187500e+02
5.284677124023437500e+02
5.885474853515625000e+02
4.675220947265625000e+02
9.816205444335937500e+02
8.496053466796875000e+02
3.027161865234375000e+02
3.453849182128906250e+02
4.400572509765625000e+02
4.518706665039062500e+02
3.480178833007812500e+02
4.492296142578125000e+02
2.126191711425781250e+02
7.533674926757812500e+02
6.134448852539062500e+02
3.875889892578125000e+02
2.287307891845703125e+02
5.188560791015625000e+02
3.014967651367187500e+02
3.513465270996093750e+02
1.577657775878906250e+02
3.016484985351562500e+02
5.348987426757812500e+02
3.521453857421875000e+02
2.859460449218750000e+02
4.606416931152343750e+02
2.699634399414062500e+02
1.273452880859375000e+03
6.773479003906250000e+02
4.484805908203125000e+02
8.722481079101562500e+02
2.312118225097656250e+02
6.613944702148437500e+02
8.175993041992187500e+02
3.421299743652343750e+02
5.441347045898437500e+02
4.606354675292968750e+02
6.125589599609375000e+02
4.203086547851562500e+02
6.855158691406250000e+02
3.464960937500000000e+02
6.070326538085937500e+02
4.121388549804687500e+02
3.199116821289062500e+02
7.901245727539062500e+02
4.996141662597656250e+02
4.191884765625000000e+02
4.606239013671875000e+02
4.407849426269531250e+02
3.135357971191406250e+02
4.692037353515625000e+02
4.564421081542968750e+02
2.223298492431640625e+02
4.727622680664062500e+02
5.615773315429687500e+02
4.862804870605468750e+02
1.011437866210937500e+03
4.395845947265625000e+02
5.923626708984375000e+02
5.209031982421875000e+02
4.682149047851562500e+02
5.970772094726562500e+02
6.177634277343750000e+02
4.930377502441406250e+02
4.863465881347656250e+02
3.638727111816406250e+02
3.736200561523437500e+02
6.009696044921875000e+02
4.762690429687500000e+02
3.208012695312500000e+02
7.190589599609375000e+02
2.810083618164062500e+02
4.494797363281250000e+02
3.535108947753906250e+02
5.808348388671875000e+02
3.782760925292968750e+02
2.370104064941406250e+02
4.706696166992187500e+02
5.766414184570312500e+02
7.370700683593750000e+02
3.354176635742187500e+02
7.434591064453125000e+02
4.337776794433593750e+02
3.083766784667968750e+02
4.076461791992187500e+02
4.390450134277343750e+02
2.065406341552734375e+02
5.541838378906250000e+02
2.811939086914062500e+02
4.615889587402343750e+02
5.393100585937500000e+02
1.981400299072265625e+02
4.427631225585937500e+02
4.999488830566406250e+02
3.398656311035156250e+02
3.940634155273437500e+02
2.613860473632812500e+02
4.076420593261718750e+02
7.624542236328125000e+02
3.614274291992187500e+02
5.444370117187500000e+02
2.906683044433593750e+02
6.541073608398437500e+02
4.588906860351562500e+02
5.384954223632812500e+02
2.168193511962890625e+02
2.204416656494140625e+02
5.351376342773437500e+02
6.433087158203125000e+01
2.109252014160156250e+02
3.738691101074218750e+02
3.154922485351562500e+02
8.378126220703125000e+02
5.302666015625000000e+02
4.519320068359375000e+02
5.482419433593750000e+02
8.380341796875000000e+02
2.615956726074218750e+02
3.766064758300781250e+02
3.348890991210937500e+02
6.764091796875000000e+02
4.112431945800781250e+02
2.165211181640625000e+02
7.213413085937500000e+02
3.267925720214843750e+02
2.583942871093750000e+02
3.783620605468750000e+02
7.353366699218750000e+02
4.939506225585937500e+02
2.228270416259765625e+02
8.859799804687500000e+02
7.117330322265625000e+02
7.688872070312500000e+02
2.917486267089843750e+02
4.903037109375000000e+02
3.246887817382812500e+02
8.706623840332031250e+01
3.619629821777343750e+02
3.689168090820312500e+02
2.231796722412109375e+02
4.412537231445312500e+02
3.939716186523437500e+02
1.749830932617187500e+02
6.724165649414062500e+02
2.016034698486328125e+02
1.159829635620117188e+02
4.142000427246093750e+02
6.141918945312500000e+02
3.340769348144531250e+02
3.945071105957031250e+02
1.959417877197265625e+02
3.756391906738281250e+02
3.349239807128906250e+02
7.611217651367187500e+02
1.611001434326171875e+02
7.571715698242187500e+02
8.127353515625000000e+02
6.340760498046875000e+02
3.131821289062500000e+02
6.499481811523437500e+02
3.454768981933593750e+02
4.215764770507812500e+02
3.745318908691406250e+02
2.124575042724609375e+02
6.016893920898437500e+02
4.163155517578125000e+02
9.883664550781250000e+02
5.215783081054687500e+02
4.128649291992187500e+02
8.984468841552734375e+01
3.130698547363281250e+02
5.680569458007812500e+02
7.164058837890625000e+02
7.835028076171875000e+02
3.023987426757812500e+02
4.598161926269531250e+02
7.144020385742187500e+02
3.891876220703125000e+02
7.016785888671875000e+02
2.490386810302734375e+02
1.884088439941406250e+02
4.564534606933593750e+02
3.575967407226562500e+02
5.911221923828125000e+02
4.356438598632812500e+02
6.754365844726562500e+02
3.747859802246093750e+02
5.168088378906250000e+02
7.067845458984375000e+02
5.533836669921875000e+02
6.093536987304687500e+02
5.881934814453125000e+02
2.713922424316406250e+02
7.878715209960937500e+02
3.788920288085937500e+02
3.532816162109375000e+02
6.422451782226562500e+02
2.365502624511718750e+02
4.051502075195312500e+02
5.637443847656250000e+02
3.363188171386718750e+02
6.056203613281250000e+02
2.855762634277343750e+02
4.157229309082031250e+02
3.021777648925781250e+02
6.227832031250000000e+02
5.420863037109375000e+02
7.118978881835937500e+02
6.014653320312500000e+02
5.964848022460937500e+02
5.021983337402343750e+02
5.731867675781250000e+02
7.361674194335937500e+02
7.899472045898437500e+02
4.567166748046875000e+02
6.550769653320312500e+02
4.485330200195312500e+02
5.529816284179687500e+02
6.848494873046875000e+02
5.640034179687500000e+02
2.227397460937500000e+02
5.473834838867187500e+02
2.215809631347656250e+02
5.066565246582031250e+02
6.266048583984375000e+02
3.487231445312500000e+02
3.620682067871093750e+02
1.149190597534179688e+02
7.821360473632812500e+02
4.544183959960937500e+02
2.942792663574218750e+02
4.439232177734375000e+02
6.392667236328125000e+02
4.766649780273437500e+02
5.983446655273437500e+02
3.591231994628906250e+02
2.159338836669921875e+02
6.311127319335937500e+02
8.116042480468750000e+02
7.536833496093750000e+02
1.713992309570312500e+02
4.968788146972656250e+02
3.079169921875000000e+02
2.598408508300781250e+02
4.254807739257812500e+02
4.147395935058593750e+02
3.308689270019531250e+02
4.748400573730468750e+02
2.752190856933593750e+02
3.698620910644531250e+02
5.742125854492187500e+02
4.037750244140625000e+02
3.317249755859375000e+02
2.349721374511718750e+02
4.311792907714843750e+02
5.046043701171875000e+02
8.495061645507812500e+02
4.892325744628906250e+02
9.266545410156250000e+02
6.463793945312500000e+02
3.547064208984375000e+02
5.332515869140625000e+02
3.788906860351562500e+02
4.097412414550781250e+02
3.128617858886718750e+02
5.460680541992187500e+02
5.995205078125000000e+02
2.758744201660156250e+02
3.780750732421875000e+02
7.044033050537109375e+01
3.984656066894531250e+02
3.985613098144531250e+02
4.934405822753906250e+02
4.023975219726562500e+02
2.851283569335937500e+02
3.862871398925781250e+02
7.431829833984375000e+02
2.596200256347656250e+02
4.647397155761718750e+02
7.475423583984375000e+02
3.085282592773437500e+02
2.738787841796875000e+02
6.295112304687500000e+02
1.212131958007812500e+02
2.041521453857421875e+02
8.386851196289062500e+02
4.730310363769531250e+02
5.474302368164062500e+02
1.852843475341796875e+02
4.899947509765625000e+02
2.981752319335937500e+02
3.226414794921875000e+02
7.599723510742187500e+02
6.840990600585937500e+02
4.607211303710937500e+02
3.715727233886718750e+02
3.223488159179687500e+02
5.413859252929687500e+02
2.382545623779296875e+02
5.403449096679687500e+02
3.127422180175781250e+02
3.795830078125000000e+02
6.623681030273437500e+02
5.326107177734375000e+02
4.624649047851562500e+02
3.711281433105468750e+02
6.845682373046875000e+02
1.198846893310546875e+02
7.224644165039062500e+02
5.289744873046875000e+02
3.376487426757812500e+02
7.060930786132812500e+02
4.745139160156250000e+02
5.764511718750000000e+02
1.337942962646484375e+02
8.546198730468750000e+02
5.684650268554687500e+02
2.950071716308593750e+02
4.796071472167968750e+02
3.540264587402343750e+02
8.248069763183593750e+01
4.195844726562500000e+02
5.964372558593750000e+02
2.030328826904296875e+02
4.475205383300781250e+02
4.972644042968750000e+02
3.849701843261718750e+02
4.627033386230468750e+02
4.032001037597656250e+02
1.691162872314453125e+02
9.676288604736328125e+01
2.746700134277343750e+02
2.401297607421875000e+02
3.492816467285156250e+02
4.799790649414062500e+02
5.082783203125000000e+02
2.172802276611328125e+02
4.414490356445312500e+02
6.552817382812500000e+02
3.860532531738281250e+02
3.608294372558593750e+02
4.781659851074218750e+02
8.998152465820312500e+02
3.679187316894531250e+02
2.793262329101562500e+02
4.457131958007812500e+02
4.208734436035156250e+02
4.978470764160156250e+02
2.218170623779296875e+02
1.371493072509765625e+02
3.563806457519531250e+02
3.965268859863281250e+02
4.743383178710937500e+02
6.278489990234375000e+02
3.231381530761718750e+02
2.825415344238281250e+02
8.006759033203125000e+02
7.579844360351562500e+02
2.141914062500000000e+02
2.583223571777343750e+02
9.660740356445312500e+02
2.994551696777343750e+02
6.660448608398437500e+02
1.690070800781250000e+02
7.255106811523437500e+02
6.035018920898437500e+02
2.885997314453125000e+02
6.836665649414062500e+02
4.449948425292968750e+02
3.283973999023437500e+02
5.964391479492187500e+02
4.354204406738281250e+02
3.874782104492187500e+02
6.597679443359375000e+02
5.273322753906250000e+02
9.618746185302734375e+01
3.733621520996093750e+02
1.961276855468750000e+02
2.291540222167968750e+02
6.276116333007812500e+02
7.986087036132812500e+02
7.340851440429687500e+02
8.625263671875000000e+02
3.289625244140625000e+02
2.257845611572265625e+02
6.319495849609375000e+02
6.099641113281250000e+02
2.890172729492187500e+02
3.382420959472656250e+02
2.386541290283203125e+02
3.778185424804687500e+02
1.528761138916015625e+02
2.744773559570312500e+02
5.547532958984375000e+02
4.097243652343750000e+02
7.017035522460937500e+02
2.663112182617187500e+02
2.086009826660156250e+02
2.759805603027343750e+02
2.322712707519531250e+02
4.039543151855468750e+02
2.694699707031250000e+02
6.693668212890625000e+02
5.118312377929687500e+02
2.637832031250000000e+02
1.883733367919921875e+02
4.088327941894531250e+02
3.508659057617187500e+02
3.127731323242187500e+02
4.100898742675781250e+02
6.644055175781250000e+02
3.303211364746093750e+02
6.846890869140625000e+02
5.893251953125000000e+02
8.204436035156250000e+02
2.367828979492187500e+02
6.794443969726562500e+02
5.370200805664062500e+02
3.338171386718750000e+02
4.602967529296875000e+02
2.941141967773437500e+02
4.315797119140625000e+02
4.399889526367187500e+02
7.219554443359375000e+02
2.730427246093750000e+02
3.608303222656250000e+02
6.240465698242187500e+02
2.394369964599609375e+02
2.723229064941406250e+02
5.344036865234375000e+02
2.507655029296875000e+02
2.639584960937500000e+02
1.426396179199218750e+02
3.897334899902343750e+02
4.404428405761718750e+02
3.119812622070312500e+02
1.165957519531250000e+03
5.649852905273437500e+02
6.500142211914062500e+02
4.929875183105468750e+02
6.910938110351562500e+02
6.656342163085937500e+02
3.419453430175781250e+02
1.725166931152343750e+02
4.487063598632812500e+02
6.022009277343750000e+02
5.788507080078125000e+02
4.819129943847656250e+02
8.382161712646484375e+01
3.928253479003906250e+02
4.527225036621093750e+02
4.469277038574218750e+02
6.169992675781250000e+02
1.992320556640625000e+02
8.298136596679687500e+02
4.414464416503906250e+02
3.924952392578125000e+02
2.107112579345703125e+02
2.572130737304687500e+02
5.379443359375000000e+02
3.881151428222656250e+02
3.234560546875000000e+02
2.138666229248046875e+02
2.233127288818359375e+02
5.404475097656250000e+02
3.520187377929687500e+02
4.907521057128906250e+02
3.883237304687500000e+02
3.694343566894531250e+02
6.059084472656250000e+02
4.561812744140625000e+02
3.773222351074218750e+02
4.400729064941406250e+02
3.633523254394531250e+02
4.577116088867187500e+02
5.799790649414062500e+02
1.766989898681640625e+02
4.061651916503906250e+02
5.425314331054687500e+02
1.799270629882812500e+02
1.131770019531250000e+02
5.047479248046875000e+02
7.392032623291015625e+01
4.281673278808593750e+02
9.083447875976562500e+02
3.254851379394531250e+02
6.205931396484375000e+02
2.038663635253906250e+02
3.766123046875000000e+02
4.556964416503906250e+02
4.462020874023437500e+02
2.687625427246093750e+02
1.610081634521484375e+02
3.736200561523437500e+02
7.800665283203125000e+02
3.731007080078125000e+02
2.335884094238281250e+02
6.620355834960937500e+02
2.429006347656250000e+02
2.413658599853515625e+02
4.084891357421875000e+02
4.633424377441406250e+02
5.499022216796875000e+02
3.697250366210937500e+02
3.595028991699218750e+02
5.492545166015625000e+02
3.529968872070312500e+02
3.164928588867187500e+02
4.446370544433593750e+02
4.569044494628906250e+02
8.751075439453125000e+02
7.633444213867187500e+02
8.147299194335937500e+02
2.244535064697265625e+02
4.341880798339843750e+02
5.640081176757812500e+02
4.027971801757812500e+02
4.868952941894531250e+02
8.757452392578125000e+02
6.949971313476562500e+02
7.433669433593750000e+02
2.966580810546875000e+02
3.125053710937500000e+02
4.427382202148437500e+02
2.100897521972656250e+02
6.293980102539062500e+02
8.783648681640625000e+02
3.056481628417968750e+02
1.559215087890625000e+02
5.534458618164062500e+02
4.101119995117187500e+02
8.037456665039062500e+02
2.402760620117187500e+02
3.150602111816406250e+02
7.407647094726562500e+02
5.594153442382812500e+02
2.642312316894531250e+02
6.160310668945312500e+02
8.351387939453125000e+02
6.018537597656250000e+02
2.341996002197265625e+02
5.116267700195312500e+02
5.123878784179687500e+02
4.003030090332031250e+02
5.283812255859375000e+02
4.245798034667968750e+02
3.219848937988281250e+02
4.414479980468750000e+02
4.195690307617187500e+02
6.353265991210937500e+02
2.486128997802734375e+02
2.793848571777343750e+02
4.622011413574218750e+02
3.319403076171875000e+02
4.052490844726562500e+02
2.538775024414062500e+02
3.722587890625000000e+02
2.778490905761718750e+02
4.966270751953125000e+02
6.196742553710937500e+02
4.062060852050781250e+02
8.508215332031250000e+02
2.412538146972656250e+02
6.420935058593750000e+02
3.814502258300781250e+02
3.613627014160156250e+02
4.828977661132812500e+02
1.961998138427734375e+02
4.794594726562500000e+02
2.850700073242187500e+02
4.610596618652343750e+02
2.028247833251953125e+02
4.866557617187500000e+02
3.459129638671875000e+02
1.935939178466796875e+02
5.747234497070312500e+02
4.495167846679687500e+02
5.590579223632812500e+02
3.864701538085937500e+02
2.950321044921875000e+02
2.330155944824218750e+02
1.503359832763671875e+02
4.890975341796875000e+02
3.865397338867187500e+02
3.423885192871093750e+02
6.558071899414062500e+02
6.316625366210937500e+02
1.832695770263671875e+02
6.338752441406250000e+02
2.854271850585937500e+02
5.584813842773437500e+02
3.253484191894531250e+02
1.796371154785156250e+02
4.118086853027343750e+02
4.130819091796875000e+02
4.013241882324218750e+02
6.707615966796875000e+02
7.331783447265625000e+02
2.007820434570312500e+02
1.123121093750000000e+03
7.625826416015625000e+02
6.619057617187500000e+02
4.971736755371093750e+02
3.491186523437500000e+02
5.247550048828125000e+02
1.772354278564453125e+02
2.745675964355468750e+02
4.372858886718750000e+02
5.008524475097656250e+02
5.365504150390625000e+02
2.913852539062500000e+02
1.680682525634765625e+02
4.248766479492187500e+02
2.673921813964843750e+02
5.942115478515625000e+02
2.542907714843750000e+02
6.186327514648437500e+02
3.209828796386718750e+02
3.673156127929687500e+02
6.662470703125000000e+02
3.054319763183593750e+02
7.804914550781250000e+02
3.985117187500000000e+02
2.742973327636718750e+02
2.539217071533203125e+02
4.762675781250000000e+02
5.572325439453125000e+02
4.264749145507812500e+02
3.205227661132812500e+02
4.236770324707031250e+02
6.453705444335937500e+02
3.367919616699218750e+02
3.243408813476562500e+02
4.276038513183593750e+02
4.259283142089843750e+02
2.959201354980468750e+02
4.427834167480468750e+02
1.080898681640625000e+03
3.763142089843750000e+02
2.024691925048828125e+02
5.114555664062500000e+02
1.091643218994140625e+02
5.062732849121093750e+02
5.353461303710937500e+02
3.531147766113281250e+02
5.881702270507812500e+02
5.543233032226562500e+02
3.745099792480468750e+02
3.183020019531250000e+02
5.857404174804687500e+02
1.979963073730468750e+02
7.053830566406250000e+02
7.707004394531250000e+02
6.110588989257812500e+02
4.372236022949218750e+02
4.594877319335937500e+02
5.016796875000000000e+02
3.491260375976562500e+02
4.196705017089843750e+02
4.601836853027343750e+02
1.722984161376953125e+02
6.372685546875000000e+02
3.778870544433593750e+02
4.741690979003906250e+02
5.261651000976562500e+02
6.320357666015625000e+02
5.965518798828125000e+02
1.151246337890625000e+02
5.580165405273437500e+02
6.582278442382812500e+02
6.274379272460937500e+02
1.293520202636718750e+02
5.200294189453125000e+02
5.642471923828125000e+02
5.173693237304687500e+02
2.433417053222656250e+02
2.290114898681640625e+02
3.818170471191406250e+02
2.794155273437500000e+02
1.112411804199218750e+02
5.385677490234375000e+02
5.004690856933593750e+02
1.655429382324218750e+02
6.788622436523437500e+02
8.013835449218750000e+02
1.544449310302734375e+02
3.675903625488281250e+02
7.357067871093750000e+02
5.649052734375000000e+02
1.637491821289062500e+03
1.974596252441406250e+02
3.661584472656250000e+02
3.567653808593750000e+02
4.047399597167968750e+02
4.183310852050781250e+02
6.176782226562500000e+02
4.670200805664062500e+02
3.263316345214843750e+02
4.677796936035156250e+02
4.485543823242187500e+02
2.265740966796875000e+02
1.828545532226562500e+02
5.294670410156250000e+02
4.541036987304687500e+02
4.450062255859375000e+02
2.060728759765625000e+02
1.588597564697265625e+02
3.323042907714843750e+02
4.476070861816406250e+02
5.710010375976562500e+02
5.303001708984375000e+02
3.093254699707031250e+02
6.880142211914062500e+02
2.191526947021484375e+02
5.681521606445312500e+02
2.758665466308593750e+02
5.907732543945312500e+02
5.317305908203125000e+02
5.535715332031250000e+02
3.956104431152343750e+02
3.478563842773437500e+02
4.937986450195312500e+02
5.906814575195312500e+02
5.782932739257812500e+02
1.575199890136718750e+02
2.226669006347656250e+02
4.722561645507812500e+02
3.068323669433593750e+02
5.966369628906250000e+02
1.733935241699218750e+02
3.643621215820312500e+02
4.667420043945312500e+02
6.862905883789062500e+02
2.445614471435546875e+02
2.550798950195312500e+02
8.866654052734375000e+02
6.620996093750000000e+02
6.279539794921875000e+02
3.359880981445312500e+02
4.113748474121093750e+02
1.679161529541015625e+02
4.477951965332031250e+02
7.296113891601562500e+02
4.057154541015625000e+02
3.076822509765625000e+02
7.265834960937500000e+02
4.169914550781250000e+02
2.662401428222656250e+02
8.003515014648437500e+02
6.654692382812500000e+02
4.322550048828125000e+02
4.953659973144531250e+02
5.424210205078125000e+02
3.124623718261718750e+02
2.289192047119140625e+02
9.368401489257812500e+02
5.202156372070312500e+02
2.068092193603515625e+02
4.125709838867187500e+02
2.520534973144531250e+02
2.234781646728515625e+02
4.982794799804687500e+02
5.844959716796875000e+02
1.641054229736328125e+02
3.169812316894531250e+02
7.889554443359375000e+02
3.688708801269531250e+02
5.243853149414062500e+02
4.610789794921875000e+02
5.118403930664062500e+02
8.178176879882812500e+02
3.483668518066406250e+02
4.905736999511718750e+02
5.682286987304687500e+02
3.236611938476562500e+02
7.549656982421875000e+02
2.013977050781250000e+02
2.467270050048828125e+02
1.676170654296875000e+02
2.268842620849609375e+02
7.423905029296875000e+02
2.761263122558593750e+02
2.816542968750000000e+02
5.043261718750000000e+02
5.388915405273437500e+02
8.060809326171875000e+02
1.075068481445312500e+03
4.806582946777343750e+02
5.723198852539062500e+02
4.846106872558593750e+02
1.563644104003906250e+02
4.784074401855468750e+02
5.986863403320312500e+02
4.510619812011718750e+02
1.573996429443359375e+02
5.327926025390625000e+02
5.640731201171875000e+02
4.610516052246093750e+02
5.741201782226562500e+02
4.450472412109375000e+02
1.507427825927734375e+02
3.869740905761718750e+02
2.593570251464843750e+02
4.181603698730468750e+02
6.224322509765625000e+02
2.384086608886718750e+02
7.126468505859375000e+02
2.869972534179687500e+02
1.531899566650390625e+02
5.265567626953125000e+02
3.007814941406250000e+02
2.777890014648437500e+02
2.522702331542968750e+02
3.877583618164062500e+02
4.047417297363281250e+02
8.558648071289062500e+02
4.161810607910156250e+02
3.223533630371093750e+02
5.683601684570312500e+02
5.969697265625000000e+02
6.626262817382812500e+02
6.731983642578125000e+02
