2.573660278320312500e+02
5.704692382812500000e+02
4.404644165039062500e+02
8.751868286132812500e+02
3.230064086914062500e+02
3.767011718750000000e+02
3.736089172363281250e+02
4.574370117187500000e+02
3.267296142578125000e+02
4.930040588378906250e+02
2.684421997070312500e+02
5.157723999023437500e+02
4.021366882324218750e+02
3.798855895996093750e+02
6.906048583984375000e+02
3.523122863769531250e+02
6.152074584960937500e+02
3.778333435058593750e+02
8.526597900390625000e+02
2.878584899902343750e+02
4.676719665527343750e+02
3.222846679687500000e+02
3.070078735351562500e+02
2.161576232910156250e+02
2.896721801757812500e+02
3.882106628417968750e+02
8.274930419921875000e+02
3.085061645507812500e+02
6.242509765625000000e+02
3.123665161132812500e+02
4.621584777832031250e+02
4.593327941894531250e+02
4.258773803710937500e+02
5.023929443359375000e+02
4.424776000976562500e+02
6.391185913085937500e+02
2.976387939453125000e+02
3.235785827636718750e+02
4.767944335937500000e+02
5.454210815429687500e+02
7.689575195312500000e+02
4.306739196777343750e+02
5.864685668945312500e+02
3.903820190429687500e+02
6.186909179687500000e+02
9.148527832031250000e+02
3.520252380371093750e+02
5.501802368164062500e+02
4.475729370117187500e+02
3.073042602539062500e+02
3.668242187500000000e+02
2.963054504394531250e+02
8.525490722656250000e+02
4.702133789062500000e+02
3.384177246093750000e+02
5.949299316406250000e+02
2.596624145507812500e+02
6.505192871093750000e+02
4.001113586425781250e+02
5.865191040039062500e+02
4.353576049804687500e+02
4.828939208984375000e+02
2.865593872070312500e+02
3.248877868652343750e+02
4.817100219726562500e+02
4.727665405273437500e+02
5.744219360351562500e+02
2.693989868164062500e+02
2.148045806884765625e+02
2.415169982910156250e+02
2.205681610107421875e+02
3.570986633300781250e+02
3.110406799316406250e+02
3.401087036132812500e+02
4.091333312988281250e+02
2.936853942871093750e+02
2.612547302246093750e+02
4.250530700683593750e+02
2.029932861328125000e+02
5.967918090820312500e+02
5.054495620727539062e+01
1.458475952148437500e+02
7.433111572265625000e+02
2.138137207031250000e+02
4.817450256347656250e+02
3.596150207519531250e+02
2.724295043945312500e+02
3.931800842285156250e+02
1.685192413330078125e+02
1.326164550781250000e+02
3.102493286132812500e+02
3.491617431640625000e+02
5.259304199218750000e+02
5.975518798828125000e+02
2.271671905517578125e+02
3.596156921386718750e+02
6.992441406250000000e+02
3.303908996582031250e+02
3.573413696289062500e+02
5.425795898437500000e+02
1.729879760742187500e+02
2.218098144531250000e+02
3.320593872070312500e+02
4.804117431640625000e+02
3.837897338867187500e+02
3.024485473632812500e+02
3.589859924316406250e+02
1.865417480468750000e+02
6.399636230468750000e+02
3.836550292968750000e+02
5.234226074218750000e+02
5.102514343261718750e+02
2.402493438720703125e+02
6.513851928710937500e+02
3.239014892578125000e+02
5.457225341796875000e+02
3.548280944824218750e+02
4.769107055664062500e+02
3.633058776855468750e+02
4.815510559082031250e+02
3.940116271972656250e+02
3.034468688964843750e+02
5.001787109375000000e+02
3.730937805175781250e+02
5.521511230468750000e+02
5.129584350585937500e+02
5.268090209960937500e+02
4.396296386718750000e+02
5.387764282226562500e+02
4.708071289062500000e+02
4.435038146972656250e+02
3.925752258300781250e+02
4.951179504394531250e+02
7.788623657226562500e+02
4.252462768554687500e+02
6.542171630859375000e+02
3.989971313476562500e+02
6.138296508789062500e+02
5.430960083007812500e+02
9.012594604492187500e+02
5.538059692382812500e+02
7.460796508789062500e+02
1.797791137695312500e+02
3.489419250488281250e+02
6.251519775390625000e+02
2.366602172851562500e+02
3.375361022949218750e+02
3.262310791015625000e+02
3.267700500488281250e+02
4.699723205566406250e+02
7.048823852539062500e+02
4.947100830078125000e+02
2.049877777099609375e+02
6.072839965820312500e+02
7.883085937500000000e+02
2.520013275146484375e+02
7.333690795898437500e+02
6.412890625000000000e+02
3.380599975585937500e+02
1.542424774169921875e+02
3.892647399902343750e+02
6.438071289062500000e+02
6.924331054687500000e+02
6.071408081054687500e+02
3.348356933593750000e+02
6.923434448242187500e+02
5.977966308593750000e+02
2.575237731933593750e+02
5.632479248046875000e+02
3.066396484375000000e+02
1.002662353515625000e+02
3.212144775390625000e+02
1.438951416015625000e+02
5.313366699218750000e+02
7.001581420898437500e+02
7.787947387695312500e+02
3.310689086914062500e+02
3.428266906738281250e+02
5.077831115722656250e+02
7.033685302734375000e+02
2.183244018554687500e+02
7.554440307617187500e+02
4.443494567871093750e+02
4.894205932617187500e+02
8.120152282714843750e+01
5.714269409179687500e+02
3.358690795898437500e+02
4.608302001953125000e+02
5.983279418945312500e+02
4.927737731933593750e+02
2.373235931396484375e+02
1.416040802001953125e+02
4.259205322265625000e+02
7.690783081054687500e+02
7.336373291015625000e+02
3.739995117187500000e+02
3.617979125976562500e+02
5.072759399414062500e+02
5.990848388671875000e+02
9.275465087890625000e+02
2.696748046875000000e+02
5.302866210937500000e+02
3.489093933105468750e+02
5.433842773437500000e+02
4.402710571289062500e+02
1.975859222412109375e+02
4.849889221191406250e+02
4.814462890625000000e+02
4.822160034179687500e+02
4.543885192871093750e+02
3.370486755371093750e+02
8.029521942138671875e+01
2.972188720703125000e+02
4.964867858886718750e+02
2.874859924316406250e+02
5.688712768554687500e+02
8.779181518554687500e+02
7.178408203125000000e+02
3.458435363769531250e+02
5.138654785156250000e+02
1.852961273193359375e+02
5.533092651367187500e+02
4.308326110839843750e+02
3.348231811523437500e+02
7.044206542968750000e+02
4.298123168945312500e+02
9.978588867187500000e+02
3.868329162597656250e+02
3.607885131835937500e+02
4.883751831054687500e+02
5.846961059570312500e+02
5.496397094726562500e+02
7.340404663085937500e+02
2.589342956542968750e+02
7.803300781250000000e+02
3.929247741699218750e+02
4.222062683105468750e+02
1.905909576416015625e+02
5.876893920898437500e+02
2.457585296630859375e+02
4.836266174316406250e+02
4.644963684082031250e+02
4.337478637695312500e+02
6.336662597656250000e+02
1.850270690917968750e+02
4.400767822265625000e+02
6.248372650146484375e+01
1.099579833984375000e+03
2.177265472412109375e+02
2.251230621337890625e+02
5.588000488281250000e+02
1.045656616210937500e+03
4.295793762207031250e+02
2.127965087890625000e+02
5.053416442871093750e+02
7.787633056640625000e+02
4.507155151367187500e+02
9.636436767578125000e+02
1.859801940917968750e+02
6.846379394531250000e+02
3.805864257812500000e+02
3.846513061523437500e+02
1.884336853027343750e+02
2.317443237304687500e+02
3.413501892089843750e+02
2.344738006591796875e+02
1.518765258789062500e+02
6.231001586914062500e+02
3.197529296875000000e+02
5.842563476562500000e+02
3.976726379394531250e+02
2.119227600097656250e+02
6.745665893554687500e+02
2.989570617675781250e+02
1.904822387695312500e+02
4.866565246582031250e+02
4.367510375976562500e+02
2.068030090332031250e+02
4.470292663574218750e+02
3.131202087402343750e+02
3.878998718261718750e+02
5.148839721679687500e+02
7.106647338867187500e+02
7.242993774414062500e+02
4.005254211425781250e+02
4.335670471191406250e+02
3.445907897949218750e+02
7.616196899414062500e+02
2.746816711425781250e+02
4.912692260742187500e+02
5.707318115234375000e+02
2.163357543945312500e+02
5.415579223632812500e+02
2.037469482421875000e+02
3.681687316894531250e+02
2.411249694824218750e+02
4.124440917968750000e+02
5.941980590820312500e+02
3.120733947753906250e+02
4.611484375000000000e+02
1.826421966552734375e+02
1.386034545898437500e+02
2.796324157714843750e+02
2.665500488281250000e+02
8.850130004882812500e+02
4.366239013671875000e+02
2.703266601562500000e+02
2.715060729980468750e+02
4.669945068359375000e+02
1.054708374023437500e+03
4.339743347167968750e+02
6.480512084960937500e+02
2.037426605224609375e+02
1.051268066406250000e+03
5.700414428710937500e+02
5.523848266601562500e+02
7.030424804687500000e+02
2.409213256835937500e+02
2.952591247558593750e+02
1.809560699462890625e+02
2.243350982666015625e+02
6.312877807617187500e+02
9.264483642578125000e+02
3.303916320800781250e+02
4.437840576171875000e+02
7.236011352539062500e+02
3.238140258789062500e+02
3.334243774414062500e+02
2.845210876464843750e+02
3.102851867675781250e+02
1.039339065551757812e+02
5.069950256347656250e+02
2.321600036621093750e+02
6.381409301757812500e+02
3.236246643066406250e+02
2.380690460205078125e+02
3.551010742187500000e+02
5.551841430664062500e+02
4.675182189941406250e+02
2.045309753417968750e+02
4.857192077636718750e+02
2.927971801757812500e+02
7.664402465820312500e+02
5.120780029296875000e+02
2.817719116210937500e+02
2.800114135742187500e+02
2.211062774658203125e+02
4.253543395996093750e+02
3.844700622558593750e+02
3.420595703125000000e+02
6.101922607421875000e+02
4.480570373535156250e+02
3.602893371582031250e+02
5.512069702148437500e+02
3.248650512695312500e+02
3.107023925781250000e+02
6.824578247070312500e+02
2.311203918457031250e+02
6.683983154296875000e+02
4.627539367675781250e+02
6.906520996093750000e+02
4.945354003906250000e+02
2.740730285644531250e+02
1.004887451171875000e+03
3.656801757812500000e+02
5.607178955078125000e+02
7.344491577148437500e+02
7.484921264648437500e+02
1.159136962890625000e+02
1.320068969726562500e+02
6.901990356445312500e+02
3.051647338867187500e+02
6.042353515625000000e+02
6.137931518554687500e+02
4.659807434082031250e+02
6.980797119140625000e+02
2.766093444824218750e+02
7.901573486328125000e+02
2.999899597167968750e+02
6.209734497070312500e+02
3.649127807617187500e+02
6.226838989257812500e+02
5.970442504882812500e+02
2.162945098876953125e+02
5.267870483398437500e+02
5.618327026367187500e+02
4.101029357910156250e+02
2.836690063476562500e+02
1.758880004882812500e+02
3.708747253417968750e+02
4.591408996582031250e+02
3.441737060546875000e+02
6.691160888671875000e+02
1.905368347167968750e+02
1.471056976318359375e+02
2.067016906738281250e+02
3.612957153320312500e+02
4.308196716308593750e+02
5.939654541015625000e+02
9.240379028320312500e+02
2.522892456054687500e+02
2.651175231933593750e+02
4.707888183593750000e+02
6.812037353515625000e+02
6.475844116210937500e+02
6.244571533203125000e+02
2.766915588378906250e+02
4.064549255371093750e+02
1.780176696777343750e+02
3.880019836425781250e+02
1.574220733642578125e+02
3.091272583007812500e+02
6.710322875976562500e+02
7.226760253906250000e+02
5.892647705078125000e+02
1.785616149902343750e+02
3.219379577636718750e+02
4.138205871582031250e+02
1.935861663818359375e+02
3.812426147460937500e+02
4.067610778808593750e+02
7.039926147460937500e+02
1.891204833984375000e+02
4.127964782714843750e+02
7.224779663085937500e+02
1.025130981445312500e+03
4.928394775390625000e+02
3.295473937988281250e+02
1.440353546142578125e+02
3.329117431640625000e+02
7.050335083007812500e+02
1.568546264648437500e+03
7.184008178710937500e+02
3.853991699218750000e+02
1.426945953369140625e+02
4.189417419433593750e+02
2.018497314453125000e+02
2.240042266845703125e+02
3.173794250488281250e+02
5.449992065429687500e+02
5.456448974609375000e+02
7.487586059570312500e+02
4.356741333007812500e+02
4.888452453613281250e+02
1.588449554443359375e+02
3.111315002441406250e+02
9.221154785156250000e+02
6.929570770263671875e+01
4.904649963378906250e+02
4.288117675781250000e+02
1.057946411132812500e+03
7.214697875976562500e+02
2.162770690917968750e+02
4.369562072753906250e+02
5.392188110351562500e+02
8.643094482421875000e+02
9.727980804443359375e+01
4.115603027343750000e+02
5.833912353515625000e+02
1.799244995117187500e+02
7.243497314453125000e+02
4.527983398437500000e+02
7.775220336914062500e+02
1.541429748535156250e+02
3.364148559570312500e+02
2.090056152343750000e+02
2.615581054687500000e+02
4.699500122070312500e+02
1.746162109375000000e+02
4.356003723144531250e+02
6.322010498046875000e+02
3.794679565429687500e+02
2.537431030273437500e+02
4.406848754882812500e+02
3.878919067382812500e+02
3.064751892089843750e+02
2.495457305908203125e+02
3.257631225585937500e+02
2.568749694824218750e+02
3.278958129882812500e+02
3.125162048339843750e+02
3.413122253417968750e+02
4.669428100585937500e+02
1.381006927490234375e+02
2.948099670410156250e+02
5.421557006835937500e+02
3.551700744628906250e+02
3.079694824218750000e+02
2.947006835937500000e+02
3.587848815917968750e+02
4.881939392089843750e+02
4.805379333496093750e+02
1.638310852050781250e+02
6.342875976562500000e+02
1.883511657714843750e+02
8.328839721679687500e+02
6.547036743164062500e+02
4.042287292480468750e+02
5.006683349609375000e+02
3.504407958984375000e+02
1.430322113037109375e+02
7.467758789062500000e+02
3.464523315429687500e+02
2.557391357421875000e+02
5.797685546875000000e+02
2.129272308349609375e+02
6.956340332031250000e+02
6.161946411132812500e+02
2.729714050292968750e+02
4.165330200195312500e+02
6.142969970703125000e+02
3.894929504394531250e+02
6.737792968750000000e+02
2.119384002685546875e+02
5.148756103515625000e+02
2.689707641601562500e+02
4.239598083496093750e+02
4.409040222167968750e+02
4.580974731445312500e+02
6.345384521484375000e+02
3.085810241699218750e+02
4.363346862792968750e+02
3.140678710937500000e+02
7.373060302734375000e+02
7.608533935546875000e+02
1.407258605957031250e+02
1.010748229980468750e+03
3.651759338378906250e+02
8.599428710937500000e+02
3.868403930664062500e+02
1.582338714599609375e+02
3.036468200683593750e+02
6.112252197265625000e+02
6.518826904296875000e+02
7.195974121093750000e+02
4.487364501953125000e+02
6.144174194335937500e+02
5.363724975585937500e+02
2.712123107910156250e+02
5.476862182617187500e+02
6.779216308593750000e+02
6.033062133789062500e+02
2.248065795898437500e+02
2.761193847656250000e+02
4.574630737304687500e+02
3.921704711914062500e+02
3.532752685546875000e+02
8.563067016601562500e+02
7.493300781250000000e+02
2.568600158691406250e+02
2.561865844726562500e+02
7.164654541015625000e+02
1.401388854980468750e+02
5.555867309570312500e+02
3.158719787597656250e+02
1.622943725585937500e+02
5.942081298828125000e+02
2.842854919433593750e+02
5.752545166015625000e+02
6.564459838867187500e+02
7.597588500976562500e+02
3.254422912597656250e+02
4.135263671875000000e+02
7.844698486328125000e+02
3.995582275390625000e+02
6.265164794921875000e+02
5.130482788085937500e+02
8.805498504638671875e+01
8.781882934570312500e+02
4.644129333496093750e+02
5.685198974609375000e+02
5.005472106933593750e+02
5.862519531250000000e+02
4.258660888671875000e+02
6.874364013671875000e+02
8.483888244628906250e+01
1.474670410156250000e+02
1.949454498291015625e+02
7.190267333984375000e+02
3.363088073730468750e+02
3.609505004882812500e+02
3.435705871582031250e+02
3.094677429199218750e+02
5.184921264648437500e+02
4.261451416015625000e+02
2.105774230957031250e+02
6.919895629882812500e+02
3.585567016601562500e+02
2.318357849121093750e+02
3.096280517578125000e+02
3.672357788085937500e+02
6.278723144531250000e+02
4.140512390136718750e+02
3.194658508300781250e+02
5.340994262695312500e+02
3.510028076171875000e+02
4.297464599609375000e+02
4.215606689453125000e+02
5.886234130859375000e+02
7.027598266601562500e+02
9.595145874023437500e+02
7.018863525390625000e+02
6.951736450195312500e+02
3.050498352050781250e+02
3.570971069335937500e+02
3.130223693847656250e+02
2.923880310058593750e+02
1.902580108642578125e+02
4.271185913085937500e+02
6.469625854492187500e+02
7.276658935546875000e+02
1.969711914062500000e+02
8.103060913085937500e+02
3.949273376464843750e+02
4.153177795410156250e+02
2.369327545166015625e+02
3.009027404785156250e+02
4.300628967285156250e+02
7.919081420898437500e+02
3.083821105957031250e+02
3.848216857910156250e+02
3.894417419433593750e+02
7.692310791015625000e+02
4.311581726074218750e+02
3.408867187500000000e+02
3.668568115234375000e+02
4.465361022949218750e+02
3.984440307617187500e+02
6.926551513671875000e+02
4.339683227539062500e+02
7.815268554687500000e+02
5.214996337890625000e+02
9.697973632812500000e+02
1.766543579101562500e+02
7.703939208984375000e+02
2.039377593994140625e+02
5.787314453125000000e+02
7.047853393554687500e+02
3.006137084960937500e+02
7.647627563476562500e+02
3.117525024414062500e+02
6.517595825195312500e+02
5.507593383789062500e+02
6.518235473632812500e+02
1.129486938476562500e+03
4.537667846679687500e+02
8.341652832031250000e+02
4.722170104980468750e+02
2.948943176269531250e+02
7.858557739257812500e+02
4.809000854492187500e+02
3.296254577636718750e+02
4.569726867675781250e+02
2.823688964843750000e+02
2.399636230468750000e+02
1.006885253906250000e+03
5.860880126953125000e+02
7.484189453125000000e+02
5.037070617675781250e+02
5.396553344726562500e+02
2.245393218994140625e+02
5.166414184570312500e+02
1.294159393310546875e+02
1.045564208984375000e+03
1.635699157714843750e+02
4.756783752441406250e+02
5.669011230468750000e+02
8.487248535156250000e+02
5.244819335937500000e+02
3.562212524414062500e+02
4.134980468750000000e+02
6.069425659179687500e+02
4.839448852539062500e+02
8.614963378906250000e+02
6.143681640625000000e+02
3.464265747070312500e+02
6.265718994140625000e+02
1.630813446044921875e+02
3.350196228027343750e+02
2.500671691894531250e+02
8.212943115234375000e+02
1.025113372802734375e+02
5.013287353515625000e+02
6.364363403320312500e+02
3.967445983886718750e+02
4.278955688476562500e+02
2.582857666015625000e+02
3.740167236328125000e+02
5.231334838867187500e+02
3.092132568359375000e+02
4.717012023925781250e+02
7.585656738281250000e+02
8.061568603515625000e+02
6.867710571289062500e+02
8.293791503906250000e+02
2.678920898437500000e+02
2.932623596191406250e+02
4.008208618164062500e+02
5.689226074218750000e+02
7.127493286132812500e+02
4.434807128906250000e+02
1.194158630371093750e+02
2.820865173339843750e+02
3.576470642089843750e+02
7.666104125976562500e+02
5.957447509765625000e+02
2.940548400878906250e+02
1.653526763916015625e+02
4.992437133789062500e+02
2.144708557128906250e+02
1.113086791992187500e+03
3.005378417968750000e+02
3.769485473632812500e+02
4.748721313476562500e+02
4.590990295410156250e+02
2.241062622070312500e+02
3.348634338378906250e+02
3.753117980957031250e+02
1.798712158203125000e+02
7.211634521484375000e+02
4.090543823242187500e+02
4.725327148437500000e+02
4.595458374023437500e+02
1.693497314453125000e+02
5.356791992187500000e+02
6.035834960937500000e+02
1.109708740234375000e+03
3.660422668457031250e+02
4.133991394042968750e+02
3.132314147949218750e+02
1.706332702636718750e+02
4.701059570312500000e+02
6.306058349609375000e+02
8.380296630859375000e+02
5.009140930175781250e+02
3.856723327636718750e+02
7.378685913085937500e+02
6.375942993164062500e+02
5.204977416992187500e+02
4.215463256835937500e+02
3.592632751464843750e+02
4.311127624511718750e+02
6.039308471679687500e+02
3.508669738769531250e+02
6.691891479492187500e+02
2.383949737548828125e+02
1.468022766113281250e+02
3.470672607421875000e+02
3.449397277832031250e+02
9.827745971679687500e+02
4.743166809082031250e+02
3.762671203613281250e+02
2.411895294189453125e+02
2.490801239013671875e+02
2.787685241699218750e+02
2.500591125488281250e+02
3.328191528320312500e+02
2.489856109619140625e+02
3.782525634765625000e+02
3.513275756835937500e+02
3.658990783691406250e+02
2.172156372070312500e+02
1.698985595703125000e+02
3.769632873535156250e+02
5.768021850585937500e+02
7.940544433593750000e+02
4.597364196777343750e+02
4.673445739746093750e+02
2.700391540527343750e+02
3.807943115234375000e+02
1.750622711181640625e+02
1.927270965576171875e+02
4.945535583496093750e+02
3.185242919921875000e+02
5.226458129882812500e+02
3.097801513671875000e+02
3.977699890136718750e+02
2.198058624267578125e+02
4.838564453125000000e+02
4.705895690917968750e+02
3.526037902832031250e+02
4.083920898437500000e+02
3.013622436523437500e+02
2.764033203125000000e+02
2.463539276123046875e+02
6.931548461914062500e+02
6.274035034179687500e+02
2.013397979736328125e+02
1.793846282958984375e+02
2.815116882324218750e+02
2.552918243408203125e+02
6.011038818359375000e+02
3.138571777343750000e+02
7.296187133789062500e+02
7.686708374023437500e+02
2.751968994140625000e+02
3.813027343750000000e+02
2.333671569824218750e+02
3.843354797363281250e+02
4.015098571777343750e+02
4.293042907714843750e+02
6.508292236328125000e+02
2.972662658691406250e+02
6.732667236328125000e+02
6.341494140625000000e+02
5.387500000000000000e+02
6.211267089843750000e+02
8.164486083984375000e+02
8.126062774658203125e+01
4.149713745117187500e+02
3.099140625000000000e+02
7.255847167968750000e+02
7.254922485351562500e+01
6.749547119140625000e+02
6.299683227539062500e+02
1.552486572265625000e+02
2.432221221923828125e+02
2.379934234619140625e+02
7.278991699218750000e+02
6.796686401367187500e+02
5.133051147460937500e+02
1.026207031250000000e+03
3.010444641113281250e+02
3.603363342285156250e+02
4.381832275390625000e+02
6.095933227539062500e+02
3.496940917968750000e+02
5.027286987304687500e+02
5.665427246093750000e+02
3.245576477050781250e+02
2.333990631103515625e+02
3.399129333496093750e+02
3.067980041503906250e+02
3.565889282226562500e+02
8.061418914794921875e+01
4.199346008300781250e+02
2.379798431396484375e+02
7.633272705078125000e+02
8.430046844482421875e+01
1.053583450317382812e+02
8.085487060546875000e+02
3.099352722167968750e+02
2.344642791748046875e+02
5.076358032226562500e+02
4.493381347656250000e+02
3.595277709960937500e+02
4.221614074707031250e+02
6.141547241210937500e+02
8.064472045898437500e+02
6.175367431640625000e+02
2.834457397460937500e+02
2.438612518310546875e+02
6.064277343750000000e+02
3.456098327636718750e+02
2.407915649414062500e+02
7.288569335937500000e+02
1.851250762939453125e+02
2.913684997558593750e+02
4.749489135742187500e+02
4.708195800781250000e+02
8.114256591796875000e+02
8.287114715576171875e+01
2.398306427001953125e+02
2.774245605468750000e+02
5.282898559570312500e+02
2.664316711425781250e+02
4.889566040039062500e+02
1.431622009277343750e+02
6.453671264648437500e+02
2.371784973144531250e+02
4.521212768554687500e+02
1.545497894287109375e+02
8.039553833007812500e+02
2.722837524414062500e+02
5.328038330078125000e+02
1.379922943115234375e+02
5.501509399414062500e+02
3.838346252441406250e+02
1.126188598632812500e+03
2.867441406250000000e+02
1.468651885986328125e+02
5.383034667968750000e+02
3.666536865234375000e+02
3.677024230957031250e+02
5.693917846679687500e+02
3.930123596191406250e+02
8.550101318359375000e+02
2.711917724609375000e+02
4.853355712890625000e+02
1.719820709228515625e+02
2.371875152587890625e+02
5.985151977539062500e+02
3.424429321289062500e+02
5.241166992187500000e+02
5.897604370117187500e+02
5.886342773437500000e+02
2.707265319824218750e+02
5.052376708984375000e+02
3.806896972656250000e+02
1.125631561279296875e+02
6.731828613281250000e+02
8.143780517578125000e+02
3.717048339843750000e+02
3.704470214843750000e+02
7.543333740234375000e+02
4.212737121582031250e+02
4.982778320312500000e+02
5.254389648437500000e+02
5.153657226562500000e+02
1.331235595703125000e+03
9.957192230224609375e+01
4.772191772460937500e+02
3.899678649902343750e+02
1.859644165039062500e+02
4.360722656250000000e+02
6.396442260742187500e+02
3.143924255371093750e+02
2.974370117187500000e+02
3.086601867675781250e+02
6.498010864257812500e+02
5.617187500000000000e+02
1.023407211303710938e+02
5.961096801757812500e+02
4.459297790527343750e+02
3.906803588867187500e+02
3.294060058593750000e+02
3.375266113281250000e+02
7.180067749023437500e+02
6.164149169921875000e+02
9.597683715820312500e+02
4.578402709960937500e+02
3.296358642578125000e+02
6.267654418945312500e+02
2.296538848876953125e+02
4.331224060058593750e+02
2.430701904296875000e+02
1.882297210693359375e+02
1.358050537109375000e+02
5.388051757812500000e+02
2.327020874023437500e+02
1.953305511474609375e+02
4.802832946777343750e+02
4.618666381835937500e+02
5.245708618164062500e+02
2.132979431152343750e+02
4.007118225097656250e+02
4.115522766113281250e+02
6.010200195312500000e+02
5.603153076171875000e+02
7.514167480468750000e+02
4.279412841796875000e+02
3.499857177734375000e+02
1.012736633300781250e+03
6.830485229492187500e+02
5.869906616210937500e+02
2.746048278808593750e+02
2.051688690185546875e+02
5.896534423828125000e+02
3.423218994140625000e+02
4.246724853515625000e+02
9.460454711914062500e+02
3.531836242675781250e+02
8.414959716796875000e+02
3.948071289062500000e+02
3.248130493164062500e+02
5.978299560546875000e+02
4.903746643066406250e+02
2.970075378417968750e+02
3.902234497070312500e+02
2.226834869384765625e+02
5.659971923828125000e+02
2.431421203613281250e+02
3.079366455078125000e+02
5.194165039062500000e+02
5.345518188476562500e+02
5.382755126953125000e+02
7.551846313476562500e+02
8.183173217773437500e+02
4.057425231933593750e+02
2.577473144531250000e+02
2.820894775390625000e+02
3.835553283691406250e+02
1.104400711059570312e+02
5.851782226562500000e+02
3.496077575683593750e+02
1.410658111572265625e+02
5.926656494140625000e+02
3.131514587402343750e+02
1.595432891845703125e+02
5.251665039062500000e+02
4.420363464355468750e+02
4.387103881835937500e+02
2.966181335449218750e+02
2.216394500732421875e+02
1.359693603515625000e+02
1.773240966796875000e+02
4.121893005371093750e+02
3.491432800292968750e+02
5.168295288085937500e+02
2.889837646484375000e+02
2.765972595214843750e+02
5.706476440429687500e+02
7.739232635498046875e+01
5.189817504882812500e+02
4.029220886230468750e+02
3.543750305175781250e+02
4.541416931152343750e+02
5.999225463867187500e+02
3.936864318847656250e+02
9.687770080566406250e+01
4.700009460449218750e+02
6.720971679687500000e+02
6.215798339843750000e+02
2.733178100585937500e+02
2.999534912109375000e+02
4.165144958496093750e+02
3.784011535644531250e+02
6.784631347656250000e+02
5.578976440429687500e+02
7.759094238281250000e+02
2.965466003417968750e+02
2.606616210937500000e+02
1.083797454833984375e+02
2.079889526367187500e+02
2.011726989746093750e+02
4.104053039550781250e+02
8.294492187500000000e+02
5.124425048828125000e+02
3.115914306640625000e+02
1.565591278076171875e+02
4.601462402343750000e+02
4.534706420898437500e+02
1.514123077392578125e+02
6.767153320312500000e+02
3.787814941406250000e+02
4.441781005859375000e+02
7.339212646484375000e+02
4.885430603027343750e+02
8.670970458984375000e+02
3.324926147460937500e+02
7.371776123046875000e+02
3.924500427246093750e+02
6.763860473632812500e+02
2.281855163574218750e+02
3.228085021972656250e+02
4.743663024902343750e+02
7.796169433593750000e+02
3.130177917480468750e+02
5.051041564941406250e+02
2.626582031250000000e+02
3.337943115234375000e+02
3.998787841796875000e+02
4.320981445312500000e+02
2.893157958984375000e+02
3.576911621093750000e+02
6.910378417968750000e+02
7.148202514648437500e+02
1.874854431152343750e+02
4.805487670898437500e+02
4.518546447753906250e+02
3.160529174804687500e+02
5.515049438476562500e+02
4.209114990234375000e+02
5.329501953125000000e+02
6.849359741210937500e+02
6.868958740234375000e+02
4.911925659179687500e+02
4.428119201660156250e+02
3.864343872070312500e+02
4.614427185058593750e+02
8.057227172851562500e+02
2.832209777832031250e+02
7.165798950195312500e+02
5.196752166748046875e+01
9.778532714843750000e+02
2.868408813476562500e+02
9.281783447265625000e+02
4.068018493652343750e+02
5.188319091796875000e+02
1.236206054687500000e+02
4.068956909179687500e+02
5.903685913085937500e+02
5.732062377929687500e+02
3.165566101074218750e+02
5.513240356445312500e+02
2.245426788330078125e+02
1.818703613281250000e+02
8.335322875976562500e+02
6.805507202148437500e+02
3.781650695800781250e+02
8.205438842773437500e+02
1.202847656250000000e+03
7.233586425781250000e+02
6.209128417968750000e+02
1.981850585937500000e+02
2.068627166748046875e+02
4.505942687988281250e+02
5.343038940429687500e+02
4.295323791503906250e+02
4.946594543457031250e+02
6.304141845703125000e+02
1.543730468750000000e+03
4.429942016601562500e+02
2.169730987548828125e+02
7.221797485351562500e+02
2.068512420654296875e+02
6.804417724609375000e+02
5.705717773437500000e+02
2.844866943359375000e+02
4.551886291503906250e+02
4.463379211425781250e+02
7.760038452148437500e+02
2.861478576660156250e+02
7.323210449218750000e+02
3.818911132812500000e+02
4.535453796386718750e+02
5.269998168945312500e+02
8.005080566406250000e+02
3.188017272949218750e+02
6.791398315429687500e+02
4.843947753906250000e+02
5.868749389648437500e+02
6.926387939453125000e+02
3.297543029785156250e+02
5.227110595703125000e+02
2.889848022460937500e+02
3.891058044433593750e+02
6.152019653320312500e+02
6.937730712890625000e+02
2.915004577636718750e+02
4.895501098632812500e+02
2.410955657958984375e+02
2.582431335449218750e+02
2.912742309570312500e+02
3.505859680175781250e+02
3.142474060058593750e+02
4.896191406250000000e+02
4.190256042480468750e+02
4.707569885253906250e+02
4.932203063964843750e+02
7.423731079101562500e+02
6.272080078125000000e+02
5.859913330078125000e+02
2.800823974609375000e+02
4.126828918457031250e+02
6.266965332031250000e+02
3.557581176757812500e+02
8.183654174804687500e+02
4.408224182128906250e+02
1.611984252929687500e+02
6.244641113281250000e+02
6.278607788085937500e+02
1.319444732666015625e+02
5.707592773437500000e+02
5.390034179687500000e+02
4.458684387207031250e+02
3.429811401367187500e+02
5.880930786132812500e+02
8.176963500976562500e+02
2.516189575195312500e+02
8.804141845703125000e+02
4.417143554687500000e+02
2.757006835937500000e+02
2.909313964843750000e+02
1.251182403564453125e+02
3.401984863281250000e+02
1.896571044921875000e+02
3.751245117187500000e+02
2.267320861816406250e+02
5.393044433593750000e+02
4.425222473144531250e+02
8.786342163085937500e+02
4.319244689941406250e+02
5.002623596191406250e+02
8.033469238281250000e+02
4.076829528808593750e+02
7.048488769531250000e+02
3.706655273437500000e+02
7.211740722656250000e+02
2.621110839843750000e+02
1.333508453369140625e+02
2.273225860595703125e+02
5.294589233398437500e+02
7.734248657226562500e+02
3.736319274902343750e+02
3.219828796386718750e+02
4.823534851074218750e+02
4.545330505371093750e+02
4.553363647460937500e+02
6.363997802734375000e+02
2.079752502441406250e+02
8.401875000000000000e+02
4.098149414062500000e+02
4.543971862792968750e+02
2.931069946289062500e+02
4.437830200195312500e+02
2.663663330078125000e+02
4.743493957519531250e+02
7.267946166992187500e+02
3.612863159179687500e+02
6.780043945312500000e+02
4.381774597167968750e+02
4.925769653320312500e+02
5.697348632812500000e+02
3.745437316894531250e+02
2.076659088134765625e+02
5.003127136230468750e+02
1.857244415283203125e+02
2.855233154296875000e+02
4.762051086425781250e+02
3.008771667480468750e+02
2.719667358398437500e+02
2.722054748535156250e+02
5.198560791015625000e+02
5.646281738281250000e+02
5.266713867187500000e+02
6.306430664062500000e+02
7.067283935546875000e+02
5.957199096679687500e+02
5.308036499023437500e+02
6.520756225585937500e+02
2.832604064941406250e+02
2.767389221191406250e+02
5.370649414062500000e+02
5.173708496093750000e+02
3.281802062988281250e+02
5.221734008789062500e+02
2.043789062500000000e+02
6.594560546875000000e+02
4.480963439941406250e+02
3.058110351562500000e+02
5.968654785156250000e+02
1.220511856079101562e+02
5.958812255859375000e+02
5.742198486328125000e+02
2.926643371582031250e+02
4.371482238769531250e+02
1.310034179687500000e+02
5.171265258789062500e+02
3.836292114257812500e+02
1.717423858642578125e+02
4.057632751464843750e+02
5.418035888671875000e+01
3.310534667968750000e+02
2.842792358398437500e+02
4.891110534667968750e+02
4.337680053710937500e+02
8.905256958007812500e+02
4.784978027343750000e+02
5.478265991210937500e+02
3.042887573242187500e+02
7.157879638671875000e+02
3.081224670410156250e+02
6.951519775390625000e+02
2.902742919921875000e+02
5.736820068359375000e+02
4.991104431152343750e+02
4.041802673339843750e+02
4.567647705078125000e+02
3.283262634277343750e+02
4.439669799804687500e+02
5.248908081054687500e+02
2.026333465576171875e+02
2.424673614501953125e+02
8.667863464355468750e+01
8.190708007812500000e+02
5.665576782226562500e+02
5.024877624511718750e+02
3.030055541992187500e+02
8.250759277343750000e+02
5.294574584960937500e+02
1.197070693969726562e+02
4.096988220214843750e+02
2.138756561279296875e+02
5.982256469726562500e+02
4.060937500000000000e+02
4.839455871582031250e+02
4.665802307128906250e+02
1.991476135253906250e+02
6.642519531250000000e+02
5.052224426269531250e+02
1.990536499023437500e+02
6.374389038085937500e+02
3.987476806640625000e+02
1.397994689941406250e+02
6.389997558593750000e+02
4.716567993164062500e+02
1.138721069335937500e+03
3.240756835937500000e+02
5.768034057617187500e+02
4.616225585937500000e+02
1.754462585449218750e+02
4.117652282714843750e+02
2.543792724609375000e+02
4.063056030273437500e+02
4.796894836425781250e+02
6.253724975585937500e+02
3.707145080566406250e+02
1.296648193359375000e+03
5.638853759765625000e+02
3.375068969726562500e+02
5.161943359375000000e+02
4.629645080566406250e+02
3.056337890625000000e+02
1.505611419677734375e+02
4.773776245117187500e+02
4.010620727539062500e+02
6.173359375000000000e+02
2.029296569824218750e+02
6.014620361328125000e+02
2.089459991455078125e+02
2.954956970214843750e+02
1.876141357421875000e+02
6.289205322265625000e+02
2.927013854980468750e+02
3.465211486816406250e+02
3.760835571289062500e+02
6.472218017578125000e+02
1.300510101318359375e+02
3.314472351074218750e+02
2.164993743896484375e+02
4.862940673828125000e+02
6.543894042968750000e+02
3.030245971679687500e+02
5.414435424804687500e+02
3.812626342773437500e+02
3.343822326660156250e+02
2.360361785888671875e+02
3.645503845214843750e+02
7.161801147460937500e+02
2.505564575195312500e+02
7.961680297851562500e+02
3.822272644042968750e+02
7.852064819335937500e+02
7.491262207031250000e+02
4.159779663085937500e+02
2.525479888916015625e+02
3.051120605468750000e+02
2.704851684570312500e+02
4.113423461914062500e+02
1.689152679443359375e+02
3.234355468750000000e+02
1.019431838989257812e+02
3.428674011230468750e+02
6.043350830078125000e+02
8.790546264648437500e+02
4.107429504394531250e+02
5.822354736328125000e+02
5.542821655273437500e+02
4.918202209472656250e+02
8.447393798828125000e+02
1.650448455810546875e+02
5.265867919921875000e+02
6.081485366821289062e+01
3.927448425292968750e+02
5.230744628906250000e+02
7.656867065429687500e+02
3.924662170410156250e+02
1.815906677246093750e+02
2.298954162597656250e+02
2.575437927246093750e+02
3.749054565429687500e+02
9.888606567382812500e+02
6.331096191406250000e+02
2.022546234130859375e+02
4.438562622070312500e+02
1.638408813476562500e+02
1.416951141357421875e+02
4.172372741699218750e+02
2.121093139648437500e+02
2.475555114746093750e+02
9.438885498046875000e+02
4.870308227539062500e+02
2.937593688964843750e+02
7.480030517578125000e+02
4.284966735839843750e+02
4.920502319335937500e+02
1.045532226562500000e+03
6.131584472656250000e+02
3.092911987304687500e+02
5.327100219726562500e+02
6.016723632812500000e+02
2.778291320800781250e+02
3.985985412597656250e+02
3.650169982910156250e+02
5.050179748535156250e+02
3.583801269531250000e+02
3.997952880859375000e+02
2.625628967285156250e+02
2.664269714355468750e+02
2.717365722656250000e+02
9.066653442382812500e+02
5.614826660156250000e+02
7.922050170898437500e+02
5.665537109375000000e+02
4.047206726074218750e+02
5.782506713867187500e+02
3.262970886230468750e+02
6.463234252929687500e+02
7.115757446289062500e+02
1.871072540283203125e+02
3.497900390625000000e+02
4.331055297851562500e+02
3.408078002929687500e+02
8.971825561523437500e+02
4.596134948730468750e+02
1.985598449707031250e+02
3.996470336914062500e+02
3.396779174804687500e+02
3.383753662109375000e+02
5.018781738281250000e+02
3.730681762695312500e+02
7.308950805664062500e+02
2.435587158203125000e+02
3.917027587890625000e+02
3.067976074218750000e+02
5.014483642578125000e+02
3.905767822265625000e+02
4.828114624023437500e+02
2.525228729248046875e+02
5.410614624023437500e+02
1.768765258789062500e+02
5.287880249023437500e+02
5.101910095214843750e+02
9.665653991699218750e+01
3.776247253417968750e+02
2.121204528808593750e+02
2.586238403320312500e+02
5.878673706054687500e+02
7.132091674804687500e+02
5.392327270507812500e+02
6.274486083984375000e+02
1.853463439941406250e+02
5.810862426757812500e+02
4.223916625976562500e+02
6.670324707031250000e+02
3.694463195800781250e+02
2.642519531250000000e+02
1.506392669677734375e+02
4.583438415527343750e+02
2.270418548583984375e+02
7.105739135742187500e+02
3.080222167968750000e+02
3.503677673339843750e+02
3.418749084472656250e+02
6.405291137695312500e+02
5.690551147460937500e+02
1.444357452392578125e+02
3.933585205078125000e+02
1.634494628906250000e+02
3.052739257812500000e+02
2.818025207519531250e+02
3.813446044921875000e+02
4.617852172851562500e+02
4.081860656738281250e+02
4.526694641113281250e+02
2.930879211425781250e+02
7.271801147460937500e+02
8.472191772460937500e+02
6.843195190429687500e+02
4.709992675781250000e+02
5.024130249023437500e+02
4.357569885253906250e+02
3.973662414550781250e+02
3.241310729980468750e+02
3.299664306640625000e+02
1.837701263427734375e+02
1.006604309082031250e+03
5.407108154296875000e+02
4.717588806152343750e+02
3.891614685058593750e+02
4.860636291503906250e+02
4.705622863769531250e+02
2.242931823730468750e+02
1.886483612060546875e+02
5.016896972656250000e+02
2.751154785156250000e+02
8.564218750000000000e+02
3.405177612304687500e+02
4.269039306640625000e+02
2.132849121093750000e+02
6.585735473632812500e+02
2.288265075683593750e+02
1.194817016601562500e+03
3.779079895019531250e+02
3.266941833496093750e+02
5.968366088867187500e+02
3.468053283691406250e+02
2.724887695312500000e+02
5.858784179687500000e+02
5.423880004882812500e+02
3.468010559082031250e+02
3.062466735839843750e+02
6.975716552734375000e+02
6.594984741210937500e+02
7.394112548828125000e+02
6.124793701171875000e+02
1.544289245605468750e+02
4.787803039550781250e+02
1.514715576171875000e+02
3.806026916503906250e+02
3.638611755371093750e+02
6.031533813476562500e+02
4.906635131835937500e+02
7.227126464843750000e+02
2.212824554443359375e+02
3.926805725097656250e+02
3.444081420898437500e+02
3.975685424804687500e+02
1.922168731689453125e+02
5.283895263671875000e+02
3.048216552734375000e+02
3.872649841308593750e+02
2.745138854980468750e+02
4.724471130371093750e+02
3.496096496582031250e+02
4.902675170898437500e+02
8.429108276367187500e+02
3.782896118164062500e+02
2.646030883789062500e+02
1.163623046875000000e+02
1.486961975097656250e+02
6.729138793945312500e+02
8.368613891601562500e+02
5.704873657226562500e+02
1.407995147705078125e+02
4.809087524414062500e+02
6.300527954101562500e+02
2.523624725341796875e+02
4.068499755859375000e+02
3.612739257812500000e+02
6.203404541015625000e+02
9.271497192382812500e+02
2.540697631835937500e+02
4.390780334472656250e+02
1.074181030273437500e+03
2.282424774169921875e+02
6.538903808593750000e+02
2.826737365722656250e+02
2.954567565917968750e+02
5.432885742187500000e+02
4.812931518554687500e+02
6.547722167968750000e+02
5.071966552734375000e+02
6.868288574218750000e+02
3.916134948730468750e+02
3.474495239257812500e+02
5.172810058593750000e+02
2.877900085449218750e+02
2.015010986328125000e+02
5.113770141601562500e+02
4.459405822753906250e+02
4.948079528808593750e+02
3.580974121093750000e+02
8.271384277343750000e+02
5.044841308593750000e+02
3.793452758789062500e+02
8.872547607421875000e+02
4.958634948730468750e+02
5.972737426757812500e+02
8.046430664062500000e+02
6.230285644531250000e+02
7.449886474609375000e+02
1.687672119140625000e+02
2.834682922363281250e+02
5.492305297851562500e+02
4.092565612792968750e+02
7.700199127197265625e+01
2.321067047119140625e+02
6.586760253906250000e+02
2.104969177246093750e+02
6.271857299804687500e+02
3.722222290039062500e+02
7.527908935546875000e+02
2.833908386230468750e+02
9.880366821289062500e+02
2.420955505371093750e+02
1.650335540771484375e+02
9.322456665039062500e+02
1.353762817382812500e+02
3.822411193847656250e+02
9.141180419921875000e+02
2.694650878906250000e+02
5.166586303710937500e+02
6.919392089843750000e+02
5.152077026367187500e+02
2.991332092285156250e+02
2.675991821289062500e+02
2.896578674316406250e+02
2.772928161621093750e+02
9.210664062500000000e+02
6.654450073242187500e+02
3.552305297851562500e+02
1.891263732910156250e+02
1.982970123291015625e+02
3.793409729003906250e+02
8.019953002929687500e+02
5.224132080078125000e+02
3.976155090332031250e+02
5.647081298828125000e+02
3.158334960937500000e+02
4.667991943359375000e+02
3.987502746582031250e+02
4.193035583496093750e+02
2.091390228271484375e+02
9.667012939453125000e+02
2.296984100341796875e+02
7.053177490234375000e+02
1.838931884765625000e+02
1.037824096679687500e+03
5.481031494140625000e+02
8.911088867187500000e+02
5.976758422851562500e+02
7.378277587890625000e+02
5.291196899414062500e+02
5.360658569335937500e+02
3.562904663085937500e+02
4.466613769531250000e+02
2.413866882324218750e+02
2.685867919921875000e+02
3.912327270507812500e+02
1.159729309082031250e+02
1.076268066406250000e+03
5.361709594726562500e+02
8.048243408203125000e+02
2.652479248046875000e+02
5.108948669433593750e+02
5.091785583496093750e+02
2.210582122802734375e+02
1.065126113891601562e+02
2.622419738769531250e+02
3.238512878417968750e+02
3.742386169433593750e+02
2.838345947265625000e+02
6.995827026367187500e+02
1.252996337890625000e+03
2.422653045654296875e+02
3.720711364746093750e+02
3.984267578125000000e+02
6.890712890625000000e+02
3.193112487792968750e+02
8.184099121093750000e+02
5.923607788085937500e+02
1.346112213134765625e+02
6.937596435546875000e+02
2.755900878906250000e+02
4.099077758789062500e+02
5.550562133789062500e+02
4.906819763183593750e+02
3.268720397949218750e+02
4.757773132324218750e+02
2.254064941406250000e+02
1.705166168212890625e+02
3.345671997070312500e+02
1.112796249389648438e+02
2.303598480224609375e+02
6.405887451171875000e+02
4.825534973144531250e+02
6.193381347656250000e+02
1.105710083007812500e+03
3.736698913574218750e+02
6.949042358398437500e+02
2.927865905761718750e+02
6.307077026367187500e+02
7.141535034179687500e+02
3.953037719726562500e+02
6.821990356445312500e+02
3.216293640136718750e+02
5.340580444335937500e+02
3.996170959472656250e+02
1.844630737304687500e+02
4.635682373046875000e+02
6.226934814453125000e+02
4.191424865722656250e+02
8.580590820312500000e+02
4.415756225585937500e+02
5.559736328125000000e+02
7.086663818359375000e+02
6.384296875000000000e+02
2.711781311035156250e+02
5.529965820312500000e+02
6.134486694335937500e+02
1.720914764404296875e+02
5.142294921875000000e+02
1.908595275878906250e+02
3.335487060546875000e+02
6.897518920898437500e+02
4.581667480468750000e+02
4.607873840332031250e+02
4.275249328613281250e+02
1.456520233154296875e+02
8.113943481445312500e+02
3.186318054199218750e+02
3.267757873535156250e+02
4.130615539550781250e+02
3.680437622070312500e+02
2.669110717773437500e+02
1.838640747070312500e+02
3.388623962402343750e+02
2.786812133789062500e+02
1.678475494384765625e+02
4.425314331054687500e+02
4.485136413574218750e+02
3.458522644042968750e+02
7.557324218750000000e+02
8.186329956054687500e+02
3.485547180175781250e+02
8.947542724609375000e+02
4.794977416992187500e+02
4.855500183105468750e+02
6.136824340820312500e+02
3.999078979492187500e+02
5.672122802734375000e+02
4.845349426269531250e+02
9.374201049804687500e+02
3.750239868164062500e+02
5.427672729492187500e+02
3.144936523437500000e+02
7.052691040039062500e+02
5.116841430664062500e+02
4.161241760253906250e+02
6.929002075195312500e+02
2.931990966796875000e+02
6.249525756835937500e+02
6.434105224609375000e+02
7.656383666992187500e+02
5.843214111328125000e+02
4.928318481445312500e+02
1.179557571411132812e+02
3.184095458984375000e+02
3.356457824707031250e+02
3.575181274414062500e+02
6.169656372070312500e+02
5.096430969238281250e+02
3.803538818359375000e+02
6.440222167968750000e+02
3.492866516113281250e+02
3.719206542968750000e+02
8.393527832031250000e+02
6.682227172851562500e+02
1.326309661865234375e+02
2.066074676513671875e+02
4.096589355468750000e+02
3.788025207519531250e+02
6.269490356445312500e+02
5.719606323242187500e+02
5.734489746093750000e+02
4.007367858886718750e+02
4.691004943847656250e+02
5.620271606445312500e+02
2.629750671386718750e+02
1.066918106079101562e+02
4.212443847656250000e+02
4.006272277832031250e+02
2.104283905029296875e+02
1.499695434570312500e+02
7.142146606445312500e+02
3.593292541503906250e+02
3.565983276367187500e+02
5.596297607421875000e+02
3.708766784667968750e+02
5.699193725585937500e+02
6.565113525390625000e+02
9.990957641601562500e+01
5.060850830078125000e+02
2.810920715332031250e+02
2.390912933349609375e+02
4.676869506835937500e+02
4.343840332031250000e+02
6.192557373046875000e+02
4.179565124511718750e+02
1.006258056640625000e+03
3.445011291503906250e+02
2.137232513427734375e+02
5.656126098632812500e+02
5.225936889648437500e+02
2.586244506835937500e+02
3.818519287109375000e+02
3.524638366699218750e+02
1.914639129638671875e+02
3.726352539062500000e+02
5.886027221679687500e+02
1.264336090087890625e+02
3.277214355468750000e+02
5.754973144531250000e+02
6.796401977539062500e+02
4.506429138183593750e+02
2.871408386230468750e+02
6.497349243164062500e+02
3.783572387695312500e+02
3.421459655761718750e+02
3.039079284667968750e+02
3.677175598144531250e+02
3.879664916992187500e+02
8.808374786376953125e+01
5.561798095703125000e+02
2.979154357910156250e+02
8.072953491210937500e+02
6.542859497070312500e+02
3.152438659667968750e+02
4.867164001464843750e+02
3.797947998046875000e+02
4.797139892578125000e+02
2.680985107421875000e+02
2.154163055419921875e+02
6.792921142578125000e+02
6.277864379882812500e+02
2.812876892089843750e+02
2.955744018554687500e+02
5.621930541992187500e+02
1.400762023925781250e+02
5.312686157226562500e+02
4.149208984375000000e+02
6.052111206054687500e+02
7.427791748046875000e+02
2.918741149902343750e+02
4.580417785644531250e+02
3.580389709472656250e+02
6.974184417724609375e+01
5.651621093750000000e+02
2.538300628662109375e+02
3.492727661132812500e+02
6.734742736816406250e+01
1.206824264526367188e+02
7.310069580078125000e+02
5.498236083984375000e+02
1.172759857177734375e+02
2.120255432128906250e+02
4.693713073730468750e+02
2.881568908691406250e+02
2.579258117675781250e+02
1.379341888427734375e+02
4.964567871093750000e+02
5.286892700195312500e+02
6.082990722656250000e+02
2.253958435058593750e+02
2.276909484863281250e+02
8.105392456054687500e+02
3.691678771972656250e+02
2.787853393554687500e+02
4.279765625000000000e+02
9.401654663085937500e+02
5.591409301757812500e+02
4.494115600585937500e+02
3.986741943359375000e+02
3.693735351562500000e+02
6.540431518554687500e+02
2.218193054199218750e+02
1.383566131591796875e+02
2.356233367919921875e+02
5.984115600585937500e+02
2.845300598144531250e+02
4.501332092285156250e+02
5.509430541992187500e+02
4.798471374511718750e+02
1.118795013427734375e+02
8.051923828125000000e+02
5.792716064453125000e+02
6.014880371093750000e+02
7.204837036132812500e+02
5.866282958984375000e+02
7.418310546875000000e+02
3.679862060546875000e+02
3.213670959472656250e+02
5.050132751464843750e+02
4.333295593261718750e+02
3.178783264160156250e+02
4.416231689453125000e+02
2.663987121582031250e+02
7.367560424804687500e+02
5.859759521484375000e+02
5.876950073242187500e+02
3.180182189941406250e+02
5.118269348144531250e+02
2.159286346435546875e+02
6.166074829101562500e+02
3.281830139160156250e+02
5.253001708984375000e+02
9.130910644531250000e+02
7.772191772460937500e+02
1.909137115478515625e+02
7.197217407226562500e+02
3.687889404296875000e+02
8.910363769531250000e+02
5.742415771484375000e+02
7.834426116943359375e+01
3.129281921386718750e+02
4.369243469238281250e+02
3.200933532714843750e+02
4.108843078613281250e+02
1.911580047607421875e+02
5.025712280273437500e+02
2.527813873291015625e+02
5.936593627929687500e+02
7.289008789062500000e+02
3.763503112792968750e+02
2.721349182128906250e+02
4.222683410644531250e+02
2.699091491699218750e+02
6.971875610351562500e+02
4.591549682617187500e+02
3.036551208496093750e+02
6.199801635742187500e+02
2.197857055664062500e+02
3.508728027343750000e+02
8.714276885986328125e+01
3.103266296386718750e+02
1.609987640380859375e+02
4.066939086914062500e+02
6.047753906250000000e+02
3.288980102539062500e+02
3.855263671875000000e+02
5.617713623046875000e+02
8.223494720458984375e+01
4.464779663085937500e+02
1.051035278320312500e+03
6.707529296875000000e+02
6.705651245117187500e+02
3.225312194824218750e+02
4.437380676269531250e+02
3.559896545410156250e+02
3.866101074218750000e+02
1.857357025146484375e+02
2.790798645019531250e+02
3.700904541015625000e+02
5.704556884765625000e+02
9.905213623046875000e+02
5.724041748046875000e+02
3.961543579101562500e+02
5.243177490234375000e+02
2.099923248291015625e+02
2.094772949218750000e+02
3.737831420898437500e+02
7.862310180664062500e+02
5.064504394531250000e+02
4.744923095703125000e+02
6.785422973632812500e+02
6.467961425781250000e+02
5.043212890625000000e+02
5.059902343750000000e+02
4.682322998046875000e+02
4.185425720214843750e+02
3.002723388671875000e+02
5.570182495117187500e+02
7.319728088378906250e+01
7.858447875976562500e+02
3.142348937988281250e+02
4.504997863769531250e+02
8.262551269531250000e+02
1.043003921508789062e+02
4.227347412109375000e+02
4.631941833496093750e+02
4.828404541015625000e+02
1.120792602539062500e+03
5.752416992187500000e+02
4.618188171386718750e+02
7.626297607421875000e+02
7.599739379882812500e+02
5.444293823242187500e+02
4.529024353027343750e+02
6.153768920898437500e+02
2.318155975341796875e+02
5.249942016601562500e+02
4.840353698730468750e+02
2.313995819091796875e+02
2.796024780273437500e+02
3.131333618164062500e+02
4.429436950683593750e+02
3.801213989257812500e+02
6.160665283203125000e+02
1.757981109619140625e+02
4.332169494628906250e+02
4.276682739257812500e+02
5.850809936523437500e+02
2.162596435546875000e+02
5.230439453125000000e+02
5.540291748046875000e+02
3.274772949218750000e+02
5.075239562988281250e+02
4.011968078613281250e+02
5.302814331054687500e+02
3.786440734863281250e+02
5.706937255859375000e+02
6.087746582031250000e+02
2.618042907714843750e+02
1.092929077148437500e+03
2.329872436523437500e+02
4.676517028808593750e+02
4.655632934570312500e+02
7.114962768554687500e+02
6.180436401367187500e+02
3.023614807128906250e+02
4.693510437011718750e+02
2.579776306152343750e+02
3.115122375488281250e+02
3.528712158203125000e+02
4.253377990722656250e+02
3.693066711425781250e+02
3.746204833984375000e+02
2.517477569580078125e+02
7.060416259765625000e+02
5.247344360351562500e+02
4.486081542968750000e+02
6.423951416015625000e+02
3.366328125000000000e+02
5.753894653320312500e+02
1.715898132324218750e+02
1.165788040161132812e+02
3.044089965820312500e+02
2.105991058349609375e+02
2.009214172363281250e+02
2.004930572509765625e+02
5.857565307617187500e+02
2.384557189941406250e+02
5.633137817382812500e+02
5.249133911132812500e+02
5.087364807128906250e+02
2.167764587402343750e+02
4.505510559082031250e+02
2.925628356933593750e+02
3.343444824218750000e+02
4.670360107421875000e+02
7.692975463867187500e+02
3.102753295898437500e+02
5.585326538085937500e+02
3.567554016113281250e+02
3.434264526367187500e+02
4.045719604492187500e+02
2.243036193847656250e+02
4.012283706665039062e+01
4.201517639160156250e+02
3.919469299316406250e+02
4.158450622558593750e+02
5.190474853515625000e+02
4.866697082519531250e+02
4.495869750976562500e+02
3.804143676757812500e+02
8.771643676757812500e+02
8.136925048828125000e+02
5.901447143554687500e+02
7.413417968750000000e+02
3.720871582031250000e+02
3.230422363281250000e+02
6.078427124023437500e+02
2.597828369140625000e+02
3.184846801757812500e+02
7.204929809570312500e+02
5.647434692382812500e+02
6.945143432617187500e+02
3.362934570312500000e+02
3.215209655761718750e+02
5.268145141601562500e+02
7.643070068359375000e+02
5.895126342773437500e+02
1.850690917968750000e+02
3.864660949707031250e+02
6.757460327148437500e+02
1.983621978759765625e+02
1.190796356201171875e+02
4.585901184082031250e+02
1.308058471679687500e+02
2.271794128417968750e+02
4.795300903320312500e+02
4.941743774414062500e+02
8.573837890625000000e+02
3.964463195800781250e+02
3.585290527343750000e+02
8.744533691406250000e+02
8.365855102539062500e+02
2.661863708496093750e+02
5.424096679687500000e+02
2.759585876464843750e+02
4.818649291992187500e+02
8.965861206054687500e+02
3.340939331054687500e+02
3.702701721191406250e+02
3.126933288574218750e+02
1.031856079101562500e+03
6.375433349609375000e+02
4.017698669433593750e+02
3.752554626464843750e+02
8.575205688476562500e+02
5.889287109375000000e+02
6.757107543945312500e+02
4.688851623535156250e+02
5.839496459960937500e+02
2.459724426269531250e+02
4.126179504394531250e+02
4.306864929199218750e+02
3.119973144531250000e+02
5.297872314453125000e+02
3.556653442382812500e+02
5.245017089843750000e+02
2.532627868652343750e+02
4.988957824707031250e+02
1.039372558593750000e+03
3.003610229492187500e+02
8.402402954101562500e+02
7.439441528320312500e+02
3.476557922363281250e+02
5.267630615234375000e+02
6.277943115234375000e+02
4.496508483886718750e+02
2.434416809082031250e+02
3.278425598144531250e+02
3.877055358886718750e+02
2.892680053710937500e+02
4.378577880859375000e+02
3.829866943359375000e+02
2.673082580566406250e+02
1.412529296875000000e+02
1.592411193847656250e+02
4.343336181640625000e+02
2.981932678222656250e+02
6.290961303710937500e+02
3.276061096191406250e+02
1.379501037597656250e+02
4.974762268066406250e+02
5.817232666015625000e+02
2.436289520263671875e+02
2.962413024902343750e+02
8.775769653320312500e+02
7.290578613281250000e+02
1.838212890625000000e+02
5.074308166503906250e+02
2.621539306640625000e+02
3.215978393554687500e+02
2.170127258300781250e+02
3.107198181152343750e+02
3.816459960937500000e+02
3.793995361328125000e+02
3.906101074218750000e+02
3.683267822265625000e+02
1.736562347412109375e+02
3.876777954101562500e+02
7.748052368164062500e+02
3.949318847656250000e+02
7.552059936523437500e+02
2.185753021240234375e+02
3.374253234863281250e+02
5.018256225585937500e+02
3.056986389160156250e+02
1.222569213867187500e+03
2.709824523925781250e+02
5.058013305664062500e+02
4.828037414550781250e+02
6.574207763671875000e+02
8.711561279296875000e+02
5.184137573242187500e+02
3.975327148437500000e+02
5.331892700195312500e+02
7.637193603515625000e+02
8.586012573242187500e+02
3.252795104980468750e+02
2.880319519042968750e+02
5.129744873046875000e+02
3.865671081542968750e+02
2.979775695800781250e+02
1.782989959716796875e+02
4.494633178710937500e+02
7.139414672851562500e+02
8.089299316406250000e+02
5.688539428710937500e+02
1.327927246093750000e+03
3.398623046875000000e+02
3.034832153320312500e+02
3.877619628906250000e+02
4.218228149414062500e+02
3.495525207519531250e+02
5.480716552734375000e+02
3.238127441406250000e+02
4.770049438476562500e+02
7.148499755859375000e+02
1.830856781005859375e+02
6.623211669921875000e+02
1.829469451904296875e+02
2.145965118408203125e+02
2.007190856933593750e+02
2.709378356933593750e+02
7.616838378906250000e+02
3.557902832031250000e+02
5.088953247070312500e+02
3.976107482910156250e+02
9.298322753906250000e+02
2.500172424316406250e+02
6.867301635742187500e+02
4.061152954101562500e+02
4.900312194824218750e+02
6.581812744140625000e+02
5.688185424804687500e+02
4.486263122558593750e+02
2.717166748046875000e+02
4.415392761230468750e+02
4.464186706542968750e+02
4.468581542968750000e+02
4.977118835449218750e+02
4.316794738769531250e+02
2.376698455810546875e+02
6.004468994140625000e+02
6.658189697265625000e+02
5.693945922851562500e+02
3.803561706542968750e+02
3.480771484375000000e+02
3.917509765625000000e+02
6.999806518554687500e+02
5.886022338867187500e+02
5.552036743164062500e+02
3.531118774414062500e+02
4.170115661621093750e+02
8.032431640625000000e+02
2.769559936523437500e+02
4.113698425292968750e+02
4.058661499023437500e+02
5.829269409179687500e+02
3.470229797363281250e+02
3.410670166015625000e+02
2.106092834472656250e+02
5.641052246093750000e+02
2.126862182617187500e+02
3.481051940917968750e+02
2.428042297363281250e+02
9.703020629882812500e+02
2.329421691894531250e+02
3.938589782714843750e+02
5.568243408203125000e+02
3.093515319824218750e+02
2.915244750976562500e+02
3.301669006347656250e+02
7.522991333007812500e+02
9.435703277587890625e+01
2.670828247070312500e+02
4.136337890625000000e+02
4.407259216308593750e+02
4.472427978515625000e+02
1.944045410156250000e+02
3.244434509277343750e+02
7.270859375000000000e+02
3.642818603515625000e+02
4.609056396484375000e+02
3.501839599609375000e+02
3.458550720214843750e+02
2.835876464843750000e+02
4.804154052734375000e+02
6.344497680664062500e+02
5.723773803710937500e+02
7.472513427734375000e+02
3.979332885742187500e+02
4.258617858886718750e+02
3.487287902832031250e+02
1.566487121582031250e+02
4.548694152832031250e+02
3.931387023925781250e+02
5.558561401367187500e+02
4.358029479980468750e+02
5.248623657226562500e+02
1.951970367431640625e+02
3.690689392089843750e+02
2.127755432128906250e+02
5.160197753906250000e+02
6.267124023437500000e+02
3.514233703613281250e+02
4.780995178222656250e+02
2.761801757812500000e+02
1.312604522705078125e+02
8.758914794921875000e+02
3.467996826171875000e+02
5.370789184570312500e+02
5.926229248046875000e+02
3.425226135253906250e+02
8.445129394531250000e+02
2.366611175537109375e+02
5.225093994140625000e+02
3.727060546875000000e+02
3.414395141601562500e+02
4.951838684082031250e+02
3.040123291015625000e+02
1.651721191406250000e+02
4.351041870117187500e+02
1.255474853515625000e+02
4.247583923339843750e+02
6.106501464843750000e+02
3.348053283691406250e+02
6.846868286132812500e+02
2.673303833007812500e+02
1.624595642089843750e+02
2.730070800781250000e+02
5.583344116210937500e+02
2.808977966308593750e+02
6.231828002929687500e+02
4.040365600585937500e+02
5.864789428710937500e+02
6.487871704101562500e+02
4.389817504882812500e+02
5.530297241210937500e+02
2.865510864257812500e+02
2.038717956542968750e+02
1.844903411865234375e+02
3.318996887207031250e+02
5.321887207031250000e+02
3.786368713378906250e+02
1.791645202636718750e+02
3.231843261718750000e+02
2.168226470947265625e+02
3.103930358886718750e+02
1.724156951904296875e+02
7.635865478515625000e+02
7.468786010742187500e+02
1.398221740722656250e+02
3.819364013671875000e+02
6.839726562500000000e+02
1.554203186035156250e+02
4.394520874023437500e+02
6.389373168945312500e+02
2.212614593505859375e+02
1.295189056396484375e+02
4.830013122558593750e+02
2.243844604492187500e+02
4.174997558593750000e+02
4.808367004394531250e+02
3.602998962402343750e+02
2.900410156250000000e+02
4.215560302734375000e+02
3.706945800781250000e+02
1.409414916992187500e+03
6.665404663085937500e+02
5.146430664062500000e+02
2.138753356933593750e+02
2.698527832031250000e+02
6.012684936523437500e+02
7.121832275390625000e+02
1.108902893066406250e+02
5.053053283691406250e+02
3.674046325683593750e+02
4.680245361328125000e+02
3.033684082031250000e+02
2.708408813476562500e+02
2.756870727539062500e+02
4.633635864257812500e+02
5.282587890625000000e+02
5.840633544921875000e+02
9.290607299804687500e+02
3.387670288085937500e+02
4.515906982421875000e+02
2.686078491210937500e+02
3.459360961914062500e+02
5.693384399414062500e+02
4.828496704101562500e+02
4.364382629394531250e+02
4.894411315917968750e+02
3.393198852539062500e+02
4.226893310546875000e+02
4.417808837890625000e+02
8.118610229492187500e+02
1.195813751220703125e+02
4.409482727050781250e+02
4.509867858886718750e+02
3.726423645019531250e+02
7.269672851562500000e+02
8.309053344726562500e+02
3.147783813476562500e+02
3.142961730957031250e+02
4.063468017578125000e+02
1.600774841308593750e+02
3.034755554199218750e+02
3.282628479003906250e+02
9.522666931152343750e+01
1.868681793212890625e+02
4.589376220703125000e+02
3.516843261718750000e+02
9.682797851562500000e+02
4.134890747070312500e+02
4.556954956054687500e+02
3.628033142089843750e+02
4.868446350097656250e+02
7.380545043945312500e+02
3.304738464355468750e+02
3.904311218261718750e+02
3.438101501464843750e+02
3.298833923339843750e+02
6.762745361328125000e+02
3.424195556640625000e+02
8.510167236328125000e+02
4.897573547363281250e+02
5.160692138671875000e+02
3.565957946777343750e+02
1.564919433593750000e+02
5.233974838256835938e+01
1.013688842773437500e+03
3.621548156738281250e+02
3.304806518554687500e+02
4.727077026367187500e+02
6.509025878906250000e+02
7.000547485351562500e+02
4.668344726562500000e+02
4.019519653320312500e+02
6.950033569335937500e+02
5.488009643554687500e+02
4.392724914550781250e+02
3.235368957519531250e+02
5.623244628906250000e+02
5.410634765625000000e+02
1.135000915527343750e+02
4.375305175781250000e+02
4.075568542480468750e+02
6.240150146484375000e+02
4.290509948730468750e+02
1.216627120971679688e+02
2.639895629882812500e+02
3.191116638183593750e+02
6.235528564453125000e+02
3.011078796386718750e+02
7.560487670898437500e+02
2.201852722167968750e+02
2.925504760742187500e+02
6.102538452148437500e+02
9.432252807617187500e+02
2.706933593750000000e+02
5.886432495117187500e+02
2.744709777832031250e+02
6.967528076171875000e+02
5.474506225585937500e+02
6.281955566406250000e+02
2.912202758789062500e+02
5.170443725585937500e+02
3.272194519042968750e+02
3.254470825195312500e+02
2.294244232177734375e+02
6.810070190429687500e+02
8.832162475585937500e+01
9.816190795898437500e+02
7.110643920898437500e+02
6.382705688476562500e+02
3.466805114746093750e+02
3.400400085449218750e+02
5.408785400390625000e+02
2.123065795898437500e+02
3.284465026855468750e+02
3.633464050292968750e+02
6.897007446289062500e+02
6.557666625976562500e+02
3.038894348144531250e+02
2.841909484863281250e+02
5.701442871093750000e+02
2.189907531738281250e+02
1.376307830810546875e+02
4.499196472167968750e+02
4.791174316406250000e+02
2.558543548583984375e+02
2.369658508300781250e+02
3.626416015625000000e+02
2.831710510253906250e+02
3.713954772949218750e+02
4.171425781250000000e+02
4.564344787597656250e+02
4.434154052734375000e+02
4.534703063964843750e+02
4.764264526367187500e+02
1.009987792968750000e+03
3.649914855957031250e+02
5.720883789062500000e+02
8.081199340820312500e+02
3.063929443359375000e+02
3.247564086914062500e+02
4.407375183105468750e+02
5.560192260742187500e+02
2.445220642089843750e+02
5.625043334960937500e+02
3.609007263183593750e+02
8.645757446289062500e+02
1.665929870605468750e+02
3.556002197265625000e+02
6.444945678710937500e+02
4.166737670898437500e+02
3.154950256347656250e+02
2.961388244628906250e+02
2.497371826171875000e+02
3.822199096679687500e+02
2.268095703125000000e+02
7.528217163085937500e+02
3.790010070800781250e+02
5.817976684570312500e+02
4.460792541503906250e+02
4.300114440917968750e+02
4.924974365234375000e+02
6.425819702148437500e+02
4.677859497070312500e+02
4.322542724609375000e+02
4.639529113769531250e+02
2.943003540039062500e+02
5.086946105957031250e+02
3.309762878417968750e+02
3.266692199707031250e+02
3.536977539062500000e+02
5.590797119140625000e+02
4.878045654296875000e+02
2.451874694824218750e+02
2.560326232910156250e+02
3.897633972167968750e+02
7.007653808593750000e+02
5.576578369140625000e+02
6.344677734375000000e+02
2.367223968505859375e+02
3.581821899414062500e+02
2.875517883300781250e+02
6.993844604492187500e+02
5.015194091796875000e+02
1.047051879882812500e+03
4.417626342773437500e+02
5.904765625000000000e+02
4.378822021484375000e+02
2.476603088378906250e+02
2.956941223144531250e+02
2.378525543212890625e+02
3.901605834960937500e+02
7.483510131835937500e+02
3.762339172363281250e+02
5.017873840332031250e+02
2.455553283691406250e+02
4.508971862792968750e+02
2.530667419433593750e+02
1.533063507080078125e+02
4.785991210937500000e+02
2.536911773681640625e+02
3.266203308105468750e+02
5.063004150390625000e+02
4.217347412109375000e+02
6.243805541992187500e+02
1.181793518066406250e+02
1.474101562500000000e+02
4.141794128417968750e+02
6.029122314453125000e+02
3.673753051757812500e+02
2.410929718017578125e+02
3.375049133300781250e+02
6.662485961914062500e+02
4.463020019531250000e+02
5.750439453125000000e+02
6.369625854492187500e+02
6.933003540039062500e+02
2.288063354492187500e+02
3.570539245605468750e+02
1.012649612426757812e+02
7.674531860351562500e+02
5.482808227539062500e+02
3.509532470703125000e+02
3.116199951171875000e+02
6.115376586914062500e+02
2.946135253906250000e+02
3.466863098144531250e+02
2.904258117675781250e+02
7.761940917968750000e+02
4.768360900878906250e+02
7.807748413085937500e+02
3.289805603027343750e+02
4.207944335937500000e+02
1.489829254150390625e+02
4.058598632812500000e+02
4.792652893066406250e+02
2.132488098144531250e+02
7.903358154296875000e+02
4.217836914062500000e+02
3.235741577148437500e+02
5.405031127929687500e+02
3.573352355957031250e+02
9.888370361328125000e+02
5.063187866210937500e+02
4.409355773925781250e+02
2.729158935546875000e+02
6.385729370117187500e+02
7.446752929687500000e+01
7.929962158203125000e+02
7.252166137695312500e+02
4.875049743652343750e+02
8.748476562500000000e+02
8.087305297851562500e+02
3.672785339355468750e+02
7.809493408203125000e+02
9.221452026367187500e+02
3.222330627441406250e+02
4.195285949707031250e+02
8.127252197265625000e+02
4.628958435058593750e+02
5.399970092773437500e+02
7.587176513671875000e+02
2.551933746337890625e+02
3.999827880859375000e+02
4.862764587402343750e+02
3.110411071777343750e+02
3.596770019531250000e+02
4.730525817871093750e+02
3.165986938476562500e+02
1.562661132812500000e+02
4.015933837890625000e+02
3.035920104980468750e+02
6.281076049804687500e+02
1.999205169677734375e+02
2.773252258300781250e+02
2.245232696533203125e+02
5.151561889648437500e+02
2.355115966796875000e+02
1.473114257812500000e+03
2.590404968261718750e+02
4.436252136230468750e+02
1.157200439453125000e+03
7.503310546875000000e+02
5.874889526367187500e+02
3.582981872558593750e+02
4.273233337402343750e+02
6.341516723632812500e+02
7.061784667968750000e+02
3.244747314453125000e+02
6.126549682617187500e+02
2.569279479980468750e+02
5.898890991210937500e+02
7.857416992187500000e+02
4.416642761230468750e+02
5.738414916992187500e+02
2.954376831054687500e+02
5.319769897460937500e+02
5.117454223632812500e+02
3.274194946289062500e+02
3.519812316894531250e+02
3.922358093261718750e+02
4.842031555175781250e+02
8.349871215820312500e+02
3.889726562500000000e+02
4.224890136718750000e+02
2.391493072509765625e+02
6.573637084960937500e+02
1.911168823242187500e+02
2.532797546386718750e+02
3.487171020507812500e+02
3.785407714843750000e+02
3.486014404296875000e+02
2.888686523437500000e+02
7.363099365234375000e+02
2.957506103515625000e+02
1.734064025878906250e+02
6.015229492187500000e+02
2.716306457519531250e+02
4.646641540527343750e+02
4.912739868164062500e+02
1.956828460693359375e+02
3.517312622070312500e+02
6.051420288085937500e+02
3.557107238769531250e+02
1.176494140625000000e+03
2.674794616699218750e+02
3.709977416992187500e+02
3.063661193847656250e+02
4.301655273437500000e+02
3.242741394042968750e+02
3.158044128417968750e+02
8.112843017578125000e+02
4.895939941406250000e+02
9.683264160156250000e+02
2.738257141113281250e+02
2.199429931640625000e+02
3.792062988281250000e+02
6.897717285156250000e+02
6.126100463867187500e+02
5.547647705078125000e+02
3.841418762207031250e+02
7.571032714843750000e+02
5.139982299804687500e+02
1.760185089111328125e+02
8.343638916015625000e+02
6.559567260742187500e+02
3.193596191406250000e+02
4.338634338378906250e+02
6.417139892578125000e+02
7.765128784179687500e+02
3.215872497558593750e+02
2.447028350830078125e+02
4.297309265136718750e+02
1.528853912353515625e+02
1.399774932861328125e+02
4.146527099609375000e+02
3.074101562500000000e+02
7.593050537109375000e+02
2.611683959960937500e+02
2.606646118164062500e+02
1.255470947265625000e+03
1.478049011230468750e+02
2.271384429931640625e+02
3.568755493164062500e+02
8.653050537109375000e+02
3.685495300292968750e+02
1.920731353759765625e+02
4.663033752441406250e+02
7.366958618164062500e+02
6.187627563476562500e+02
5.168884277343750000e+02
2.021141204833984375e+02
3.737861328125000000e+02
3.519454956054687500e+02
3.949860839843750000e+02
5.831009521484375000e+02
3.389959106445312500e+02
3.926789245605468750e+02
1.911980285644531250e+02
5.084892272949218750e+02
2.702661132812500000e+02
3.463884277343750000e+02
3.620481262207031250e+02
7.868955078125000000e+02
4.160106201171875000e+02
3.154504699707031250e+02
5.106493225097656250e+02
5.268898925781250000e+02
8.245749664306640625e+01
4.254500122070312500e+02
9.537066650390625000e+02
6.735729370117187500e+02
4.137390441894531250e+02
3.886250610351562500e+02
5.135006713867187500e+02
2.273638610839843750e+02
3.947909240722656250e+02
3.032595214843750000e+02
1.705025482177734375e+02
4.767550354003906250e+02
2.439769134521484375e+02
1.960490417480468750e+02
7.571094970703125000e+02
4.447347106933593750e+02
5.895609741210937500e+02
6.660824584960937500e+02
3.845319519042968750e+02
1.156309432983398438e+02
4.774165954589843750e+02
5.818292236328125000e+02
5.154588623046875000e+02
5.767821044921875000e+02
4.105833740234375000e+02
4.234871520996093750e+02
2.988354187011718750e+02
2.970471801757812500e+02
2.823258361816406250e+02
6.131730346679687500e+02
4.768746643066406250e+02
5.164493408203125000e+02
4.086402893066406250e+02
4.046032104492187500e+02
8.236603393554687500e+02
4.494116210937500000e+02
2.703279418945312500e+02
4.544670104980468750e+02
3.644346923828125000e+02
3.160563964843750000e+02
4.195810241699218750e+02
4.685308532714843750e+02
2.891369018554687500e+02
1.399204864501953125e+02
7.014767456054687500e+02
5.342994995117187500e+02
3.361526794433593750e+02
3.834593200683593750e+02
4.933778991699218750e+02
3.641283264160156250e+02
5.046827697753906250e+02
5.471643066406250000e+02
1.789726562500000000e+02
5.728917236328125000e+02
6.017310180664062500e+02
3.693287963867187500e+02
8.715598144531250000e+02
5.098219604492187500e+02
4.483940429687500000e+02
2.451872100830078125e+02
2.468811798095703125e+02
5.583450927734375000e+02
6.873163452148437500e+02
3.947153930664062500e+02
3.927582092285156250e+02
4.069471740722656250e+02
3.679700927734375000e+02
1.471869964599609375e+02
4.163179016113281250e+02
4.024406127929687500e+02
7.916762542724609375e+01
7.192023925781250000e+02
3.085926513671875000e+02
3.243251647949218750e+02
1.578782958984375000e+02
3.555458679199218750e+02
2.508101043701171875e+02
2.197171936035156250e+02
6.187938232421875000e+02
2.123407897949218750e+02
9.749921264648437500e+02
2.098649139404296875e+02
5.300587158203125000e+02
2.530030059814453125e+02
5.130482177734375000e+02
4.211712036132812500e+02
4.091032409667968750e+02
6.947124023437500000e+02
1.320369415283203125e+02
4.034979858398437500e+02
4.421956176757812500e+02
4.711907043457031250e+02
2.137284088134765625e+02
2.941484375000000000e+02
3.545144348144531250e+02
6.023173217773437500e+02
5.298927001953125000e+02
4.298623962402343750e+02
4.766466369628906250e+02
1.648109130859375000e+02
5.070575332641601562e+01
6.728834228515625000e+02
4.109935607910156250e+02
6.255811767578125000e+02
3.508455200195312500e+02
6.277478637695312500e+02
5.139243164062500000e+02
2.658606872558593750e+02
7.921373901367187500e+02
3.286692810058593750e+02
6.209467773437500000e+02
1.299330902099609375e+02
6.040563964843750000e+02
1.182528610229492188e+02
3.814450378417968750e+02
4.520663146972656250e+02
2.021690063476562500e+02
1.030405883789062500e+03
2.353435058593750000e+02
3.449263610839843750e+02
2.838709411621093750e+02
4.454574279785156250e+02
5.063327331542968750e+02
3.267202758789062500e+02
2.750903320312500000e+02
8.402688598632812500e+02
6.285971069335937500e+02
2.961238708496093750e+02
2.723579711914062500e+02
4.923869934082031250e+02
5.092363891601562500e+02
2.161429443359375000e+02
6.690235137939453125e+01
5.412312622070312500e+02
3.190915527343750000e+02
6.028777465820312500e+02
4.739076232910156250e+02
3.899451293945312500e+02
7.174009399414062500e+02
4.359040527343750000e+02
1.414302215576171875e+02
3.112709655761718750e+02
4.406648559570312500e+02
3.333976745605468750e+02
6.404333496093750000e+02
2.251186370849609375e+02
6.083389282226562500e+02
8.468712768554687500e+02
4.062908020019531250e+02
4.651266784667968750e+02
5.102217712402343750e+02
3.085003662109375000e+02
2.698233642578125000e+02
4.479449157714843750e+02
4.641774291992187500e+02
2.803477478027343750e+02
4.778463134765625000e+02
8.321719970703125000e+02
5.019630737304687500e+02
3.217044982910156250e+02
6.284645996093750000e+02
7.456115112304687500e+02
5.932836303710937500e+02
5.184113159179687500e+02
9.594652099609375000e+02
5.601268310546875000e+02
4.085670776367187500e+02
3.404559020996093750e+02
1.868290710449218750e+02
3.153489685058593750e+02
3.511542663574218750e+02
9.189961242675781250e+01
6.806961669921875000e+02
4.166606750488281250e+02
1.835754394531250000e+02
5.042920837402343750e+02
2.963719482421875000e+02
6.631547241210937500e+02
6.172873535156250000e+02
2.650580139160156250e+02
4.542046813964843750e+02
3.728165893554687500e+02
6.494682006835937500e+02
4.263964538574218750e+02
1.248806533813476562e+02
7.762449951171875000e+02
4.132080383300781250e+02
1.061607177734375000e+03
3.323825683593750000e+02
3.526838073730468750e+02
3.231933288574218750e+02
4.498706665039062500e+02
2.606227111816406250e+02
4.233832702636718750e+02
5.728272705078125000e+02
3.569897155761718750e+02
8.291230468750000000e+02
4.945318908691406250e+02
1.577045593261718750e+02
6.224857177734375000e+02
9.541840820312500000e+02
4.319287414550781250e+02
7.095888671875000000e+02
8.580021362304687500e+02
2.520336303710937500e+02
6.648440551757812500e+02
6.287913208007812500e+02
5.933171997070312500e+02
2.984508972167968750e+02
4.547855529785156250e+02
6.124876098632812500e+02
4.104707946777343750e+02
2.712948303222656250e+02
5.364806518554687500e+02
4.927374572753906250e+02
9.095460815429687500e+02
4.144102783203125000e+02
6.674773559570312500e+02
7.419982910156250000e+02
5.841742553710937500e+02
4.127484436035156250e+02
4.871280822753906250e+02
2.408379974365234375e+02
3.457895202636718750e+02
5.905111083984375000e+02
3.281208190917968750e+02
5.313464965820312500e+02
8.458749389648437500e+02
3.065025939941406250e+02
3.508876342773437500e+02
6.175852050781250000e+02
5.540978393554687500e+02
3.592214050292968750e+02
6.371589355468750000e+02
5.826286010742187500e+02
3.470431823730468750e+02
4.931045532226562500e+02
5.667344360351562500e+02
5.498543090820312500e+02
1.649612579345703125e+02
4.559827880859375000e+02
2.732979431152343750e+02
3.796428527832031250e+02
9.455104980468750000e+02
5.166610717773437500e+02
2.517407531738281250e+02
5.306065063476562500e+02
4.397572326660156250e+02
2.951722717285156250e+02
3.106410217285156250e+02
5.837986450195312500e+02
4.761955566406250000e+02
3.029579467773437500e+02
4.218186035156250000e+02
6.275420532226562500e+02
4.007901916503906250e+02
2.560750732421875000e+02
2.990949707031250000e+02
2.212222442626953125e+02
3.286137084960937500e+02
1.683585510253906250e+02
3.953789978027343750e+02
4.689929809570312500e+02
1.379301147460937500e+02
4.514411315917968750e+02
4.140739440917968750e+02
1.620654296875000000e+02
2.761557006835937500e+02
2.019990844726562500e+02
2.549693145751953125e+02
4.584725952148437500e+02
6.975773315429687500e+02
3.348111877441406250e+02
4.447272033691406250e+02
1.036656372070312500e+03
4.750172119140625000e+02
5.686828002929687500e+02
5.929080200195312500e+02
7.648855590820312500e+02
3.549707641601562500e+02
9.403671875000000000e+02
5.773225097656250000e+02
4.069532165527343750e+02
2.548010101318359375e+02
2.438928527832031250e+02
6.867225341796875000e+02
5.328708496093750000e+02
5.778398437500000000e+02
4.705625915527343750e+02
4.417256774902343750e+02
3.445437316894531250e+02
4.957426757812500000e+02
6.486301879882812500e+02
4.791777038574218750e+02
9.780803833007812500e+02
3.224410095214843750e+02
4.203904113769531250e+02
5.008215026855468750e+02
4.445815429687500000e+02
3.693313293457031250e+02
2.744490051269531250e+02
6.107860717773437500e+02
2.129857330322265625e+02
4.181171264648437500e+02
2.942400817871093750e+02
7.765168457031250000e+02
2.340032653808593750e+02
5.471174926757812500e+02
2.826490478515625000e+02
6.759487915039062500e+02
2.667973022460937500e+02
4.783619079589843750e+02
3.946725463867187500e+02
1.225871582031250000e+03
4.281139831542968750e+02
4.439915466308593750e+02
1.336276550292968750e+02
5.953871459960937500e+02
1.660935058593750000e+02
3.563497314453125000e+02
9.152167968750000000e+02
4.156047058105468750e+02
7.358529663085937500e+02
5.778969116210937500e+02
4.144373779296875000e+02
6.094729003906250000e+02
2.636393127441406250e+02
3.374045104980468750e+02
8.053749389648437500e+02
4.150909118652343750e+02
3.605665588378906250e+02
7.405730590820312500e+02
3.868641052246093750e+02
5.550509643554687500e+02
2.854835510253906250e+02
5.243008422851562500e+02
4.726213684082031250e+02
4.772745895385742188e+01
2.781002502441406250e+02
4.592503356933593750e+02
6.320717163085937500e+02
2.818312683105468750e+02
4.503642578125000000e+02
2.125585632324218750e+02
4.511256408691406250e+02
5.496430053710937500e+02
2.142224884033203125e+02
7.386532592773437500e+02
3.812915344238281250e+02
2.893317260742187500e+02
2.277101135253906250e+02
4.784165344238281250e+02
4.378356018066406250e+02
1.134550292968750000e+03
2.500168762207031250e+02
3.716102294921875000e+02
5.382406005859375000e+02
3.094589843750000000e+02
3.677153320312500000e+02
8.064622192382812500e+02
3.455638427734375000e+02
9.300783691406250000e+02
2.268712158203125000e+02
2.174231567382812500e+02
9.611116790771484375e+01
4.351745300292968750e+02
2.692283935546875000e+02
5.390281982421875000e+02
7.531411743164062500e+02
5.432252807617187500e+02
5.374764404296875000e+02
4.150568847656250000e+02
2.691073608398437500e+02
3.577292480468750000e+02
4.626006164550781250e+02
4.850594177246093750e+02
9.961447753906250000e+02
3.240840454101562500e+02
5.387120361328125000e+02
2.049078369140625000e+02
2.400721282958984375e+02
2.085465850830078125e+02
5.881375732421875000e+02
4.405597839355468750e+02
7.100689086914062500e+02
4.315960998535156250e+02
3.824173889160156250e+02
2.678703613281250000e+02
2.169528198242187500e+02
1.141376708984375000e+03
7.492129516601562500e+02
2.223471527099609375e+02
2.963164978027343750e+02
2.867955932617187500e+02
3.445263366699218750e+02
3.213120727539062500e+02
3.229121398925781250e+02
4.956619567871093750e+02
5.596786499023437500e+02
4.691109008789062500e+02
1.630608062744140625e+02
6.252401123046875000e+02
3.466592102050781250e+02
5.115172729492187500e+02
5.504910278320312500e+02
2.840918579101562500e+02
2.256395568847656250e+02
3.796137695312500000e+02
6.790084228515625000e+02
3.104433288574218750e+02
3.817362060546875000e+02
1.912559204101562500e+02
6.282453613281250000e+02
4.291768798828125000e+02
2.950083923339843750e+02
7.391964111328125000e+02
1.768471221923828125e+02
5.983671264648437500e+02
5.542683105468750000e+02
1.794577484130859375e+02
2.254972991943359375e+02
5.403565673828125000e+02
3.784932250976562500e+02
3.188130798339843750e+02
4.871886901855468750e+02
7.944913330078125000e+02
3.994624023437500000e+02
6.647034912109375000e+02
5.705438232421875000e+02
5.415576171875000000e+02
2.931076354980468750e+02
6.516137084960937500e+02
3.307475891113281250e+02
4.390100097656250000e+02
6.674356079101562500e+02
3.941141357421875000e+02
4.944274597167968750e+02
6.201047973632812500e+02
5.645612792968750000e+02
5.633806762695312500e+02
6.585163116455078125e+01
1.895324249267578125e+02
5.183091430664062500e+02
7.166306762695312500e+02
3.362499694824218750e+02
4.270812377929687500e+02
3.644469604492187500e+02
6.206703491210937500e+02
8.266642456054687500e+02
7.518772583007812500e+02
9.115774536132812500e+02
3.175473327636718750e+02
2.906075744628906250e+02
1.683609924316406250e+02
5.080019836425781250e+02
8.235856933593750000e+02
9.029627685546875000e+02
1.385755462646484375e+02
6.379964599609375000e+02
3.802612915039062500e+02
5.254443359375000000e+02
1.524244384765625000e+02
8.671210327148437500e+02
4.192873535156250000e+02
4.510473327636718750e+02
2.696201477050781250e+02
2.954584655761718750e+02
1.008906311035156250e+03
1.298569183349609375e+02
1.466364898681640625e+02
3.421643981933593750e+02
1.458039550781250000e+03
4.637240295410156250e+02
3.613146362304687500e+02
3.045761108398437500e+02
4.773468627929687500e+02
4.410108642578125000e+02
5.483991088867187500e+02
3.984339904785156250e+02
1.940655975341796875e+02
2.234546051025390625e+02
9.464055786132812500e+02
4.161093750000000000e+02
7.872668457031250000e+02
3.167475891113281250e+02
2.894903259277343750e+02
3.445144653320312500e+02
5.782814331054687500e+02
7.133749389648437500e+02
4.263394470214843750e+02
3.114426879882812500e+02
6.343763427734375000e+02
5.105843505859375000e+02
3.534780273437500000e+02
2.471808624267578125e+02
2.236252136230468750e+02
7.781327514648437500e+02
1.272627105712890625e+02
2.970123596191406250e+02
1.810605621337890625e+02
3.315252990722656250e+02
3.654791870117187500e+02
2.287641754150390625e+02
1.963273620605468750e+02
4.215605468750000000e+02
2.223253173828125000e+02
4.861489868164062500e+02
3.647673339843750000e+02
1.605480651855468750e+02
6.445249023437500000e+02
3.553433532714843750e+02
6.120441894531250000e+02
9.126366577148437500e+02
2.584395141601562500e+02
7.970144042968750000e+02
4.524845275878906250e+02
1.823451995849609375e+02
5.135859985351562500e+02
6.070170898437500000e+02
2.127220458984375000e+02
3.069317016601562500e+02
5.068427124023437500e+02
2.351591644287109375e+02
5.711851806640625000e+02
3.673101806640625000e+02
1.120983764648437500e+03
4.293193054199218750e+02
3.590585021972656250e+02
9.221679687500000000e+02
7.090062866210937500e+02
7.973811340332031250e+01
1.602566223144531250e+02
4.394514465332031250e+02
4.032674865722656250e+02
3.720687255859375000e+02
2.795025024414062500e+02
3.810539550781250000e+02
3.852111816406250000e+02
5.860148315429687500e+02
3.359672241210937500e+02
5.556345825195312500e+02
8.086030273437500000e+02
5.620611572265625000e+02
3.953547058105468750e+02
4.759681396484375000e+02
6.221432495117187500e+02
5.126357421875000000e+02
1.075658493041992188e+02
2.350859222412109375e+02
4.033643798828125000e+02
1.502727813720703125e+02
4.508072204589843750e+02
2.371369171142578125e+02
6.188904418945312500e+02
2.955257873535156250e+02
5.882362670898437500e+02
6.624773559570312500e+02
4.444082031250000000e+02
4.839309692382812500e+02
4.766925659179687500e+02
3.214543762207031250e+02
4.706885375976562500e+02
3.432242431640625000e+02
3.244020385742187500e+02
5.315415039062500000e+02
4.001950683593750000e+02
3.640505065917968750e+02
3.677509155273437500e+02
3.288692932128906250e+02
5.478021240234375000e+02
2.420090942382812500e+02
2.729801635742187500e+02
1.795485534667968750e+02
5.892500000000000000e+02
3.856020812988281250e+02
7.013649902343750000e+02
6.015648803710937500e+02
5.995026855468750000e+02
4.886794738769531250e+02
2.707386474609375000e+02
3.622086181640625000e+02
4.900086975097656250e+02
2.067466888427734375e+02
4.529080200195312500e+02
1.465070495605468750e+02
7.729844970703125000e+02
5.596692504882812500e+02
