5.278007750000000442e+02
3.629743700000000217e+02
3.658618839999999750e+02
3.677448259999999891e+02
2.382149990000000059e+02
4.857597180000000208e+02
2.502947550000000092e+02
3.923505989999999883e+02
1.821047920000000033e+02
2.522012310000000070e+02
2.872431439999999725e+02
4.442983259999999746e+02
5.504797129999999470e+02
5.295066540000000259e+02
2.047494749999999897e+02
3.176117499999999723e+02
2.717985390000000052e+02
2.711575389999999857e+02
5.607080130000000509e+02
4.803308589999999754e+02
2.655829459999999926e+02
5.562893030000000181e+02
4.619689220000000205e+02
2.705556520000000091e+02
2.420724730000000022e+02
3.580742989999999963e+02
4.738470980000000168e+02
9.063926060000000007e+02
3.574967689999999720e+02
5.002423340000000280e+02
1.718507690000000139e+02
2.585941680000000247e+02
3.859581339999999727e+02
3.162166849999999840e+02
4.710773209999999835e+02
5.100764360000000011e+02
5.914119650000000092e+02
2.115340909999999894e+02
3.657020790000000261e+02
6.094901589999999487e+02
5.923719720000000279e+02
5.783488260000000309e+02
1.574778640000000109e+02
2.151236609999999985e+02
4.238871679999999742e+02
2.207377360000000124e+02
1.895619660000000124e+02
7.368197499999999422e+01
4.197831919999999855e+02
4.711387899999999718e+02
4.300337559999999826e+02
7.085320809999999483e+02
2.169051000000000045e+02
4.081578220000000101e+02
1.856787290000000041e+02
2.361791890000000080e+02
4.317725229999999783e+02
3.621139420000000086e+02
2.063219850000000122e+02
6.494108740000000353e+02
2.724547999999999774e+02
6.523576460000000452e+02
2.963076459999999770e+02
4.392077360000000112e+02
4.092467340000000036e+02
2.691446419999999762e+02
3.686275729999999839e+02
1.071790770000000066e+02
5.327432019999999966e+02
5.788113660000000209e+02
2.528121549999999900e+02
5.538697329999999965e+02
4.028331069999999841e+02
3.021596650000000182e+02
8.938595980000000054e+02
3.287966349999999807e+02
4.038001090000000204e+02
5.452363679999999704e+02
5.152443570000000364e+02
5.736792450000000372e+02
4.774304910000000177e+02
4.787894769999999767e+02
3.087532239999999888e+02
4.376487379999999803e+02
3.571949720000000070e+02
2.295379409999999893e+02
9.954815000000000680e+01
3.051473139999999944e+02
2.376546800000000133e+02
4.357263490000000274e+02
1.212675590000000057e+02
5.732407319999999800e+02
3.872147969999999759e+02
1.944307469999999967e+02
8.460034590000000208e+02
7.622462570000000142e+02
3.587118609999999990e+02
2.605848639999999818e+02
3.374896979999999758e+02
4.299906780000000026e+02
3.766547560000000203e+02
4.924020740000000274e+02
5.010646090000000186e+02
2.965017889999999738e+02
5.173760059999999612e+02
9.627612200000000087e+01
4.749109809999999925e+02
3.959609130000000050e+02
2.059091270000000122e+02
2.237216410000000053e+02
4.175972679999999855e+02
4.969858150000000023e+02
2.283389659999999992e+02
4.977953299999999786e+02
3.352004220000000032e+02
3.226493720000000280e+02
2.239639720000000125e+02
3.634872280000000160e+02
1.284782060000000001e+02
1.610759290000000021e+02
6.312332239999999501e+02
6.169995249999999487e+02
4.224738459999999804e+02
3.934896949999999833e+02
4.065035720000000197e+02
5.950566069999999854e+02
7.642190999999999690e+01
5.460952569999999469e+02
2.718732780000000275e+02
2.089857379999999978e+02
6.707046139999999923e+02
4.535238130000000183e+02
3.541941529999999716e+02
1.454786499999999876e+02
2.624236290000000054e+02
5.649058820000000196e+02
5.735375450000000228e+02
1.700619360000000029e+02
3.330636620000000221e+02
3.080909310000000119e+02
3.331234509999999887e+02
3.869924970000000144e+02
2.956976760000000013e+02
1.742307509999999979e+02
2.298217150000000117e+02
3.934135029999999915e+02
2.551318469999999934e+02
3.264217259999999783e+02
2.682854300000000194e+02
3.581343880000000013e+02
1.900075469999999882e+02
4.290907040000000165e+02
2.587886179999999854e+02
8.490869099999999889e+02
2.657915960000000268e+02
5.013317789999999832e+02
6.716088069999999561e+02
2.260030950000000018e+02
4.584966900000000010e+02
2.297978479999999877e+02
3.532682090000000130e+02
1.840738210000000095e+02
1.559315569999999980e+02
2.275797169999999880e+02
2.394493449999999939e+02
6.984231989999999541e+02
8.093549060000000281e+02
2.688427980000000161e+02
5.731478280000000041e+02
5.061074659999999881e+02
3.286999369999999772e+02
4.423078029999999785e+02
3.678780980000000227e+02
2.626262980000000198e+02
4.087621300000000133e+02
4.007175260000000208e+02
2.883604730000000131e+02
1.732396310000000028e+02
2.938602740000000040e+02
2.572658559999999852e+02
3.123094980000000191e+02
6.519006660000000011e+02
2.657206140000000119e+02
5.877596700000000283e+02
1.828731310000000008e+02
4.462337269999999876e+02
4.261303930000000264e+02
2.796723519999999894e+02
7.807360979999999699e+02
2.010048180000000002e+02
2.807158309999999801e+02
1.028413649999999961e+02
3.260751660000000243e+02
3.029002679999999827e+02
3.290678019999999719e+02
3.856028820000000223e+02
5.555237939999999526e+02
3.132001900000000205e+02
3.790286709999999744e+02
3.621942389999999818e+02
2.872484249999999975e+02
4.745807540000000131e+02
4.006507889999999747e+02
4.275354239999999777e+02
4.523132069999999771e+02
6.039321410000000014e+02
1.861914779999999894e+02
1.982272350000000074e+02
2.344349039999999889e+02
6.123600830000000315e+02
4.670102049999999849e+02
4.456907979999999725e+02
5.486747129999999970e+02
1.655248320000000035e+02
4.956876560000000040e+02
5.096799320000000080e+02
1.870923209999999983e+02
5.704877539999999954e+02
4.766466449999999782e+02
1.880218969999999956e+02
3.466895710000000008e+02
1.037415560000000028e+02
3.599481289999999944e+02
4.226014159999999720e+02
3.043727519999999913e+02
4.066269009999999753e+02
4.332353929999999878e+02
5.427667109999999866e+02
6.843974600000000237e+02
3.056045179999999846e+02
3.619715489999999818e+02
2.744857160000000249e+02
3.194140279999999734e+02
3.181834089999999833e+02
5.444582080000000133e+02
3.948021699999999896e+02
1.706031299999999931e+02
1.231733490000000018e+02
4.098727190000000178e+02
5.401941719999999805e+02
2.939165560000000141e+02
1.692957969999999932e+02
7.381724840000000540e+02
4.599726210000000037e+02
5.966118370000000368e+02
2.688502290000000130e+02
7.060544039999999768e+02
2.626465929999999958e+02
7.163189670000000433e+02
6.740877410000000509e+02
3.916234910000000013e+02
1.601368469999999888e+02
1.943683249999999987e+02
2.640916700000000219e+02
3.679616579999999999e+02
4.718249139999999784e+02
2.985094110000000001e+02
6.532293160000000398e+02
6.466458020000000033e+02
8.852614099999999553e+01
2.849822189999999864e+02
2.896436499999999796e+02
2.682442560000000071e+02
6.225416669999999613e+02
2.585403059999999869e+02
1.829910120000000120e+02
4.633716830000000186e+02
3.392585770000000025e+02
2.938640419999999835e+02
4.386367240000000152e+02
3.551710400000000050e+02
2.172211369999999988e+02
3.724483989999999949e+02
1.567936479999999904e+02
4.083090609999999856e+02
6.603953579999999874e+02
2.704443190000000072e+02
3.405804689999999937e+02
2.190659740000000113e+02
2.222553699999999992e+02
4.418544140000000198e+02
3.404475219999999922e+02
2.528642179999999939e+02
2.617053960000000075e+02
3.390157740000000217e+02
3.691131679999999733e+02
2.933294950000000085e+02
3.640022839999999746e+02
7.125436160000000427e+02
2.361412950000000137e+02
3.283736069999999927e+02
6.756727939999999535e+02
2.434239599999999939e+02
3.913031270000000177e+02
5.038506439999999884e+02
2.243862159999999903e+02
3.623066900000000032e+02
1.891528920000000085e+02
2.838951549999999884e+02
7.731193220000000110e+02
8.670326099999999769e+01
1.442873679999999865e+02
5.393930319999999483e+02
3.122970720000000142e+02
4.828714909999999918e+02
4.223990830000000187e+02
1.965306659999999965e+02
2.510860059999999976e+02
3.547335120000000188e+02
6.160508439999999837e+02
3.579488499999999931e+02
3.384516479999999774e+02
4.172457499999999868e+02
6.871513300000000299e+02
3.117602780000000280e+02
2.176376840000000072e+02
5.762217199999999906e+01
7.240211659999999938e+02
1.668433799999999962e+02
4.145071629999999914e+02
4.089717400000000112e+02
5.872895439999999780e+02
5.676237539999999626e+02
5.741969729999999572e+02
1.878810339999999997e+02
4.256455209999999738e+02
3.880085910000000240e+02
2.311098069999999893e+02
2.624155719999999974e+02
2.266918320000000051e+02
3.757155490000000100e+02
5.429269570000000158e+02
4.292103609999999776e+02
2.744732900000000200e+02
2.941321409999999901e+02
1.840416679999999872e+02
1.576979599999999948e+02
3.520255629999999769e+02
4.972795429999999897e+02
3.092968539999999962e+02
5.643177160000000185e+02
3.686290329999999926e+02
3.290943659999999795e+02
2.010398040000000037e+02
4.639894939999999792e+02
3.988463060000000269e+02
2.375541680000000042e+02
4.792028849999999807e+02
5.574631419999999480e+02
3.337773760000000038e+02
9.353134599999999921e+01
4.106639920000000075e+02
2.970978109999999788e+02
1.344525260000000060e+02
1.415308249999999930e+02
4.284784779999999955e+02
4.561397820000000252e+02
3.945982420000000275e+02
4.569621300000000019e+02
3.253700180000000159e+02
5.181973349999999527e+02
4.158148719999999798e+02
3.360738870000000134e+02
3.203151879999999778e+02
2.142171779999999899e+02
3.670821040000000153e+02
6.837603259999999636e+02
4.248727600000000280e+02
3.436167550000000119e+02
4.253775969999999802e+02
6.423462729999999965e+02
3.599845579999999927e+02
3.836550359999999955e+02
1.277126140000000021e+02
3.103076050000000237e+02
6.175345210000000407e+02
2.467515290000000050e+02
6.260322640000000547e+02
4.398032590000000255e+02
2.277127030000000047e+02
1.869281540000000064e+02
4.578643500000000017e+02
1.833050259999999980e+02
2.887438470000000166e+02
4.073911929999999870e+02
3.027153650000000198e+02
2.864827119999999923e+02
3.782152189999999905e+02
6.093262660000000324e+02
2.916777490000000057e+02
6.805611709999999448e+02
1.714818300000000022e+02
6.351535519999999906e+02
3.303805839999999989e+02
1.489412020000000041e+02
2.367930949999999939e+02
2.384134750000000054e+02
3.808827699999999936e+02
3.632134619999999927e+02
6.268682549999999765e+02
1.911513850000000048e+02
3.716532889999999725e+02
3.202511289999999917e+02
2.000448039999999992e+02
2.565383190000000013e+02
5.910295569999999543e+02
2.686356999999999857e+02
4.975633750000000077e+02
1.815720799999999997e+02
1.007366669999999971e+02
2.205787190000000066e+02
5.105826299999999947e+02
1.560804430000000025e+02
4.447504200000000196e+02
4.567093209999999885e+02
2.200114550000000122e+02
4.032517920000000231e+02
3.992907079999999951e+02
4.060098320000000172e+02
2.044787220000000048e+02
6.885387439999999515e+02
1.739309629999999913e+02
2.703241019999999821e+02
2.904918049999999994e+02
7.095839999999999463e+02
3.896550750000000107e+02
2.181079679999999996e+02
5.100618460000000027e+02
4.765414329999999836e+02
3.849782529999999952e+02
1.780121000000000038e+02
2.052534019999999941e+02
3.415458909999999833e+02
2.294226930000000095e+02
6.932608960000000025e+02
3.201705230000000029e+02
1.464169109999999989e+02
2.248268590000000131e+02
5.964620330000000195e+02
3.578407490000000166e+02
2.750083559999999920e+02
5.674923330000000306e+02
1.267286469999999952e+02
4.905396870000000149e+02
2.332077800000000138e+02
4.697466499999999883e+02
5.966190199999999777e+01
3.073951959999999985e+02
1.587149430000000052e+02
4.166305849999999964e+02
4.793414629999999761e+02
3.284319949999999722e+02
3.568144179999999892e+02
3.903246930000000248e+02
5.914807510000000548e+02
4.656509419999999864e+02
4.523394040000000018e+02
4.960183040000000005e+02
1.990335399999999879e+02
1.036730009999999993e+02
4.236387720000000172e+02
2.172253690000000006e+02
5.283378249999999525e+02
3.166467139999999745e+02
3.420235270000000014e+02
3.545036600000000249e+02
3.121828340000000139e+02
3.708884570000000167e+02
2.502929579999999987e+02
5.762453839999999445e+02
5.269477679999999964e+02
2.476839789999999937e+02
3.875774789999999825e+02
1.675622309999999970e+02
3.733829979999999864e+02
2.854650990000000093e+02
3.647836449999999786e+02
4.838536639999999807e+02
2.395350899999999967e+02
2.363512969999999882e+02
4.229188510000000178e+02
4.592873650000000225e+02
3.696552770000000123e+02
2.594288579999999911e+02
1.822865799999999865e+02
2.173974790000000041e+02
4.041121899999999982e+02
3.090715470000000096e+02
2.607307359999999790e+02
4.668556889999999839e+02
1.884103819999999985e+02
3.516695560000000000e+02
2.276870619999999974e+02
2.176088090000000079e+02
2.368266539999999907e+02
4.935754539999999793e+02
1.169593420000000066e+02
4.808431340000000205e+02
3.814322629999999776e+02
7.385478190000000041e+02
3.793593149999999810e+02
6.368286719999999832e+02
2.041282779999999946e+02
5.354702310000000125e+02
5.076257089999999721e+02
1.690789729999999906e+02
4.863444600000000264e+02
3.161107299999999896e+02
5.856266379999999572e+02
3.583983140000000276e+02
6.072129959999999755e+02
4.415284189999999853e+02
3.824532849999999939e+02
5.519172360000000026e+02
4.667227570000000014e+02
3.794550160000000005e+02
2.120211480000000108e+02
4.203932859999999891e+02
3.837184799999999996e+02
4.162745239999999853e+02
4.827834359999999947e+02
1.982337630000000104e+02
3.568122000000000185e+02
4.062943309999999997e+02
3.440220780000000218e+02
4.581783110000000079e+02
3.143979689999999891e+02
4.625200689999999781e+02
1.939184099999999944e+02
1.971709150000000079e+02
5.199322969999999486e+02
1.884994140000000016e+02
6.511011660000000347e+02
2.422074929999999995e+02
1.525142629999999997e+02
3.523986039999999775e+02
4.110323430000000258e+02
4.232064189999999826e+02
5.756656560000000127e+02
1.592391289999999913e+02
2.781868329999999787e+02
4.178374769999999785e+02
3.332027429999999981e+02
1.357133969999999863e+02
3.326370370000000207e+02
4.506135049999999751e+02
3.447104620000000068e+02
4.902573320000000194e+02
5.029769069999999829e+02
5.113844550000000027e+02
6.870060230000000274e+02
8.357903799999999706e+01
4.857471489999999790e+02
2.946533789999999726e+02
1.955683830000000114e+02
5.070035710000000222e+02
4.193265450000000101e+02
4.197567639999999756e+02
1.675035430000000076e+02
2.591855130000000145e+02
2.629631660000000011e+02
3.257250359999999887e+02
1.791292719999999861e+02
1.516668040000000133e+02
4.020684679999999958e+02
2.491947529999999915e+02
4.801197789999999941e+02
2.238945060000000069e+02
2.412118859999999927e+02
1.938949409999999887e+02
4.324537429999999745e+02
3.892587980000000130e+02
6.199749259999999822e+02
4.134014750000000049e+02
4.158985079999999925e+02
2.160280180000000030e+02
4.780092950000000087e+02
3.704294449999999870e+02
3.203085730000000240e+02
2.828415360000000192e+02
3.813399689999999964e+02
3.603133579999999938e+02
1.241595020000000034e+02
3.077437049999999772e+02
2.680286419999999907e+02
3.583629109999999969e+02
5.529270249999999578e+02
6.096791570000000320e+02
2.781091190000000211e+02
5.268862530000000106e+02
2.884857549999999833e+02
4.912362529999999765e+02
2.574171729999999911e+02
6.078216250000000400e+02
3.165251069999999913e+02
3.907642240000000129e+02
4.109746660000000134e+02
3.580918790000000058e+02
2.405133140000000083e+02
3.009511319999999728e+02
3.096929809999999748e+02
3.141925380000000132e+02
4.882058899999999824e+01
4.317198159999999802e+02
6.162821600000000188e+01
3.633028100000000222e+02
4.619019270000000006e+02
5.210423409999999649e+02
4.868088230000000181e+02
5.609101899999999432e+02
5.033226179999999772e+02
4.453287730000000124e+02
2.666864489999999819e+02
3.935350099999999998e+02
1.543366540000000100e+02
2.227121209999999962e+02
4.504596060000000080e+02
1.089199739999999963e+02
5.147878470000000561e+02
2.329671840000000032e+02
4.548618579999999838e+02
5.515350009999999656e+02
7.837465690000000222e+02
1.319805020000000013e+02
4.063115050000000110e+02
3.975945330000000126e+02
2.522448349999999948e+02
3.888160389999999893e+02
1.929695199999999886e+02
3.068077460000000087e+02
3.266911349999999743e+02
3.293131789999999910e+02
6.205917309999999816e+02
4.185666669999999954e+02
2.344129159999999956e+02
5.296124099999999544e+02
5.270184490000000324e+02
4.442958330000000160e+02
2.672090729999999894e+02
3.041730729999999880e+02
3.377013029999999958e+02
3.784309380000000260e+02
3.520885920000000056e+02
1.637276599999999860e+02
4.488025410000000193e+02
3.886397010000000023e+02
4.036778830000000085e+02
1.656145209999999963e+02
4.232467960000000176e+02
4.329298670000000016e+02
5.505479350000000522e+02
2.924257000000000062e+02
2.434093340000000012e+02
1.891252010000000041e+02
1.554625189999999861e+02
3.202751240000000053e+02
4.126962449999999762e+02
3.826742380000000026e+02
2.827011029999999892e+02
5.527139230000000225e+02
1.127333849999999984e+02
4.864660299999999893e+02
3.190942469999999958e+02
2.928863699999999994e+02
2.741129139999999893e+02
2.188664929999999913e+02
4.270982089999999971e+02
6.262878560000000334e+02
3.608713169999999764e+02
4.415016009999999937e+02
2.275106869999999901e+02
4.209602770000000191e+02
6.407273000000000707e+01
2.341379880000000071e+02
3.710253989999999931e+02
1.967755760000000009e+02
5.581863759999999957e+02
3.674089260000000081e+02
6.137709969999999657e+02
3.074939949999999840e+02
3.201391919999999800e+02
6.269704629999999952e+02
3.935063640000000191e+02
3.115310660000000098e+02
2.634480730000000221e+02
1.543567219999999907e+02
2.928139969999999721e+02
3.751112830000000145e+02
4.624942060000000197e+02
2.745818919999999821e+02
3.757203769999999849e+02
2.106213360000000137e+02
3.442301840000000084e+02
5.392489920000000438e+02
6.041390410000000202e+02
3.329334279999999922e+02
1.708097779999999943e+02
3.188137950000000274e+02
3.286530490000000100e+02
2.878572599999999966e+02
3.163921780000000012e+02
2.962991710000000012e+02
3.970901079999999865e+02
2.825518680000000131e+02
3.753826030000000173e+02
8.355338100000000168e+01
5.114913490000000138e+02
4.751285700000000247e+02
7.080116679999999860e+02
4.998952659999999923e+02
2.978426919999999996e+02
3.153104240000000118e+02
1.960048889999999915e+02
2.310751779999999940e+02
4.040578740000000266e+02
5.745628050000000258e+02
4.099583210000000122e+02
5.404944410000000516e+02
2.307210579999999993e+02
2.857824560000000247e+02
3.977079630000000066e+02
5.173946220000000267e+02
4.581861040000000003e+02
3.831468439999999873e+02
3.235851349999999798e+02
3.422418299999999931e+02
3.834101519999999823e+02
3.132765239999999949e+02
2.907700009999999793e+02
3.209795889999999758e+02
2.401315940000000069e+02
4.363560120000000211e+02
1.652080850000000112e+02
5.704614420000000337e+02
6.014972569999999905e+02
1.938473869999999977e+02
6.491376659999999674e+02
2.963694970000000239e+02
5.057739599999999882e+02
3.054978060000000255e+02
5.099581549999999766e+02
7.612847070000000258e+02
3.267648439999999823e+02
5.431548360000000457e+02
1.567381739999999866e+02
3.228737740000000258e+02
3.364887739999999781e+02
4.008755189999999970e+02
3.213260799999999762e+01
5.272641170000000557e+02
2.537692350000000090e+02
1.382193729999999903e+02
2.304885730000000024e+02
6.797585279999999557e+02
4.492669789999999921e+02
5.302762659999999642e+02
9.993514199999999903e+01
6.003649100000000089e+02
2.033223360000000071e+02
5.776817909999999756e+02
2.585341169999999806e+02
2.254806399999999940e+02
2.665532830000000217e+02
2.008198209999999904e+02
3.164704790000000116e+02
2.317533559999999966e+02
2.390296840000000032e+02
3.300894359999999779e+02
6.691873070000000325e+02
3.936444329999999923e+02
1.797782379999999876e+02
3.134894350000000145e+02
3.451315220000000181e+02
2.485795699999999897e+02
4.113997969999999782e+02
4.796668000000000234e+02
3.122722870000000057e+02
5.626857850000000099e+02
3.046724389999999971e+02
2.293862640000000113e+02
2.299026739999999904e+02
2.599862170000000106e+02
5.785631829999999809e+02
3.416036399999999844e+02
1.442069339999999897e+02
1.638930359999999951e+02
6.244893429999999626e+02
3.725079600000000255e+02
4.780315570000000207e+02
6.166202799999999797e+02
4.118060970000000225e+02
4.836843410000000176e+02
3.066126209999999901e+02
2.757813350000000128e+02
3.061154050000000097e+02
4.683704839999999763e+02
5.192301079999999729e+02
3.503896889999999757e+02
2.774802540000000022e+02
2.187475220000000036e+02
1.895053829999999948e+02
4.035119730000000118e+02
2.370119789999999966e+02
3.213615780000000086e+02
4.787196379999999749e+02
3.040157439999999838e+02
2.457806429999999978e+02
3.938472709999999779e+02
2.838679040000000100e+02
1.708994480000000067e+02
3.208221139999999991e+02
3.031206339999999955e+02
4.924791619999999739e+02
3.683447130000000129e+02
1.664347260000000119e+02
2.722827589999999987e+02
4.809697520000000281e+02
3.844512599999999907e+02
4.151899510000000078e+02
2.387352140000000134e+02
2.710152610000000095e+02
3.493877689999999916e+02
3.600587219999999888e+02
3.291059200000000260e+02
4.989450090000000273e+02
4.809704750000000217e+02
3.592521429999999896e+02
5.022814930000000118e+02
3.634246390000000133e+02
1.961512319999999931e+02
1.769057229999999947e+02
5.996212590000000091e+02
3.234608670000000075e+02
4.269949330000000032e+02
4.971845940000000041e+02
6.806745779999999968e+02
5.544075070000000096e+02
2.580817779999999857e+02
1.976545419999999922e+02
2.371406870000000140e+02
7.568255899999999770e+01
2.656526099999999815e+02
4.597135359999999764e+02
5.180615530000000035e+02
3.037290960000000268e+02
3.232036979999999744e+02
3.650017429999999763e+02
4.376973239999999805e+02
3.535548039999999901e+02
1.453907480000000021e+02
2.476640789999999868e+02
2.597030159999999910e+02
5.010850169999999935e+02
1.858972689999999943e+02
4.396848709999999869e+02
2.079444770000000062e+02
5.918308459999999513e+02
1.963518809999999917e+02
4.667871210000000133e+02
4.549698900000000208e+02
3.793803090000000111e+02
4.462917469999999867e+02
3.132145290000000273e+02
3.660924590000000194e+02
4.744801259999999843e+02
3.650284540000000106e+02
2.865921260000000075e+02
4.214837059999999838e+02
2.549675550000000044e+02
3.795963560000000143e+02
7.313004220000000259e+02
2.542030389999999898e+02
2.029719149999999956e+02
4.320412299999999846e+02
1.179520349999999951e+02
5.444233970000000227e+02
4.864592589999999745e+02
1.849380199999999945e+02
2.872674480000000017e+02
5.571888549999999896e+02
2.987222150000000056e+02
2.654291220000000067e+02
4.830040020000000140e+02
4.017415809999999965e+02
3.196772290000000112e+02
3.910209939999999733e+02
1.939784400000000062e+02
2.809064179999999737e+02
4.568149179999999774e+02
1.243292509999999993e+02
4.222957610000000273e+02
4.504694910000000050e+02
1.606067859999999996e+02
2.839079820000000041e+02
2.498720350000000110e+02
3.712331009999999765e+02
6.596559809999999970e+02
3.183412710000000061e+02
2.895105050000000233e+02
2.542834259999999915e+02
1.881423179999999888e+02
4.259484580000000165e+02
3.022520759999999882e+02
5.390792340000000422e+02
6.911127380000000358e+02
3.066671190000000138e+02
6.565892929999999978e+02
3.845870029999999815e+02
3.403936380000000099e+02
6.671878550000000132e+02
4.346389350000000036e+02
4.743975599999999986e+02
2.229042310000000100e+02
4.246364790000000085e+02
3.771616970000000038e+02
4.528768380000000207e+02
5.744927340000000413e+02
2.978651360000000068e+02
4.261761870000000272e+02
4.699537980000000061e+02
1.772863869999999906e+02
4.064785210000000006e+02
1.160170700000000039e+02
2.740851700000000051e+02
3.366348820000000046e+02
2.989818480000000136e+02
3.436762560000000235e+02
2.172828430000000139e+02
2.302120449999999892e+02
3.462839510000000018e+02
2.556443089999999927e+02
3.960544689999999832e+02
1.685746320000000082e+02
3.422176450000000045e+02
1.435919020000000046e+02
4.342807199999999739e+02
8.157843510000000151e+02
5.539758379999999534e+02
1.512369300000000010e+02
1.985874410000000125e+02
3.396274389999999812e+02
2.050930820000000097e+02
5.740173839999999927e+02
3.575358870000000024e+02
2.243256900000000087e+01
2.825876180000000204e+02
5.031377150000000142e+02
6.823411499999999705e+02
2.663259340000000179e+02
3.513832540000000222e+02
5.129523779999999533e+02
3.219058390000000145e+02
2.400114949999999965e+02
3.657753839999999741e+02
3.419957019999999943e+02
1.871185830000000010e+02
6.654215560000000096e+02
2.788250120000000152e+02
4.376957889999999907e+02
3.743372550000000274e+02
4.544506509999999935e+02
3.962401080000000206e+02
7.474197050000000218e+02
3.828048939999999902e+02
4.861630220000000122e+02
2.412773149999999873e+02
3.340830540000000042e+02
5.274952160000000276e+02
7.166762509999999793e+02
3.718575960000000009e+02
5.922731740000000400e+02
3.601006199999999922e+02
3.651858710000000201e+02
1.007841091000000006e+03
1.774205249999999978e+02
2.063637180000000058e+02
7.572999879999999848e+02
2.962639839999999936e+02
3.798110290000000191e+02
4.925887680000000159e+02
3.201813280000000077e+02
6.690864520000000084e+02
3.402035979999999995e+02
1.793970239999999876e+02
3.619616040000000226e+02
6.743494680000000017e+02
7.807158170000000155e+02
5.758740410000000338e+02
1.333056960000000117e+02
4.788728039999999737e+02
7.485449589999999489e+02
6.506128220000000510e+02
3.388432639999999765e+02
2.863767599999999902e+02
5.100766530000000216e+02
2.685078389999999899e+02
3.435786870000000022e+02
1.594902409999999975e+02
9.333646099999999990e+01
1.316138779999999997e+02
2.297662919999999929e+02
2.485183240000000069e+02
4.178346319999999992e+02
5.114738280000000259e+02
1.521600259999999878e+02
4.398302370000000110e+02
3.631318459999999959e+02
1.837937190000000101e+02
1.544503459999999961e+02
4.028745620000000258e+02
5.034525820000000067e+02
8.806785600000000613e+01
2.088458139999999901e+02
1.994565839999999923e+02
2.106013100000000122e+02
1.483527620000000127e+02
3.023698919999999930e+02
3.205713709999999992e+02
3.756771959999999808e+02
3.319526359999999841e+02
2.753358809999999721e+02
2.574100500000000125e+02
4.398825090000000273e+02
2.043244589999999903e+02
4.984466820000000098e+02
2.891620350000000030e+02
4.243091830000000186e+02
1.940088220000000092e+02
1.496750350000000083e+02
7.177141100000000051e+01
6.475444609999999557e+02
4.268957970000000159e+02
7.714594680000000153e+02
1.878556389999999965e+02
3.065864980000000060e+02
3.259257150000000252e+02
7.855634939999999915e+02
3.834059679999999730e+02
4.160747450000000072e+02
3.441189160000000129e+02
6.151816159999999627e+02
3.894918979999999920e+02
7.119376720000000205e+02
6.337553440000000364e+02
4.048483370000000150e+02
3.668386629999999968e+02
3.726410060000000044e+02
3.512395750000000021e+02
4.996079129999999964e+02
3.059401369999999929e+02
5.828994020000000091e+02
3.136283379999999852e+02
3.693524449999999888e+02
2.432436659999999904e+02
5.595303390000000263e+02
2.567710630000000265e+02
3.379037749999999960e+02
3.676153199999999970e+02
4.068322890000000029e+02
4.302308459999999855e+02
3.401128269999999816e+02
1.857570430000000101e+02
4.024469070000000102e+02
4.468619719999999802e+02
4.518960700000000088e+02
4.167191750000000070e+02
4.543143509999999878e+02
3.478876179999999749e+02
2.920548699999999940e+02
6.758762279999999691e+02
2.816170749999999998e+02
2.169059489999999926e+02
4.870970189999999889e+02
5.676519849999999678e+02
2.954126870000000054e+02
4.220924309999999764e+02
3.035666600000000130e+02
1.998073249999999916e+02
5.668368239999999787e+02
1.587223590000000115e+02
3.742865969999999720e+02
6.666902029999999968e+02
5.830711710000000494e+02
2.400389999999999873e+02
3.269092449999999985e+02
4.241329089999999837e+02
9.460439999999999827e+01
3.746598409999999717e+02
3.759559770000000185e+02
2.797705540000000042e+02
8.516090440000000399e+02
3.148644439999999918e+02
3.265564660000000003e+02
3.059371929999999793e+02
2.417493080000000134e+02
3.733133550000000014e+02
5.450160180000000310e+02
4.474294140000000084e+02
3.865979029999999739e+02
1.142187559999999991e+02
1.833475640000000055e+02
4.954140459999999848e+02
3.386260369999999966e+02
2.223049969999999860e+02
2.537833329999999989e+02
2.571552490000000262e+02
3.469862870000000044e+02
6.017775860000000421e+02
3.396868799999999737e+02
3.996994609999999852e+02
5.480294720000000552e+02
4.136102890000000230e+02
3.945551159999999982e+02
6.219710010000000011e+02
1.596507400000000132e+02
4.224349230000000261e+02
2.763255009999999743e+02
4.025589620000000082e+02
4.152442919999999731e+02
2.274989180000000033e+02
6.248907860000000483e+02
6.208246309999999539e+02
3.150495750000000044e+02
2.298020909999999901e+02
4.125747129999999743e+02
3.859229609999999866e+02
3.663913590000000227e+02
4.452856770000000211e+02
2.844793819999999869e+02
3.685521420000000035e+02
2.642309010000000171e+02
4.902914559999999824e+02
3.412590650000000210e+02
1.062047550000000058e+02
4.774679290000000265e+02
3.450021520000000237e+02
3.159261589999999842e+02
1.686803360000000112e+02
3.246034900000000079e+01
3.190770059999999830e+02
4.618347810000000209e+02
2.432161820000000034e+02
4.816238369999999804e+02
4.765935670000000073e+02
9.428075400000000172e+01
1.384147969999999930e+02
2.290223870000000090e+02
3.961687390000000164e+02
6.769224800000000641e+01
3.923385190000000193e+02
4.365578600000000051e+02
3.889859329999999886e+02
3.911977590000000191e+02
4.484779750000000149e+02
2.240807619999999929e+02
2.520062110000000075e+02
6.157992759999999635e+02
1.756096009999999978e+02
4.845700699999999870e+02
2.618157469999999876e+02
4.481397640000000138e+02
2.460764149999999972e+02
1.718725369999999941e+02
3.472020499999999856e+02
5.141593950000000177e+02
3.602142160000000217e+02
5.135692060000000083e+02
1.302828470000000038e+02
3.656867809999999963e+02
5.835516470000000027e+02
5.452939920000000029e+02
4.109370240000000081e+02
4.355702120000000264e+02
3.156574669999999969e+02
1.545541409999999871e+02
3.581141749999999888e+02
3.098770359999999755e+02
3.340166520000000219e+02
5.856521219999999630e+02
2.856341980000000262e+02
2.767576070000000072e+02
3.212003670000000284e+02
7.586480269999999564e+02
3.468182219999999916e+02
3.880642970000000105e+02
2.286651300000000049e+02
4.909628200000000220e+02
3.106844990000000166e+02
2.783863000000000056e+02
2.355714169999999967e+02
4.166566480000000183e+02
3.464573070000000143e+02
2.058683719999999937e+02
2.790474520000000211e+02
4.861626890000000003e+02
7.614112000000000080e+02
4.358636200000000258e+02
4.880135010000000193e+02
6.227463649999999689e+02
3.519136219999999753e+02
2.430137900000000002e+02
3.288254499999999894e+02
5.256561259999999720e+02
6.131101660000000493e+02
3.806775349999999776e+02
5.829777060000000120e+02
2.982085640000000240e+02
2.711083130000000097e+02
4.920919039999999995e+02
2.279188320000000090e+02
4.005503120000000195e+02
6.289972000000000207e+02
3.951779930000000149e+02
2.515050600000000003e+01
1.645215120000000013e+02
5.115696270000000254e+02
2.161627619999999865e+02
2.300953240000000051e+02
3.849328530000000228e+02
4.484133429999999976e+02
5.924215999999999838e+01
1.305095200000000091e+02
4.168253619999999842e+02
6.068054929999999558e+02
1.401267070000000103e+02
4.459998299999999745e+02
3.293124629999999797e+02
6.179168620000000374e+02
1.462040900000000079e+02
1.355512420000000020e+02
8.371459199999999612e+01
4.066866929999999911e+02
4.587587669999999775e+02
2.086304089999999860e+02
5.881113579999999956e+02
5.697900680000000193e+02
2.903779470000000060e+02
4.513750880000000052e+02
3.615891080000000102e+02
1.902873309999999947e+02
5.167142800000000307e+02
6.670097889999999552e+02
1.470961829999999964e+02
4.747551240000000234e+02
4.387124239999999986e+02
2.720477260000000115e+02
1.906288509999999974e+02
4.297196969999999965e+02
4.723506350000000111e+02
3.282111669999999890e+02
5.291131000000000313e+02
3.651677569999999946e+02
3.841295969999999897e+02
3.214420309999999859e+02
4.113190569999999866e+02
