5.728905029296875000e+02
1.456492004394531250e+02
1.912900390625000000e+02
2.540078887939453125e+02
2.548312072753906250e+02
4.164362792968750000e+02
7.248953857421875000e+02
2.999741516113281250e+02
3.317764282226562500e+02
3.667883300781250000e+02
5.574916992187500000e+02
5.514588012695312500e+02
4.542401123046875000e+02
1.632425842285156250e+02
2.130213012695312500e+02
7.946969604492187500e+02
7.109573364257812500e+02
6.793773193359375000e+02
2.053410797119140625e+02
2.296577301025390625e+02
4.542665405273437500e+02
4.171029052734375000e+02
4.989296569824218750e+02
3.826621398925781250e+02
5.301345825195312500e+02
2.812657775878906250e+02
2.270695800781250000e+02
4.076688537597656250e+02
2.734792175292968750e+02
5.883621826171875000e+02
4.495981445312500000e+02
4.501741638183593750e+02
4.385204162597656250e+02
1.774239959716796875e+02
4.961134033203125000e+02
3.073708496093750000e+02
4.917292175292968750e+02
3.922394104003906250e+02
5.953622436523437500e+02
9.660493469238281250e+01
6.527311401367187500e+02
4.618586425781250000e+02
4.537046508789062500e+02
5.499580078125000000e+02
2.903475952148437500e+02
4.741518554687500000e+02
2.329335021972656250e+02
8.598422851562500000e+02
5.654617919921875000e+02
5.416712036132812500e+02
4.834902648925781250e+02
7.151823120117187500e+02
2.396086425781250000e+02
3.538573303222656250e+02
5.377168579101562500e+02
2.415721130371093750e+02
6.960673828125000000e+02
2.938373413085937500e+02
4.067367248535156250e+02
4.278218078613281250e+02
3.957907714843750000e+02
4.630043945312500000e+02
5.877091674804687500e+02
3.906377258300781250e+02
3.765670471191406250e+02
4.268202819824218750e+02
4.550328674316406250e+02
5.631021118164062500e+02
5.010748596191406250e+02
3.399293823242187500e+02
5.299392089843750000e+02
2.690014953613281250e+02
3.610686645507812500e+02
3.238717346191406250e+02
3.967333068847656250e+02
6.959235229492187500e+02
4.989661254882812500e+02
4.098368530273437500e+02
7.882373657226562500e+02
5.718700561523437500e+02
3.756602478027343750e+02
8.166557006835937500e+02
1.467158508300781250e+02
3.630646972656250000e+02
9.475632324218750000e+02
5.360830078125000000e+02
1.903292999267578125e+02
6.068624267578125000e+02
5.829680786132812500e+02
3.438380432128906250e+02
4.802583923339843750e+02
1.039293212890625000e+03
1.867174224853515625e+02
3.065607910156250000e+02
4.499296264648437500e+02
6.362305297851562500e+02
5.296715087890625000e+02
2.586119384765625000e+02
3.944111633300781250e+02
5.195541381835937500e+02
2.728162841796875000e+02
9.542317504882812500e+02
2.424889068603515625e+02
4.591495666503906250e+02
3.419392089843750000e+02
8.050429077148437500e+02
2.516474456787109375e+02
2.098983001708984375e+02
3.074136657714843750e+02
5.446189575195312500e+02
8.766592407226562500e+01
6.892055664062500000e+02
1.383891143798828125e+02
5.172010498046875000e+02
7.894548339843750000e+02
4.472633666992187500e+02
6.380005493164062500e+02
3.183071899414062500e+02
5.532643432617187500e+02
1.015997314453125000e+03
3.085425720214843750e+02
2.651977844238281250e+02
2.220315704345703125e+02
4.709249877929687500e+02
4.600059204101562500e+02
9.194906616210937500e+02
5.346689453125000000e+02
3.277618713378906250e+02
7.523746948242187500e+02
2.471013641357421875e+02
3.887318725585937500e+02
3.743544311523437500e+02
3.081807556152343750e+02
2.784432983398437500e+02
4.096680297851562500e+02
2.648333129882812500e+02
6.690654907226562500e+02
2.747669067382812500e+02
8.896929321289062500e+02
7.205210113525390625e+01
1.058438644409179688e+02
6.875278320312500000e+02
3.567390136718750000e+02
6.785083007812500000e+02
2.429689636230468750e+02
3.375978698730468750e+02
7.094658813476562500e+02
2.935903625488281250e+02
5.716928100585937500e+02
4.363770446777343750e+02
5.306857910156250000e+02
8.856444702148437500e+02
3.186881408691406250e+02
5.728536376953125000e+02
6.102530517578125000e+02
5.854436035156250000e+02
1.628136596679687500e+02
7.289097290039062500e+02
7.544077758789062500e+02
8.724365844726562500e+02
6.679000244140625000e+02
2.276054992675781250e+02
6.432889404296875000e+02
2.674368591308593750e+02
7.814736938476562500e+02
4.076606140136718750e+02
3.174744873046875000e+02
8.060018310546875000e+02
7.585742187500000000e+02
3.505670166015625000e+02
7.041239624023437500e+02
5.818616943359375000e+02
8.843158569335937500e+02
4.652944030761718750e+02
2.957318115234375000e+02
1.636250000000000000e+02
9.068844604492187500e+02
3.319713745117187500e+02
5.852342529296875000e+02
3.697591552734375000e+02
7.431148681640625000e+02
3.656602478027343750e+02
4.709986877441406250e+02
3.826143798828125000e+02
4.027680664062500000e+02
1.204919815063476562e+02
1.951092529296875000e+02
3.840269775390625000e+02
2.922259521484375000e+02
3.554095764160156250e+02
1.404203796386718750e+02
5.998566284179687500e+02
3.253074035644531250e+02
4.137648315429687500e+02
5.968606567382812500e+02
6.866936035156250000e+02
4.107792663574218750e+02
3.607075805664062500e+02
4.578488159179687500e+02
4.605641479492187500e+02
2.906255187988281250e+02
6.977806396484375000e+02
3.999362182617187500e+02
3.916831970214843750e+02
4.469137268066406250e+02
3.413756713867187500e+02
4.879415893554687500e+02
2.944944458007812500e+02
6.159160766601562500e+02
4.273153076171875000e+02
4.018681335449218750e+02
2.793988342285156250e+02
5.653666381835937500e+02
7.984185180664062500e+02
2.290389099121093750e+02
2.969576721191406250e+02
6.972151489257812500e+02
8.405512695312500000e+02
3.880903625488281250e+02
3.790352478027343750e+02
1.772387542724609375e+02
5.331620483398437500e+02
2.033304748535156250e+02
3.263479614257812500e+02
7.177928466796875000e+02
5.178008422851562500e+02
4.489757690429687500e+02
3.356576232910156250e+02
1.569968994140625000e+03
1.235457305908203125e+02
1.961392974853515625e+02
4.449528198242187500e+02
5.838893432617187500e+02
2.969953918457031250e+02
5.187891235351562500e+02
6.228092651367187500e+02
2.791153259277343750e+02
7.337407836914062500e+02
6.179200439453125000e+02
4.287994079589843750e+02
4.390287780761718750e+02
5.552211303710937500e+02
2.397615661621093750e+02
3.586247558593750000e+02
5.315133666992187500e+02
3.363651428222656250e+02
2.657276916503906250e+02
5.060102233886718750e+02
3.517521057128906250e+02
4.765298156738281250e+02
4.003542480468750000e+02
4.587578735351562500e+02
3.656672973632812500e+02
4.680260009765625000e+02
6.169927368164062500e+02
2.312531890869140625e+02
4.599536132812500000e+02
5.732272949218750000e+02
3.208503112792968750e+02
5.207687988281250000e+02
3.463694152832031250e+02
3.428984680175781250e+02
6.106328125000000000e+02
3.907194824218750000e+02
7.927825317382812500e+02
4.024476013183593750e+02
3.730053405761718750e+02
3.248579406738281250e+02
5.096201171875000000e+02
4.866299743652343750e+02
4.845461425781250000e+02
1.049189941406250000e+03
3.284471740722656250e+02
2.644833679199218750e+02
4.994929199218750000e+02
5.171542968750000000e+02
5.738225708007812500e+02
5.074384155273437500e+02
4.484106445312500000e+02
7.566262817382812500e+02
3.083677978515625000e+02
2.524917602539062500e+02
7.015012817382812500e+02
2.561197814941406250e+02
7.440927734375000000e+02
3.263220214843750000e+02
5.043537902832031250e+02
2.764192504882812500e+02
4.519098815917968750e+02
7.061220092773437500e+02
5.217055053710937500e+02
5.210915527343750000e+02
8.833519287109375000e+02
7.198709716796875000e+02
2.043758697509765625e+02
4.789662475585937500e+02
5.797092895507812500e+02
6.766507720947265625e+01
5.375327148437500000e+02
4.629628295898437500e+02
4.562368469238281250e+02
9.888512573242187500e+02
9.435559082031250000e+02
3.502369079589843750e+02
5.770516357421875000e+02
3.432016906738281250e+02
6.100409545898437500e+02
6.298250198364257812e+01
3.601647033691406250e+02
3.161373291015625000e+02
4.862554931640625000e+02
9.305373535156250000e+02
3.053073730468750000e+02
6.305753784179687500e+02
4.199117126464843750e+02
3.889190673828125000e+02
7.807520141601562500e+02
2.554248046875000000e+02
4.673249816894531250e+02
3.677534484863281250e+02
7.199610595703125000e+02
5.768328857421875000e+02
5.742184448242187500e+02
1.677368621826171875e+02
6.925166625976562500e+02
3.309404602050781250e+02
1.051458496093750000e+03
5.329542846679687500e+02
8.129932250976562500e+02
7.067811889648437500e+02
3.572848205566406250e+02
1.912407531738281250e+02
3.505235595703125000e+02
5.504155273437500000e+02
6.172317504882812500e+02
7.751467895507812500e+02
4.192201232910156250e+02
1.591384582519531250e+02
8.391813964843750000e+02
5.608640747070312500e+02
6.706465454101562500e+02
2.221082458496093750e+02
3.952525634765625000e+02
6.106174926757812500e+02
5.016465759277343750e+02
3.404774475097656250e+02
7.512843017578125000e+02
2.938298034667968750e+02
1.893441162109375000e+02
6.477162475585937500e+02
3.592469787597656250e+02
3.493749389648437500e+02
6.793592529296875000e+02
4.439805603027343750e+02
9.848563232421875000e+02
5.529561767578125000e+02
5.718641357421875000e+02
9.089025268554687500e+02
1.116795806884765625e+02
4.518595581054687500e+02
1.057368774414062500e+03
7.222532958984375000e+02
4.713366088867187500e+02
2.022579345703125000e+02
5.902579956054687500e+02
2.182046356201171875e+02
5.720517578125000000e+02
7.569380493164062500e+02
7.089298706054687500e+02
1.363359680175781250e+02
8.037124023437500000e+02
5.306624755859375000e+02
3.356106262207031250e+02
2.544136352539062500e+02
1.698684539794921875e+02
3.936433410644531250e+02
5.377930297851562500e+02
4.688552856445312500e+02
5.179751586914062500e+02
4.498829040527343750e+02
3.032400817871093750e+02
2.742500305175781250e+02
8.210219116210937500e+02
5.121480712890625000e+02
9.362217407226562500e+02
3.785499267578125000e+02
6.069431152343750000e+02
1.145383789062500000e+03
3.708703308105468750e+02
8.576320800781250000e+02
5.580125122070312500e+02
4.308015441894531250e+02
4.756882629394531250e+02
3.677232666015625000e+02
5.301603393554687500e+02
6.481817016601562500e+02
3.816580505371093750e+02
1.849110717773437500e+02
8.049216308593750000e+02
3.912130432128906250e+02
6.276336669921875000e+02
6.550470581054687500e+02
7.308668823242187500e+02
3.168867187500000000e+02
2.819451293945312500e+02
5.301806030273437500e+02
5.351919555664062500e+02
2.482233123779296875e+02
3.369946594238281250e+02
6.200658569335937500e+02
1.751315612792968750e+02
4.346171569824218750e+02
4.185540161132812500e+02
5.237804565429687500e+02
6.246621093750000000e+02
3.004356079101562500e+02
5.254531250000000000e+02
3.692414855957031250e+02
4.560416259765625000e+02
3.930229492187500000e+02
3.945190429687500000e+02
3.084479064941406250e+02
7.496860351562500000e+02
8.374813842773437500e+02
2.845526428222656250e+02
1.831243438720703125e+02
1.017334671020507812e+02
7.355413818359375000e+02
6.339396362304687500e+02
2.391923675537109375e+02
6.612079467773437500e+02
6.648065795898437500e+02
2.628732910156250000e+02
1.745193176269531250e+02
8.242305297851562500e+02
2.533719482421875000e+02
2.820378417968750000e+02
5.584122314453125000e+02
5.597135620117187500e+02
3.901168212890625000e+02
7.680626831054687500e+02
4.909763488769531250e+02
2.871809387207031250e+02
5.289831542968750000e+02
5.327309570312500000e+02
5.022121582031250000e+02
7.801676635742187500e+02
2.196198730468750000e+02
3.953761901855468750e+02
3.979678039550781250e+02
3.705955200195312500e+02
2.015413208007812500e+02
4.588696899414062500e+02
3.894846496582031250e+02
7.574828491210937500e+02
5.099591674804687500e+02
6.151068115234375000e+02
5.842722778320312500e+02
9.172470092773437500e+02
4.684350585937500000e+02
2.543431091308593750e+02
2.491489715576171875e+02
5.645600585937500000e+02
6.643455810546875000e+02
1.122701660156250000e+03
6.854038085937500000e+02
4.814867248535156250e+02
2.442106018066406250e+02
6.443308715820312500e+02
3.754800109863281250e+02
3.685623779296875000e+02
9.959010009765625000e+02
6.560346679687500000e+02
2.787635498046875000e+02
4.385884094238281250e+02
6.227501220703125000e+02
4.876522216796875000e+02
8.962211914062500000e+02
6.188489379882812500e+02
2.925442504882812500e+02
1.038228149414062500e+03
4.312857055664062500e+02
6.577069702148437500e+02
3.944793701171875000e+02
4.361983337402343750e+02
3.782047729492187500e+02
3.873645629882812500e+02
5.764403686523437500e+02
3.147446594238281250e+02
2.170374603271484375e+02
5.316382446289062500e+02
3.249664306640625000e+02
2.325672302246093750e+02
7.220625000000000000e+02
2.547374114990234375e+02
7.369105224609375000e+02
1.340950775146484375e+02
4.981297302246093750e+02
4.900428466796875000e+02
5.494243774414062500e+02
4.278968505859375000e+02
6.632391357421875000e+02
3.074664306640625000e+02
5.464201049804687500e+02
5.099269409179687500e+02
2.610018005371093750e+02
9.846924438476562500e+02
3.640614624023437500e+02
4.500033569335937500e+02
1.346622772216796875e+02
7.995578613281250000e+02
4.627306823730468750e+02
2.963325195312500000e+02
3.446463623046875000e+02
3.538576660156250000e+02
6.416544799804687500e+02
8.093888549804687500e+02
2.224092254638671875e+02
3.547536621093750000e+02
3.194695434570312500e+02
4.024768371582031250e+02
5.237928466796875000e+02
4.254616699218750000e+02
3.241705017089843750e+02
1.510198974609375000e+02
6.783217773437500000e+02
1.960568847656250000e+02
3.859678039550781250e+02
3.451542663574218750e+02
5.555170898437500000e+02
6.963310546875000000e+02
5.601171264648437500e+02
8.937118530273437500e+02
1.935483551025390625e+02
7.560756225585937500e+02
3.568198547363281250e+02
3.090848999023437500e+02
4.616745300292968750e+02
2.244131317138671875e+02
1.422368316650390625e+02
8.387937622070312500e+02
3.476351928710937500e+02
5.393266601562500000e+02
5.511511230468750000e+02
3.743553161621093750e+02
3.701183776855468750e+02
7.260494995117187500e+02
6.081774291992187500e+02
3.694790039062500000e+02
1.635935211181640625e+02
3.885982971191406250e+02
4.799957275390625000e+02
1.443976287841796875e+02
3.742707214355468750e+02
4.256229858398437500e+02
6.640460205078125000e+02
2.632647094726562500e+02
4.482071228027343750e+02
1.866421813964843750e+02
6.151428833007812500e+02
5.698518066406250000e+02
4.316963500976562500e+02
5.852337036132812500e+02
7.190822753906250000e+02
5.764509277343750000e+02
2.880395507812500000e+02
3.716421813964843750e+02
4.945172424316406250e+02
6.557911987304687500e+02
2.509846191406250000e+02
6.045098266601562500e+02
4.959363708496093750e+02
1.306892395019531250e+02
5.179024658203125000e+02
4.721739501953125000e+02
4.834683227539062500e+02
7.033428955078125000e+02
2.169431762695312500e+02
2.967460632324218750e+02
3.205832214355468750e+02
3.963186950683593750e+02
3.982449645996093750e+02
4.036631469726562500e+02
3.485404663085937500e+02
3.325013732910156250e+02
3.088400573730468750e+02
8.016514282226562500e+02
5.407427978515625000e+02
2.198655090332031250e+02
3.881415405273437500e+02
3.535390625000000000e+02
2.182236938476562500e+02
2.382629241943359375e+02
4.213864746093750000e+02
9.883659362792968750e+01
4.733200988769531250e+02
5.027956848144531250e+02
4.663748474121093750e+02
3.481434936523437500e+02
4.371124267578125000e+02
1.111435424804687500e+03
6.940301513671875000e+02
1.415114440917968750e+02
1.037161865234375000e+03
3.674830627441406250e+02
5.578771362304687500e+02
4.145367431640625000e+02
5.342028808593750000e+02
4.194199829101562500e+02
5.685833129882812500e+02
6.764386596679687500e+02
1.021474548339843750e+03
1.019839019775390625e+02
7.270758056640625000e+02
9.818374023437500000e+02
5.812777709960937500e+02
3.873299560546875000e+02
5.724635009765625000e+02
5.029852294921875000e+02
3.636958618164062500e+02
3.990377807617187500e+02
5.605510253906250000e+02
3.436846618652343750e+02
2.417799835205078125e+02
4.728188476562500000e+02
4.723815917968750000e+02
3.727184448242187500e+02
3.418196411132812500e+02
3.441248474121093750e+02
4.470128784179687500e+02
6.092304687500000000e+02
7.640355224609375000e+02
5.904617309570312500e+02
3.809742736816406250e+02
2.111588592529296875e+02
1.940237121582031250e+02
5.867708129882812500e+02
2.911533508300781250e+02
5.494022827148437500e+02
6.421640014648437500e+02
6.411169433593750000e+02
5.579637451171875000e+02
2.407908782958984375e+02
1.508272705078125000e+02
3.529306335449218750e+02
3.281265869140625000e+02
3.930312194824218750e+02
5.166372680664062500e+02
1.117007934570312500e+03
2.407195434570312500e+02
5.675001220703125000e+02
3.758509826660156250e+02
2.983884887695312500e+02
2.581157836914062500e+02
4.383211669921875000e+02
3.321545104980468750e+02
5.742079467773437500e+02
5.578259887695312500e+02
4.886663208007812500e+02
6.825818481445312500e+02
4.412056579589843750e+02
1.293012542724609375e+02
5.764757080078125000e+02
1.840676422119140625e+02
4.972548522949218750e+02
3.342495422363281250e+02
3.598111877441406250e+02
3.674472656250000000e+02
3.654417724609375000e+02
4.656250915527343750e+02
5.003903503417968750e+02
4.902489318847656250e+02
2.921489257812500000e+02
2.511566772460937500e+02
3.435927734375000000e+02
2.556688995361328125e+02
5.519054565429687500e+02
3.049688110351562500e+02
4.624049072265625000e+02
3.415318298339843750e+02
1.023430358886718750e+03
4.429037475585937500e+02
6.544086303710937500e+02
1.925916137695312500e+02
6.172870483398437500e+02
4.232750244140625000e+02
4.702149353027343750e+02
4.019297180175781250e+02
5.357257690429687500e+02
5.548936157226562500e+02
8.534456176757812500e+02
6.086190795898437500e+02
2.817897033691406250e+02
6.553007202148437500e+02
7.035933227539062500e+02
7.148064575195312500e+02
5.353212280273437500e+02
3.236977539062500000e+02
6.453618164062500000e+02
7.509569091796875000e+02
4.650818481445312500e+02
2.559653778076171875e+02
6.602718505859375000e+02
3.750685424804687500e+02
3.828325500488281250e+02
7.410983276367187500e+02
4.150460510253906250e+02
5.851213989257812500e+02
3.479325561523437500e+02
4.365709838867187500e+02
9.119055786132812500e+02
6.150452270507812500e+02
4.120238647460937500e+02
2.535336608886718750e+02
3.913114318847656250e+02
4.192568664550781250e+02
5.186178588867187500e+02
6.226097412109375000e+02
2.494178009033203125e+02
2.007582702636718750e+02
3.347800903320312500e+02
1.353228302001953125e+02
5.576157836914062500e+02
3.617217712402343750e+02
6.208158569335937500e+02
1.919509887695312500e+02
4.602278442382812500e+02
4.513555297851562500e+02
6.353975830078125000e+02
1.540050659179687500e+02
4.116520996093750000e+02
4.630175170898437500e+02
3.387029418945312500e+02
4.920990905761718750e+02
4.500940551757812500e+02
4.548107910156250000e+02
5.995374755859375000e+02
4.327876892089843750e+02
4.828160705566406250e+02
4.066704101562500000e+02
1.270922317504882812e+02
5.401367187500000000e+02
5.507573852539062500e+02
2.862123413085937500e+02
3.992881469726562500e+02
2.745430297851562500e+02
1.033712158203125000e+03
3.684452514648437500e+02
4.355546264648437500e+02
2.199854888916015625e+02
5.830131225585937500e+02
4.929051208496093750e+02
2.024323425292968750e+02
3.289200134277343750e+02
1.970898590087890625e+02
5.254689941406250000e+02
3.485498962402343750e+02
1.874106597900390625e+02
6.675710449218750000e+02
3.185497436523437500e+02
2.119033966064453125e+02
2.514176940917968750e+02
3.740972290039062500e+02
4.173536376953125000e+02
5.259666137695312500e+02
4.810398864746093750e+02
6.090430908203125000e+02
4.005520629882812500e+02
3.713574829101562500e+02
5.234179687500000000e+02
3.232693481445312500e+02
4.006199035644531250e+02
8.139620208740234375e+01
3.818240661621093750e+02
3.225295410156250000e+02
3.487995605468750000e+02
4.035974121093750000e+02
4.205025329589843750e+02
4.611183471679687500e+02
7.921199951171875000e+02
7.330392456054687500e+02
8.777082519531250000e+02
5.660769042968750000e+02
9.330170288085937500e+02
3.627568664550781250e+02
3.691835632324218750e+02
3.299946594238281250e+02
1.569685821533203125e+02
2.812637634277343750e+02
7.918989257812500000e+02
5.163670043945312500e+02
4.213772277832031250e+02
1.902973175048828125e+02
6.113816528320312500e+02
5.527936401367187500e+02
2.822095947265625000e+02
7.733742065429687500e+02
4.918330688476562500e+02
3.852835388183593750e+02
4.022108459472656250e+02
4.835773010253906250e+02
7.574578857421875000e+02
5.281962890625000000e+02
2.817062072753906250e+02
2.962253417968750000e+02
6.271119995117187500e+02
5.806655273437500000e+02
5.597918090820312500e+02
4.661560668945312500e+02
1.339418029785156250e+02
7.072192382812500000e+02
4.093497924804687500e+02
6.768839721679687500e+02
4.222662353515625000e+02
6.875089721679687500e+02
8.867681274414062500e+02
3.543214111328125000e+02
4.685910339355468750e+02
2.914682922363281250e+02
2.842245788574218750e+02
6.730036010742187500e+02
3.374144592285156250e+02
1.468482666015625000e+02
4.593251953125000000e+02
5.574212646484375000e+02
5.084420471191406250e+02
3.743655700683593750e+02
3.497202453613281250e+02
7.591036376953125000e+02
3.827949829101562500e+02
4.252019958496093750e+02
4.147025756835937500e+02
5.052353820800781250e+02
3.786878967285156250e+02
1.235528198242187500e+03
9.563624877929687500e+02
5.076640014648437500e+02
2.595968322753906250e+02
2.372821807861328125e+02
8.333047485351562500e+02
5.510276489257812500e+02
2.978279724121093750e+02
3.410206909179687500e+02
3.109992065429687500e+02
5.084429626464843750e+02
5.352526245117187500e+02
8.244427490234375000e+02
3.905886230468750000e+02
6.940523681640625000e+02
3.734478149414062500e+02
4.848509826660156250e+02
3.838195495605468750e+02
6.247675781250000000e+02
5.460012817382812500e+02
5.039048156738281250e+02
5.925908279418945312e+01
4.159597778320312500e+02
1.925680694580078125e+02
3.391565246582031250e+02
4.419126892089843750e+02
5.796369018554687500e+02
4.633444213867187500e+02
3.623291015625000000e+02
4.364867858886718750e+02
6.979794311523437500e+02
3.669360656738281250e+02
6.272158813476562500e+02
4.503503723144531250e+02
6.099774780273437500e+02
4.484923706054687500e+02
4.098836059570312500e+02
9.822197875976562500e+02
8.300910644531250000e+02
3.492634582519531250e+02
2.644955749511718750e+02
4.116186523437500000e+02
4.185565490722656250e+02
3.154813842773437500e+02
3.345148620605468750e+02
7.128192138671875000e+02
4.383750915527343750e+02
3.828000793457031250e+02
3.206324768066406250e+02
5.009908752441406250e+02
7.429119873046875000e+02
4.991274414062500000e+02
1.353164978027343750e+02
2.419993743896484375e+02
5.100717468261718750e+02
4.204264831542968750e+02
3.891193237304687500e+02
7.380249023437500000e+02
5.064384460449218750e+02
4.146511840820312500e+02
5.855832519531250000e+02
8.858558959960937500e+02
3.333835754394531250e+02
9.049965209960937500e+02
4.982410583496093750e+02
3.859231567382812500e+02
6.942584838867187500e+02
3.608377380371093750e+02
6.508123779296875000e+02
3.342797851562500000e+02
4.162542114257812500e+02
2.876351318359375000e+02
4.818589782714843750e+02
2.936098327636718750e+02
4.100243835449218750e+02
3.232454528808593750e+02
2.521446075439453125e+02
3.964596557617187500e+02
4.801308288574218750e+02
6.204952239990234375e+01
6.221724243164062500e+02
6.203883056640625000e+02
2.567886352539062500e+02
3.712231750488281250e+02
4.024859924316406250e+02
3.823095397949218750e+02
4.798635253906250000e+02
6.317269897460937500e+02
5.977310180664062500e+02
2.526465759277343750e+02
4.759496459960937500e+02
3.673508605957031250e+02
4.265158996582031250e+02
4.985975036621093750e+02
8.994135742187500000e+02
1.827021942138671875e+02
3.402236633300781250e+02
4.528283081054687500e+02
5.180802001953125000e+02
3.700744628906250000e+02
3.420700683593750000e+02
2.479719543457031250e+02
3.879725646972656250e+02
6.117810668945312500e+02
8.257374877929687500e+02
1.519729156494140625e+02
4.000163269042968750e+02
3.825581970214843750e+02
3.575387573242187500e+02
8.627086791992187500e+02
3.903330078125000000e+02
6.003233642578125000e+02
3.807554016113281250e+02
4.052167053222656250e+02
3.682077331542968750e+02
3.897361755371093750e+02
2.855992126464843750e+02
1.432310638427734375e+02
7.253304443359375000e+02
7.927184448242187500e+02
3.072463073730468750e+02
2.639817504882812500e+02
6.769869384765625000e+02
3.661394348144531250e+02
2.653122863769531250e+02
1.070232391357421875e+02
3.886420288085937500e+02
4.010671997070312500e+02
3.812879943847656250e+02
1.218648757934570312e+02
7.749312744140625000e+02
5.539643554687500000e+02
5.716563720703125000e+02
5.408526000976562500e+02
2.314425048828125000e+02
2.060149841308593750e+02
4.660025634765625000e+02
6.366564331054687500e+02
2.507792053222656250e+02
7.547830200195312500e+02
3.570174560546875000e+02
4.328088073730468750e+02
7.617759399414062500e+02
5.457373657226562500e+02
3.787840270996093750e+02
2.121321258544921875e+02
8.132082519531250000e+02
5.420112915039062500e+02
6.676256103515625000e+02
3.635859680175781250e+02
2.685427551269531250e+02
5.218925170898437500e+02
6.855178222656250000e+02
2.664147644042968750e+02
5.041531677246093750e+02
6.116508789062500000e+02
5.618441162109375000e+02
3.444380493164062500e+02
2.219448394775390625e+02
6.370944824218750000e+02
7.747270507812500000e+02
5.419169311523437500e+02
6.941444091796875000e+02
2.972212219238281250e+02
7.339188232421875000e+02
2.332673950195312500e+02
2.163066406250000000e+02
1.131051269531250000e+03
4.288697814941406250e+02
9.053218383789062500e+02
5.158043823242187500e+02
4.160502014160156250e+02
8.029302368164062500e+02
1.348610687255859375e+02
7.551881103515625000e+02
4.970351257324218750e+02
5.181765747070312500e+02
2.899466552734375000e+02
8.168231201171875000e+02
4.217605285644531250e+02
6.145245971679687500e+02
7.066846313476562500e+02
6.057276611328125000e+02
4.838099670410156250e+02
5.315587158203125000e+02
3.393445129394531250e+02
7.253092041015625000e+02
5.989194946289062500e+02
7.830016479492187500e+02
6.088680419921875000e+02
6.348272094726562500e+02
3.000705261230468750e+02
4.238370666503906250e+02
3.892292480468750000e+02
1.501432952880859375e+02
5.852668457031250000e+02
4.142317504882812500e+02
3.726037292480468750e+02
8.453708496093750000e+02
1.707777862548828125e+02
3.090005798339843750e+02
5.501657714843750000e+02
1.279059066772460938e+02
3.230823364257812500e+02
5.206441040039062500e+02
9.543631591796875000e+02
3.622533874511718750e+02
5.087598876953125000e+02
3.591828613281250000e+02
6.520856323242187500e+02
7.225180053710937500e+02
3.471245117187500000e+02
4.846855468750000000e+02
6.034768066406250000e+02
3.448674011230468750e+02
7.371597290039062500e+02
5.477511596679687500e+02
1.436672515869140625e+02
3.221216430664062500e+02
3.509454650878906250e+02
3.780882263183593750e+02
2.697579345703125000e+02
1.765510711669921875e+02
5.878682861328125000e+02
6.686433715820312500e+02
1.655360412597656250e+02
4.043702392578125000e+02
4.399424743652343750e+02
6.485001220703125000e+02
1.090515625000000000e+03
2.007830352783203125e+02
5.379437255859375000e+02
3.045974731445312500e+02
1.854217529296875000e+02
3.109039611816406250e+02
5.574007568359375000e+02
4.912554626464843750e+02
3.922684020996093750e+02
2.428450469970703125e+02
4.495721435546875000e+02
1.377201293945312500e+03
7.151796264648437500e+02
4.797239074707031250e+02
7.865643310546875000e+02
2.400440673828125000e+02
5.126289062500000000e+02
2.586701354980468750e+02
2.062729797363281250e+02
5.768947753906250000e+02
5.895346069335937500e+02
3.236105041503906250e+02
3.418822631835937500e+02
4.302899475097656250e+02
1.876956939697265625e+02
2.471828155517578125e+02
4.318714294433593750e+02
5.284848632812500000e+02
4.363759765625000000e+02
2.720262451171875000e+02
4.836974487304687500e+02
3.809357299804687500e+02
2.506466522216796875e+02
3.831220092773437500e+02
6.627099609375000000e+02
3.219156799316406250e+02
2.028803558349609375e+02
8.839094848632812500e+02
6.941744995117187500e+02
3.470930480957031250e+02
3.105276794433593750e+02
4.218350830078125000e+02
8.018612060546875000e+02
8.536383056640625000e+02
5.259243164062500000e+02
9.966565551757812500e+02
2.920892944335937500e+02
3.896145324707031250e+02
4.556533203125000000e+02
2.439127197265625000e+02
7.467414550781250000e+02
4.797996215820312500e+02
2.240210113525390625e+02
3.874913330078125000e+02
7.850191650390625000e+02
1.109048339843750000e+03
3.625145263671875000e+02
1.165462036132812500e+02
7.222258911132812500e+02
4.005002441406250000e+02
4.243667602539062500e+02
2.711739807128906250e+02
6.438002319335937500e+02
5.692951049804687500e+02
4.950839233398437500e+02
2.411607208251953125e+02
3.658040161132812500e+02
5.228829345703125000e+02
9.817300415039062500e+01
5.689013061523437500e+02
1.458451293945312500e+03
8.703930053710937500e+02
4.366485290527343750e+02
1.069302749633789062e+02
5.599956665039062500e+02
2.249532470703125000e+02
1.443025207519531250e+02
3.699127197265625000e+02
4.752604064941406250e+02
7.117431640625000000e+02
3.598217468261718750e+02
5.278210449218750000e+02
4.185794372558593750e+02
5.068824768066406250e+02
3.406076049804687500e+02
9.322432250976562500e+02
6.432398071289062500e+02
7.948104095458984375e+01
6.602355346679687500e+02
8.118524169921875000e+02
3.130517578125000000e+02
5.291032714843750000e+02
3.084857788085937500e+02
5.270634155273437500e+02
1.741548461914062500e+02
3.302465209960937500e+02
5.544794311523437500e+02
3.936063537597656250e+02
8.500068969726562500e+02
3.442138366699218750e+02
5.213607177734375000e+02
2.935235595703125000e+02
1.018165100097656250e+03
4.001255798339843750e+02
6.780303344726562500e+02
5.569315185546875000e+02
3.544936218261718750e+02
3.880069274902343750e+02
1.639962158203125000e+02
2.602742614746093750e+02
6.711000366210937500e+02
5.290889892578125000e+02
8.769644165039062500e+02
3.064610290527343750e+02
3.509958190917968750e+02
1.369698638916015625e+02
6.580792236328125000e+02
6.411628417968750000e+02
8.618073120117187500e+02
2.893520202636718750e+02
6.218779296875000000e+02
6.072168579101562500e+02
1.328167114257812500e+03
2.709662780761718750e+02
3.260210571289062500e+02
2.398667297363281250e+02
4.232148132324218750e+02
3.773067932128906250e+02
6.086266479492187500e+02
5.363300170898437500e+02
6.010304565429687500e+02
5.694039916992187500e+02
3.932898254394531250e+02
2.882406616210937500e+02
5.254871826171875000e+02
3.024508361816406250e+02
6.787964477539062500e+02
5.383662719726562500e+02
5.168524780273437500e+02
2.785495910644531250e+02
5.184071655273437500e+02
3.005944824218750000e+02
4.728958740234375000e+02
5.707587890625000000e+02
3.139983215332031250e+02
2.886102905273437500e+02
9.608344726562500000e+02
4.241649780273437500e+02
5.318818969726562500e+02
3.356601257324218750e+02
4.120847473144531250e+02
1.202170333862304688e+02
4.542447204589843750e+02
2.352543487548828125e+02
2.076090393066406250e+02
4.245863647460937500e+02
3.241406555175781250e+02
2.870915832519531250e+02
7.360566406250000000e+02
3.108478393554687500e+02
5.961489868164062500e+02
9.567897338867187500e+02
5.526722412109375000e+02
6.707561645507812500e+02
7.978113403320312500e+02
3.066591491699218750e+02
2.956827087402343750e+02
8.123627929687500000e+02
6.045471191406250000e+02
4.360888061523437500e+02
3.012635192871093750e+02
8.175621948242187500e+02
6.233530883789062500e+02
6.990115356445312500e+02
7.982008666992187500e+02
4.158261108398437500e+02
2.122651977539062500e+02
2.683306274414062500e+02
1.776605377197265625e+02
2.481704101562500000e+02
2.197506103515625000e+02
5.244368896484375000e+02
2.346625061035156250e+02
2.543703308105468750e+02
3.607549743652343750e+02
5.857229003906250000e+02
6.013378295898437500e+02
2.239658966064453125e+02
3.465890502929687500e+02
7.441865844726562500e+02
2.300793151855468750e+02
5.162680664062500000e+02
5.775483398437500000e+02
4.911135864257812500e+02
3.085570068359375000e+02
6.497249145507812500e+02
4.702984619140625000e+02
4.582397766113281250e+02
4.705119018554687500e+02
5.239863281250000000e+02
2.228356628417968750e+02
3.625254211425781250e+02
5.207557373046875000e+02
6.241845092773437500e+02
3.617086181640625000e+02
6.266220092773437500e+02
5.538002319335937500e+02
6.673652343750000000e+02
2.902218933105468750e+02
4.170179748535156250e+02
6.837546997070312500e+02
1.997325744628906250e+02
7.184477539062500000e+02
3.993113708496093750e+02
2.901452636718750000e+02
7.304979248046875000e+02
4.220936889648437500e+02
1.571411285400390625e+02
5.308970947265625000e+02
6.242227783203125000e+02
7.073604736328125000e+02
3.698189697265625000e+02
6.294852294921875000e+02
5.769343261718750000e+02
2.874916076660156250e+02
2.004716949462890625e+02
6.258211059570312500e+02
2.359828948974609375e+02
3.820884094238281250e+02
1.880161285400390625e+02
3.201433410644531250e+02
5.960038452148437500e+02
2.599077453613281250e+02
3.374585266113281250e+02
6.109749145507812500e+02
7.077041625976562500e+02
3.125467529296875000e+02
2.260584106445312500e+02
2.421852111816406250e+02
1.765899810791015625e+02
4.111384277343750000e+02
2.382986297607421875e+02
2.849066162109375000e+02
4.633234863281250000e+02
7.538801269531250000e+02
4.198509826660156250e+02
3.697877197265625000e+02
2.685990600585937500e+02
5.207864990234375000e+02
2.408704833984375000e+02
8.563190460205078125e+01
7.985264892578125000e+02
4.649235839843750000e+02
6.027326049804687500e+02
4.269153747558593750e+02
2.738463745117187500e+02
3.368022155761718750e+02
1.349802093505859375e+02
1.678902740478515625e+02
5.468851928710937500e+02
3.891848449707031250e+02
6.491455688476562500e+02
3.698312377929687500e+02
5.088711547851562500e+02
3.151140747070312500e+02
6.179622192382812500e+02
6.380278320312500000e+02
3.634839477539062500e+02
5.875126953125000000e+02
4.853347473144531250e+02
2.243328552246093750e+02
3.292684020996093750e+02
5.140934448242187500e+02
3.247763671875000000e+02
7.109963378906250000e+02
4.085739746093750000e+02
3.537192687988281250e+02
2.851695556640625000e+02
3.106550292968750000e+02
5.176376953125000000e+02
6.834991455078125000e+02
5.090938720703125000e+02
4.578609008789062500e+02
1.046873535156250000e+03
3.653539733886718750e+02
6.613302612304687500e+02
9.044484252929687500e+02
6.472509765625000000e+02
4.063251037597656250e+02
6.028834228515625000e+02
4.807243652343750000e+02
6.795549316406250000e+02
3.045065002441406250e+02
5.966095581054687500e+02
4.996416320800781250e+02
5.221371459960937500e+02
3.678203125000000000e+02
4.022680358886718750e+02
7.794531860351562500e+02
7.830250854492187500e+02
6.136543579101562500e+02
2.702956542968750000e+02
3.108888854980468750e+02
2.974394226074218750e+02
5.664055786132812500e+02
3.217337036132812500e+02
2.075106048583984375e+02
6.694439086914062500e+02
1.264413085937500000e+03
2.293161010742187500e+02
3.061677856445312500e+02
5.296313476562500000e+02
2.339543914794921875e+02
3.865055847167968750e+02
3.696054077148437500e+02
8.021527099609375000e+02
5.462263183593750000e+02
3.864496154785156250e+02
2.445557556152343750e+02
7.137571411132812500e+02
7.569033813476562500e+02
1.367135009765625000e+02
4.102482910156250000e+02
6.048269042968750000e+02
2.259837188720703125e+02
5.457109985351562500e+02
5.824108276367187500e+02
3.715645446777343750e+02
6.720923461914062500e+02
4.216113891601562500e+02
6.668415527343750000e+02
4.590215454101562500e+02
3.194324035644531250e+02
4.711114501953125000e+02
4.774206237792968750e+02
7.797994384765625000e+02
5.945363769531250000e+02
4.583150939941406250e+02
6.827898559570312500e+02
4.948339233398437500e+02
3.207383728027343750e+02
4.829524230957031250e+02
4.115198974609375000e+02
4.605469360351562500e+02
5.831892700195312500e+02
8.197537231445312500e+02
1.866702423095703125e+02
2.787116699218750000e+02
1.892997283935546875e+02
6.670252075195312500e+02
4.392763137817382812e+01
5.676942138671875000e+02
8.204518432617187500e+02
4.012649841308593750e+02
5.260910644531250000e+02
2.542706146240234375e+02
2.522170715332031250e+02
3.595286254882812500e+02
5.961718750000000000e+02
5.522312622070312500e+02
3.236015930175781250e+02
6.970788574218750000e+02
6.330227050781250000e+02
4.830745849609375000e+02
2.271392822265625000e+02
6.691915283203125000e+02
1.536981353759765625e+02
3.738863525390625000e+02
2.368146820068359375e+02
4.953435974121093750e+02
9.319240112304687500e+02
4.808330993652343750e+02
1.044431838989257812e+02
2.530982513427734375e+02
5.181848144531250000e+02
9.506876831054687500e+02
7.359040527343750000e+02
2.603208312988281250e+02
7.056184082031250000e+02
4.756861877441406250e+02
4.113192443847656250e+02
2.433567352294921875e+02
1.030415161132812500e+03
7.376261596679687500e+02
6.123417358398437500e+02
6.557536315917968750e+01
4.957013549804687500e+02
6.665718994140625000e+02
2.624244689941406250e+02
7.148216552734375000e+02
1.172593078613281250e+02
4.132368164062500000e+02
1.045205810546875000e+03
5.318358764648437500e+02
5.746944580078125000e+02
5.982667846679687500e+02
5.799713134765625000e+02
5.427255859375000000e+02
3.162207641601562500e+02
3.430255126953125000e+02
7.238305053710937500e+02
5.199169921875000000e+02
4.424763183593750000e+02
3.465355224609375000e+02
5.209593505859375000e+02
3.345762939453125000e+02
3.798473815917968750e+02
7.107391357421875000e+02
4.379492187500000000e+02
3.472042846679687500e+02
3.817033691406250000e+02
4.194793395996093750e+02
7.229906616210937500e+02
4.554130249023437500e+02
4.315373229980468750e+02
2.231510467529296875e+02
5.578575439453125000e+02
3.083493347167968750e+02
4.468830566406250000e+02
7.462637329101562500e+02
2.723802185058593750e+02
3.273502502441406250e+02
2.272473144531250000e+02
3.468500061035156250e+02
2.144499816894531250e+02
4.887912902832031250e+02
4.154992370605468750e+02
4.799937438964843750e+02
1.617457580566406250e+02
2.916355895996093750e+02
4.354689025878906250e+02
5.634609375000000000e+02
3.244183349609375000e+02
5.836841430664062500e+02
4.209013671875000000e+02
5.291015014648437500e+02
4.468219299316406250e+02
2.740886840820312500e+02
6.604052124023437500e+02
6.226417236328125000e+02
1.094273559570312500e+03
3.971216430664062500e+02
3.762921142578125000e+02
2.344696655273437500e+02
7.937614746093750000e+02
3.498763427734375000e+02
4.349338073730468750e+02
4.945540161132812500e+02
3.317992858886718750e+02
3.779556274414062500e+02
2.262543182373046875e+02
5.747431030273437500e+02
4.996094055175781250e+02
1.681388397216796875e+02
2.942665100097656250e+02
3.071007690429687500e+02
4.210705566406250000e+02
2.851109008789062500e+02
2.776256713867187500e+02
2.575769958496093750e+02
8.449018554687500000e+02
1.069716308593750000e+03
6.899284667968750000e+02
4.690752563476562500e+02
4.327523498535156250e+02
3.910968017578125000e+02
5.939431152343750000e+02
8.611931152343750000e+02
3.261484985351562500e+02
2.190460510253906250e+02
7.836879882812500000e+02
7.347393798828125000e+02
6.075984497070312500e+02
6.510623779296875000e+02
6.308156127929687500e+02
2.073360595703125000e+02
5.210204467773437500e+02
5.248378295898437500e+02
4.653604736328125000e+02
4.824026489257812500e+02
5.096490783691406250e+02
1.774793701171875000e+02
1.312008911132812500e+03
2.820116271972656250e+02
4.748244628906250000e+02
3.659427185058593750e+02
4.742699279785156250e+02
3.097394714355468750e+02
6.141738891601562500e+02
1.716163330078125000e+02
8.749659423828125000e+02
8.242751464843750000e+02
2.315612030029296875e+02
3.611925354003906250e+02
3.825484619140625000e+02
2.190708618164062500e+02
4.270023498535156250e+02
9.019724121093750000e+02
4.960438232421875000e+02
9.308522033691406250e+01
2.049746398925781250e+02
4.798030700683593750e+02
5.717298583984375000e+02
3.424237365722656250e+02
4.038482971191406250e+02
3.786507034301757812e+01
3.568551330566406250e+02
4.766746215820312500e+02
4.714286804199218750e+02
3.547314453125000000e+02
1.592458496093750000e+02
6.115603027343750000e+02
3.600097961425781250e+02
3.535519104003906250e+02
5.578408813476562500e+02
7.661089477539062500e+02
4.356531677246093750e+02
8.871881103515625000e+02
4.435916442871093750e+02
6.441602783203125000e+02
1.072188110351562500e+03
3.951767272949218750e+02
2.678096008300781250e+02
1.544703063964843750e+02
2.924053344726562500e+02
5.202244262695312500e+02
3.881302185058593750e+02
4.484207153320312500e+02
2.941158447265625000e+02
5.995054321289062500e+02
3.136268615722656250e+02
4.961739501953125000e+02
3.921160888671875000e+02
3.054879150390625000e+02
2.948759155273437500e+02
4.524487304687500000e+02
5.088681030273437500e+02
4.186686096191406250e+02
2.234560699462890625e+02
4.575093994140625000e+02
4.202906799316406250e+02
4.967334594726562500e+02
4.169454650878906250e+02
6.702153930664062500e+02
3.523195800781250000e+02
2.437786560058593750e+02
2.298877563476562500e+02
3.063249206542968750e+02
5.360694580078125000e+02
7.578183593750000000e+02
3.956041564941406250e+02
3.895127868652343750e+02
3.614570312500000000e+02
5.364185791015625000e+02
3.138001403808593750e+02
3.520787048339843750e+02
3.120114440917968750e+02
2.800440063476562500e+02
5.790838623046875000e+02
1.939702301025390625e+02
3.002917480468750000e+02
8.557169799804687500e+02
4.992929382324218750e+02
7.806801147460937500e+02
4.786865539550781250e+02
1.951045989990234375e+02
3.564042663574218750e+02
3.065445861816406250e+02
6.189296875000000000e+02
7.432886962890625000e+02
1.937868957519531250e+02
1.678457336425781250e+02
3.830398864746093750e+02
5.444204101562500000e+02
2.562120056152343750e+02
7.548578491210937500e+02
1.552044830322265625e+02
2.145485687255859375e+02
8.809864044189453125e+01
4.804436340332031250e+02
3.626240844726562500e+02
1.722436218261718750e+02
5.330431518554687500e+02
6.469145507812500000e+02
5.038975524902343750e+02
4.806591491699218750e+02
4.675882263183593750e+02
9.805764160156250000e+02
3.290163269042968750e+02
3.352879333496093750e+02
6.697106933593750000e+02
3.093170166015625000e+02
5.523422241210937500e+02
1.416290588378906250e+02
2.879659118652343750e+02
6.201088867187500000e+02
6.665808105468750000e+02
3.823303527832031250e+02
6.709939575195312500e+01
4.084141540527343750e+02
4.341334838867187500e+02
5.010465393066406250e+02
2.853780212402343750e+02
6.031264648437500000e+02
3.637471618652343750e+02
5.524105834960937500e+02
7.600736083984375000e+02
7.578894042968750000e+02
4.944224243164062500e+02
5.305250854492187500e+02
2.911005249023437500e+02
4.868133544921875000e+02
4.235165710449218750e+02
1.489812011718750000e+02
4.142074279785156250e+02
2.263200225830078125e+02
3.637361755371093750e+02
3.518814392089843750e+02
6.322039184570312500e+02
5.984973754882812500e+02
5.472583618164062500e+02
4.991709594726562500e+02
3.086142883300781250e+02
1.309888763427734375e+02
3.858419494628906250e+02
2.743233337402343750e+02
5.202433471679687500e+02
2.518320770263671875e+02
5.863555908203125000e+02
3.425518493652343750e+02
2.137402038574218750e+02
5.231552124023437500e+02
2.604442443847656250e+02
7.176788940429687500e+02
1.937841949462890625e+02
4.180781250000000000e+02
2.643423767089843750e+02
5.391667480468750000e+02
2.064284667968750000e+02
3.938660278320312500e+02
3.913422851562500000e+02
4.755227966308593750e+02
6.679262695312500000e+02
4.352274780273437500e+02
3.666380004882812500e+02
4.686127014160156250e+02
4.698314514160156250e+02
5.911947631835937500e+02
2.462567291259765625e+02
3.438068847656250000e+02
8.006392211914062500e+02
8.642357788085937500e+02
2.582745361328125000e+02
6.040078125000000000e+02
4.948883361816406250e+02
6.406362304687500000e+02
4.041021118164062500e+02
5.937131347656250000e+02
3.899763183593750000e+02
4.899241638183593750e+02
4.727952575683593750e+02
5.267343139648437500e+02
4.296813659667968750e+02
6.986179809570312500e+02
3.167870178222656250e+02
2.893326110839843750e+02
7.585306396484375000e+02
4.441837768554687500e+02
6.972650756835937500e+02
2.312227935791015625e+02
1.827788848876953125e+02
6.735642089843750000e+02
6.684089965820312500e+02
6.750410766601562500e+02
9.299705810546875000e+02
2.126309204101562500e+02
5.254556884765625000e+02
2.989091491699218750e+02
1.017962646484375000e+03
2.732411804199218750e+02
4.819187622070312500e+02
5.172152099609375000e+02
7.954776000976562500e+02
1.745086975097656250e+02
4.081522521972656250e+02
5.014581604003906250e+02
3.057680969238281250e+02
6.687711791992187500e+02
7.265732421875000000e+02
7.730718994140625000e+02
6.266380615234375000e+02
2.475422668457031250e+02
3.635544128417968750e+02
6.739509277343750000e+02
4.992980041503906250e+02
5.351588745117187500e+02
3.425805358886718750e+02
6.694926147460937500e+02
5.784926757812500000e+02
6.118309326171875000e+02
3.957016601562500000e+02
5.572817993164062500e+02
2.690147399902343750e+02
3.790237731933593750e+02
3.398616027832031250e+02
6.045446777343750000e+02
2.959040222167968750e+02
3.644232788085937500e+02
4.351900939941406250e+02
1.072652343750000000e+03
2.976029052734375000e+02
2.765644226074218750e+02
6.796559448242187500e+02
4.260913696289062500e+02
2.851154785156250000e+02
3.149519958496093750e+02
3.393401184082031250e+02
5.879430541992187500e+02
2.267640533447265625e+02
6.545977172851562500e+02
2.146647338867187500e+02
3.561396484375000000e+02
4.145218505859375000e+02
6.315973510742187500e+02
5.343886718750000000e+02
3.848503723144531250e+02
5.353560180664062500e+02
2.721573181152343750e+02
2.488908081054687500e+02
1.925538024902343750e+02
5.159650268554687500e+02
3.406721496582031250e+02
2.376204528808593750e+02
3.419171447753906250e+02
3.594144897460937500e+02
4.445597534179687500e+02
4.489582824707031250e+02
4.474397277832031250e+02
5.092659301757812500e+02
5.222202148437500000e+02
1.998840637207031250e+02
6.750648193359375000e+02
3.642225036621093750e+02
4.812122192382812500e+02
9.976730957031250000e+02
2.714201354980468750e+02
4.796673889160156250e+02
3.954045104980468750e+02
2.729066162109375000e+02
1.801785888671875000e+02
4.634780273437500000e+02
2.252906494140625000e+02
1.102121505737304688e+02
2.315613098144531250e+02
4.008571472167968750e+02
4.685459594726562500e+02
4.893143920898437500e+02
4.755797424316406250e+02
6.611660156250000000e+02
7.438582763671875000e+02
4.900538940429687500e+02
4.112791137695312500e+02
4.072678833007812500e+02
9.386254882812500000e+02
2.932080383300781250e+02
4.115756225585937500e+02
4.368158264160156250e+02
5.694741210937500000e+02
3.138825378417968750e+02
5.737924804687500000e+02
5.952991333007812500e+02
9.099549560546875000e+02
5.790614624023437500e+02
4.865771789550781250e+02
7.761670532226562500e+02
3.411961975097656250e+02
3.910368347167968750e+02
4.892268676757812500e+02
5.579500122070312500e+02
4.163964233398437500e+02
5.774503784179687500e+02
1.947086791992187500e+02
1.350641937255859375e+02
4.997756652832031250e+02
5.426096191406250000e+02
2.053967590332031250e+02
2.847298583984375000e+02
2.427321472167968750e+02
6.262700805664062500e+02
2.593260803222656250e+02
4.518109436035156250e+02
4.019849853515625000e+02
4.996947326660156250e+02
3.220993957519531250e+02
7.608496704101562500e+02
2.387846374511718750e+02
4.171690368652343750e+02
8.267681884765625000e+02
6.314968261718750000e+02
3.184830932617187500e+02
7.024830322265625000e+02
4.899731445312500000e+02
3.534371032714843750e+02
6.229156494140625000e+02
4.479158935546875000e+02
3.036827392578125000e+02
4.987637939453125000e+02
5.548302612304687500e+02
3.225236816406250000e+02
8.124550781250000000e+02
2.845527954101562500e+02
1.473164520263671875e+02
4.211610412597656250e+02
1.181556762695312500e+03
4.012158813476562500e+02
1.070562377929687500e+03
2.854239196777343750e+02
5.385526123046875000e+02
6.288584594726562500e+02
3.933957824707031250e+02
3.775670776367187500e+02
5.139687500000000000e+02
3.264556579589843750e+02
3.261016540527343750e+02
1.747162017822265625e+02
4.129075317382812500e+02
1.604431762695312500e+02
5.544964599609375000e+02
3.279300231933593750e+02
2.911059875488281250e+02
4.768765258789062500e+02
4.001057739257812500e+02
4.050038452148437500e+02
5.214343261718750000e+02
3.735062866210937500e+02
2.675047302246093750e+02
6.053734130859375000e+02
6.672991333007812500e+02
6.054544067382812500e+02
2.548184051513671875e+02
5.046889343261718750e+02
5.036903686523437500e+02
6.707011718750000000e+02
1.428649139404296875e+02
4.630870056152343750e+02
7.080733032226562500e+02
3.809337158203125000e+02
4.262124328613281250e+02
3.080526428222656250e+02
3.192880554199218750e+02
3.242489013671875000e+02
1.448654327392578125e+02
6.100983276367187500e+02
4.252123107910156250e+02
7.078124389648437500e+02
2.044384002685546875e+02
2.293282165527343750e+02
4.340774230957031250e+02
2.475357666015625000e+02
4.132456665039062500e+02
1.948156127929687500e+02
2.618889465332031250e+02
4.878501281738281250e+02
2.780792846679687500e+02
3.962309875488281250e+02
4.354443969726562500e+02
3.323761901855468750e+02
7.520220947265625000e+02
5.000391540527343750e+02
3.713551330566406250e+02
2.936205444335937500e+02
6.360277709960937500e+02
4.871007385253906250e+02
5.364519042968750000e+02
6.873679199218750000e+02
5.117673339843750000e+02
3.904520874023437500e+02
3.627126464843750000e+02
4.153676452636718750e+02
4.487100830078125000e+02
2.566126098632812500e+02
3.803407287597656250e+02
9.576582641601562500e+02
3.856203308105468750e+02
1.197027099609375000e+03
5.667953491210937500e+02
5.008555908203125000e+02
6.581168823242187500e+02
8.982488403320312500e+02
4.187108764648437500e+02
4.373038635253906250e+02
4.299855346679687500e+02
3.190834655761718750e+02
5.454870605468750000e+02
3.031681213378906250e+02
4.744470825195312500e+02
4.911487731933593750e+02
3.037171020507812500e+02
3.240289001464843750e+02
3.210661621093750000e+02
3.296843566894531250e+02
4.186839599609375000e+02
7.760653686523437500e+02
5.494110717773437500e+02
4.108602600097656250e+02
3.186992492675781250e+02
3.334741516113281250e+02
4.935499877929687500e+02
3.929166259765625000e+02
4.655957336425781250e+02
4.946166381835937500e+02
2.381746063232421875e+02
4.470780029296875000e+02
5.470968627929687500e+02
4.881141662597656250e+02
3.366217346191406250e+02
3.582615051269531250e+02
5.438311767578125000e+02
5.986583251953125000e+02
1.520458221435546875e+02
4.144196777343750000e+02
2.539984588623046875e+02
3.069589843750000000e+02
4.520336608886718750e+02
3.495154113769531250e+02
3.504841613769531250e+02
3.647201232910156250e+02
4.961389160156250000e+02
8.203444213867187500e+02
4.371564331054687500e+02
3.466696472167968750e+02
1.601137084960937500e+02
2.916542968750000000e+02
6.019922485351562500e+02
4.510791320800781250e+02
4.208221740722656250e+02
3.702447509765625000e+02
4.911981506347656250e+02
4.673845214843750000e+02
4.702712402343750000e+02
3.950213012695312500e+02
3.796320190429687500e+02
5.897743530273437500e+02
3.629989929199218750e+02
7.209240722656250000e+02
2.096222534179687500e+02
6.847207031250000000e+02
3.815933227539062500e+02
7.522418975830078125e+01
5.667360839843750000e+02
3.472190856933593750e+02
5.029864807128906250e+02
4.430495910644531250e+02
3.895732727050781250e+02
2.666442871093750000e+02
6.233223266601562500e+02
4.782080383300781250e+02
9.945824584960937500e+02
3.344103698730468750e+02
5.575717163085937500e+02
7.255891723632812500e+02
4.424635314941406250e+02
3.602388610839843750e+02
5.958724365234375000e+02
3.015212402343750000e+02
2.922024230957031250e+02
5.447819213867187500e+02
1.444411621093750000e+02
1.931754608154296875e+02
3.839510498046875000e+02
4.315151977539062500e+02
6.715372314453125000e+02
7.784528198242187500e+02
3.769809875488281250e+02
4.787481994628906250e+02
8.344627075195312500e+02
7.130173950195312500e+02
1.389851379394531250e+02
2.089538421630859375e+02
1.236715774536132812e+02
5.105930175781250000e+02
2.694337463378906250e+02
9.325025939941406250e+01
5.055856323242187500e+02
3.136589050292968750e+02
3.310708007812500000e+02
4.512006225585937500e+02
7.994735107421875000e+02
5.142413940429687500e+02
6.537025756835937500e+02
3.122123107910156250e+02
4.391987609863281250e+02
5.806875610351562500e+02
6.614183044433593750e+01
3.442467956542968750e+02
2.124570617675781250e+02
3.049337463378906250e+02
3.430361938476562500e+02
3.571155090332031250e+02
5.411888427734375000e+02
4.816160888671875000e+02
1.872614898681640625e+02
4.219416198730468750e+02
3.595097045898437500e+02
5.929805908203125000e+02
5.401173706054687500e+02
3.770535583496093750e+02
7.015397338867187500e+02
1.930671691894531250e+02
4.292475891113281250e+02
2.592915954589843750e+02
3.810216674804687500e+02
2.419537506103515625e+02
5.385957031250000000e+02
1.512778320312500000e+02
9.969739990234375000e+02
3.827622375488281250e+02
4.903450012207031250e+02
1.145689392089843750e+02
4.591478271484375000e+02
4.057378845214843750e+02
4.396647033691406250e+02
4.113551025390625000e+02
4.405574340820312500e+02
5.211910400390625000e+02
5.194618530273437500e+02
7.975795288085937500e+02
3.212530822753906250e+02
3.547808227539062500e+02
5.314660034179687500e+02
6.413093261718750000e+02
3.239713745117187500e+02
2.295816497802734375e+02
7.319806518554687500e+02
3.818681335449218750e+02
6.171157836914062500e+02
2.852280883789062500e+02
8.929050903320312500e+02
5.619202270507812500e+02
3.676108398437500000e+02
2.671556701660156250e+02
6.240142211914062500e+02
5.959063110351562500e+02
9.148270874023437500e+02
5.493661499023437500e+02
4.444808654785156250e+02
3.384069519042968750e+02
6.607274169921875000e+02
5.207895507812500000e+02
5.177388305664062500e+02
1.474030456542968750e+02
6.492931518554687500e+02
5.601846313476562500e+02
3.668090515136718750e+02
5.737573623657226562e+01
4.179073791503906250e+02
8.238308715820312500e+02
4.042134399414062500e+02
5.391067504882812500e+02
4.059488220214843750e+02
4.270483398437500000e+02
4.820252990722656250e+02
4.979312133789062500e+02
4.931606750488281250e+02
5.022989807128906250e+02
5.798410644531250000e+02
8.134738769531250000e+02
3.407289733886718750e+02
3.769238891601562500e+02
2.800371398925781250e+02
5.247194213867187500e+02
4.758705139160156250e+02
5.283575439453125000e+02
3.599732971191406250e+02
4.636742858886718750e+02
6.276226806640625000e+02
3.576962890625000000e+02
4.628761291503906250e+02
2.345504455566406250e+02
3.992385559082031250e+02
8.544770507812500000e+02
6.958687133789062500e+02
4.302330627441406250e+02
9.255441284179687500e+02
8.891235351562500000e+02
1.892426910400390625e+02
2.104372711181640625e+02
7.221964111328125000e+02
4.685565490722656250e+02
6.908057250976562500e+02
3.315859375000000000e+02
2.464620513916015625e+02
6.714747924804687500e+02
3.909636230468750000e+02
9.057847595214843750e+01
4.549301757812500000e+02
1.918200683593750000e+02
5.014838562011718750e+02
3.343254394531250000e+02
5.243857421875000000e+02
2.815819396972656250e+02
2.287309112548828125e+02
4.042774963378906250e+02
1.918941802978515625e+02
1.544326171875000000e+02
4.810795898437500000e+02
1.687404479980468750e+02
5.695299072265625000e+02
4.264604492187500000e+02
6.342474365234375000e+02
1.008315673828125000e+03
3.743258666992187500e+02
1.793038177490234375e+02
4.222400207519531250e+02
3.296354064941406250e+02
2.828723144531250000e+02
5.538738403320312500e+02
2.514806518554687500e+02
6.082742919921875000e+02
4.822608032226562500e+02
3.914725036621093750e+02
4.657627563476562500e+02
1.280965728759765625e+02
4.826284790039062500e+02
3.284644470214843750e+02
7.937281494140625000e+02
3.612590026855468750e+02
3.048752136230468750e+02
5.218843994140625000e+02
4.568156738281250000e+02
1.090648803710937500e+03
5.607954101562500000e+02
6.300181274414062500e+02
1.970836029052734375e+02
5.290347900390625000e+02
2.869612426757812500e+02
3.800713500976562500e+02
3.798458862304687500e+02
4.125654602050781250e+02
2.401930999755859375e+02
3.369230041503906250e+02
8.818790283203125000e+02
5.388316040039062500e+02
2.751477966308593750e+02
8.238227539062500000e+02
3.862832031250000000e+02
6.072172241210937500e+02
4.838742370605468750e+02
6.241552124023437500e+02
3.636522521972656250e+02
5.870765380859375000e+02
8.310075683593750000e+02
5.981410522460937500e+02
2.795847473144531250e+02
5.544861450195312500e+02
3.352919616699218750e+02
3.282198486328125000e+02
2.563543701171875000e+02
1.217339248657226562e+02
2.192739257812500000e+02
3.662722473144531250e+02
5.570503540039062500e+02
3.816078491210937500e+02
5.368242187500000000e+02
4.307151489257812500e+02
5.589974365234375000e+02
3.253704833984375000e+02
2.539835662841796875e+02
3.971977539062500000e+02
5.298916625976562500e+02
2.804360656738281250e+02
3.119177856445312500e+02
5.612229614257812500e+02
4.395418395996093750e+02
6.091268920898437500e+02
4.187706909179687500e+02
2.987942810058593750e+02
4.944298400878906250e+02
1.981170196533203125e+02
7.773900756835937500e+02
6.175142822265625000e+02
5.462653808593750000e+02
2.782394714355468750e+02
5.887191772460937500e+02
4.331950073242187500e+02
6.616803588867187500e+02
2.525576782226562500e+02
7.397640380859375000e+02
2.500084838867187500e+02
4.943583068847656250e+02
5.575455322265625000e+02
5.570410156250000000e+02
2.911706848144531250e+02
1.363393859863281250e+02
7.129565429687500000e+02
5.175979614257812500e+02
3.074653320312500000e+02
6.347506103515625000e+02
5.698757934570312500e+02
1.170941009521484375e+02
2.785944213867187500e+02
4.996210021972656250e+02
4.813227233886718750e+02
4.982851257324218750e+02
4.418981018066406250e+02
4.415562744140625000e+02
9.838274536132812500e+02
4.069425354003906250e+02
4.176468811035156250e+02
3.951354980468750000e+02
3.142053222656250000e+02
3.466857604980468750e+02
4.427224731445312500e+02
5.042100219726562500e+02
3.503012084960937500e+02
3.451906738281250000e+02
3.176253662109375000e+02
4.257506713867187500e+02
6.642049560546875000e+02
4.679064331054687500e+02
1.757062377929687500e+02
8.256189575195312500e+02
7.036380615234375000e+02
4.189128112792968750e+02
2.759022216796875000e+02
2.763510742187500000e+02
6.853885498046875000e+02
6.169931030273437500e+02
2.403401947021484375e+02
5.965662841796875000e+02
3.900803527832031250e+02
6.284487304687500000e+02
5.966363525390625000e+02
5.890903320312500000e+02
5.800722045898437500e+02
6.324682006835937500e+02
4.377296447753906250e+02
2.196487274169921875e+02
6.747720336914062500e+02
3.745172119140625000e+02
8.020783691406250000e+02
1.181733169555664062e+02
9.660607147216796875e+01
2.393400421142578125e+02
5.884490966796875000e+02
1.967506713867187500e+02
3.049133911132812500e+02
4.255610656738281250e+02
7.614506225585937500e+02
1.115069580078125000e+03
6.039109497070312500e+02
4.186515808105468750e+02
2.693450927734375000e+02
5.380358276367187500e+02
8.345722045898437500e+02
2.875480957031250000e+02
5.595661621093750000e+02
8.662744750976562500e+02
1.028766845703125000e+03
7.713015136718750000e+02
4.913817749023437500e+02
3.374397277832031250e+02
4.424602966308593750e+02
3.129586486816406250e+02
4.061705322265625000e+02
3.938545837402343750e+02
6.541987915039062500e+02
4.654413757324218750e+02
2.846484985351562500e+02
2.059968261718750000e+02
5.538965454101562500e+02
3.223376770019531250e+02
6.246300659179687500e+02
7.156752929687500000e+02
3.514986267089843750e+02
4.316849670410156250e+02
1.289153137207031250e+02
2.966332092285156250e+02
1.018579711914062500e+03
4.531088867187500000e+02
7.260881958007812500e+02
3.403002929687500000e+02
2.952995910644531250e+02
1.518859252929687500e+02
1.077486938476562500e+03
3.553372192382812500e+02
2.839308471679687500e+02
2.273503570556640625e+02
4.239956665039062500e+02
3.483398437500000000e+02
2.649508666992187500e+02
1.749756164550781250e+02
6.022969970703125000e+02
3.325430297851562500e+02
5.075869140625000000e+02
3.877507934570312500e+02
3.426300048828125000e+02
3.463455505371093750e+02
5.621112670898437500e+02
6.609639282226562500e+02
4.768397521972656250e+02
5.707791748046875000e+02
2.516071166992187500e+02
2.322237091064453125e+02
7.315451049804687500e+02
2.502764739990234375e+02
8.201581420898437500e+02
4.347703247070312500e+02
6.137649536132812500e+02
3.316276550292968750e+02
8.718240356445312500e+02
5.962650756835937500e+02
1.079630004882812500e+03
3.971518859863281250e+02
5.270899658203125000e+02
4.746245422363281250e+02
4.480237731933593750e+02
1.860101013183593750e+02
5.451466674804687500e+02
3.987513427734375000e+02
6.123828125000000000e+02
2.140700836181640625e+02
7.828947143554687500e+02
5.304045410156250000e+02
1.152442703247070312e+02
1.182678222656250000e+03
4.736960144042968750e+02
4.955066833496093750e+02
7.174226074218750000e+02
4.628652038574218750e+02
6.888850097656250000e+02
5.953610229492187500e+02
5.601500244140625000e+02
6.121464843750000000e+02
2.930100708007812500e+02
5.456898803710937500e+02
5.956376953125000000e+02
6.957603149414062500e+02
4.169057006835937500e+02
3.709628906250000000e+02
4.910527038574218750e+02
4.683250732421875000e+02
3.376007690429687500e+02
1.272875610351562500e+03
7.749918212890625000e+02
2.201415252685546875e+02
2.792564392089843750e+02
3.911844482421875000e+02
2.955592041015625000e+02
9.923446655273437500e+01
3.790063171386718750e+02
6.912124633789062500e+02
6.588425903320312500e+02
5.817781372070312500e+02
4.096448669433593750e+02
4.519534301757812500e+02
2.292138671875000000e+02
5.266951293945312500e+02
5.664108276367187500e+02
6.578366851806640625e+01
7.128881225585937500e+02
2.474443969726562500e+02
4.321228637695312500e+02
3.731813354492187500e+02
4.293247375488281250e+02
5.367171020507812500e+02
3.807757568359375000e+02
3.547685852050781250e+02
2.050464477539062500e+02
3.121561584472656250e+02
3.674635314941406250e+02
6.775507812500000000e+02
3.934152221679687500e+02
4.732797241210937500e+02
6.696582641601562500e+02
2.192636413574218750e+02
9.214423828125000000e+02
1.431339111328125000e+02
4.364919128417968750e+02
6.472186279296875000e+02
3.234561767578125000e+02
1.800931549072265625e+02
5.447774047851562500e+02
4.010602111816406250e+02
2.892063903808593750e+02
6.117697753906250000e+02
8.725202636718750000e+02
7.371358032226562500e+02
2.658141784667968750e+02
2.099163665771484375e+02
6.226853637695312500e+02
2.270579681396484375e+02
6.194412841796875000e+02
4.166122436523437500e+02
2.454352111816406250e+02
1.035718994140625000e+03
3.167745056152343750e+02
5.595977783203125000e+02
3.368923034667968750e+02
5.303953857421875000e+02
5.729896240234375000e+02
6.973027343750000000e+02
5.146782836914062500e+02
5.918394165039062500e+02
4.353400268554687500e+02
7.081217041015625000e+02
2.186576385498046875e+02
4.381363220214843750e+02
1.812328796386718750e+02
5.598967895507812500e+02
5.208180541992187500e+02
3.318200683593750000e+02
3.654519958496093750e+02
1.202477722167968750e+02
1.342628662109375000e+03
5.775151367187500000e+02
4.566313781738281250e+02
4.127817077636718750e+02
1.461827545166015625e+02
5.997234497070312500e+02
6.030629272460937500e+02
3.024589538574218750e+02
5.476719360351562500e+02
6.504114990234375000e+02
3.109422912597656250e+02
5.151852416992187500e+02
4.592991027832031250e+02
5.835532226562500000e+02
3.237869567871093750e+02
5.841365966796875000e+02
3.635425720214843750e+02
6.729105834960937500e+02
6.447296752929687500e+02
2.467720794677734375e+02
4.796311645507812500e+02
6.600952148437500000e+02
5.319441528320312500e+02
8.377406005859375000e+02
2.137803955078125000e+02
5.462183837890625000e+02
4.609893493652343750e+02
8.111244506835937500e+02
8.606842651367187500e+02
3.583516845703125000e+02
4.290901489257812500e+02
6.526943359375000000e+02
2.784198608398437500e+02
5.102011108398437500e+02
2.583333129882812500e+02
3.342557373046875000e+02
2.364006042480468750e+02
3.301391601562500000e+02
3.953099060058593750e+02
5.982954711914062500e+02
3.398457031250000000e+02
4.564538574218750000e+02
6.096991577148437500e+02
4.295665588378906250e+02
4.158971862792968750e+02
7.070302734375000000e+02
1.260817565917968750e+02
6.379555664062500000e+02
3.860581970214843750e+02
3.230273132324218750e+02
4.641582336425781250e+02
5.147326660156250000e+02
6.219151000976562500e+02
3.403138122558593750e+02
4.132376403808593750e+02
2.136201934814453125e+02
2.974659118652343750e+02
9.466079711914062500e+02
6.356961059570312500e+02
5.753551635742187500e+02
1.710233001708984375e+02
2.515458526611328125e+02
3.768051147460937500e+02
1.064911499023437500e+03
7.651687622070312500e+02
7.951589965820312500e+02
4.199677734375000000e+02
4.551891479492187500e+02
1.960089263916015625e+02
2.678863830566406250e+02
4.793419494628906250e+02
4.692548522949218750e+02
3.203843078613281250e+02
2.438656768798828125e+02
3.566054382324218750e+02
6.829804687500000000e+02
5.203134765625000000e+02
6.315780029296875000e+02
2.841551208496093750e+02
3.643065490722656250e+02
3.876188354492187500e+02
2.072334136962890625e+02
4.681662597656250000e+02
3.339268493652343750e+02
6.495202636718750000e+02
5.437001342773437500e+02
1.200800399780273438e+02
5.898503417968750000e+02
1.297649047851562500e+03
3.743813171386718750e+02
4.172557678222656250e+02
5.290941162109375000e+02
4.394226074218750000e+02
8.043379516601562500e+02
7.441354980468750000e+02
2.032832794189453125e+02
8.212822265625000000e+02
4.625000305175781250e+02
3.162472839355468750e+02
9.801494750976562500e+02
5.722463989257812500e+02
3.564223632812500000e+02
6.359982299804687500e+02
5.242538452148437500e+02
5.373144531250000000e+02
4.561068115234375000e+02
2.864424133300781250e+02
6.541237792968750000e+02
2.458825531005859375e+02
7.186184082031250000e+02
3.241083374023437500e+02
9.469949951171875000e+02
5.451258544921875000e+02
5.696139526367187500e+02
6.120530395507812500e+02
5.321212158203125000e+02
4.049704284667968750e+02
4.115567932128906250e+02
5.009085388183593750e+02
8.351842041015625000e+02
1.329568634033203125e+02
4.685747680664062500e+02
4.088571472167968750e+02
4.487751770019531250e+02
5.402233276367187500e+02
5.355902709960937500e+02
5.273697509765625000e+02
1.479640045166015625e+02
4.688778076171875000e+02
7.590467529296875000e+02
5.086420593261718750e+02
5.869220581054687500e+02
1.977889099121093750e+02
1.666901550292968750e+02
5.458739624023437500e+02
2.778734741210937500e+02
2.301023864746093750e+02
4.448849182128906250e+02
2.853011169433593750e+02
4.447691345214843750e+02
2.444936828613281250e+02
6.051754150390625000e+02
2.074106292724609375e+02
6.285918579101562500e+02
4.805189819335937500e+02
9.350625000000000000e+02
4.856765747070312500e+02
3.629983520507812500e+02
7.677193603515625000e+02
3.975282592773437500e+02
2.853548278808593750e+02
5.289261474609375000e+02
5.088556518554687500e+02
6.560037841796875000e+02
6.709998168945312500e+02
3.281833190917968750e+02
3.278993835449218750e+02
4.046358642578125000e+02
3.912022399902343750e+02
5.738522338867187500e+02
6.900214843750000000e+02
6.888278198242187500e+02
5.948545532226562500e+02
6.470094604492187500e+02
1.133403625488281250e+02
2.850035705566406250e+02
3.650710449218750000e+02
1.642773742675781250e+02
5.898128662109375000e+02
3.653595275878906250e+02
3.595236816406250000e+02
5.507971801757812500e+02
2.103901519775390625e+02
1.529435882568359375e+02
6.227489624023437500e+02
2.889620666503906250e+02
2.505628967285156250e+02
3.544131774902343750e+02
4.856279907226562500e+02
1.114577560424804688e+02
2.158393249511718750e+02
4.050358581542968750e+02
3.409421081542968750e+02
8.715372314453125000e+02
7.182491455078125000e+02
2.577786560058593750e+02
6.731129150390625000e+02
3.111434020996093750e+02
3.783753356933593750e+02
2.483303527832031250e+02
8.042962646484375000e+01
4.617575988769531250e+02
1.956709136962890625e+02
2.692807922363281250e+02
4.349957885742187500e+02
5.077291564941406250e+02
6.069517211914062500e+02
8.089151000976562500e+02
5.675755004882812500e+02
3.902236022949218750e+02
7.294379272460937500e+02
8.410444946289062500e+02
4.623895263671875000e+02
6.425096893310546875e+01
4.741277465820312500e+02
5.633694458007812500e+02
5.667374877929687500e+02
9.086157226562500000e+02
4.241760864257812500e+02
4.320040588378906250e+02
3.497890014648437500e+02
6.905379028320312500e+02
9.030639648437500000e+02
3.916001892089843750e+02
3.961924133300781250e+02
6.176892089843750000e+02
1.887255706787109375e+02
4.997661132812500000e+02
5.817147216796875000e+02
6.440482788085937500e+02
5.823538208007812500e+02
1.798615875244140625e+02
4.565788574218750000e+02
3.397498779296875000e+02
5.717638549804687500e+02
8.374158325195312500e+02
5.746744384765625000e+02
8.130924682617187500e+02
3.193344726562500000e+02
6.261850585937500000e+02
4.825599670410156250e+02
4.688085937500000000e+02
5.021890563964843750e+02
4.987251892089843750e+02
3.800198669433593750e+02
5.342813110351562500e+02
5.063854675292968750e+02
4.470197753906250000e+02
2.654300231933593750e+02
3.701982116699218750e+02
2.654628295898437500e+02
7.767879638671875000e+02
3.851745300292968750e+02
2.229673767089843750e+02
4.425068054199218750e+02
6.770441284179687500e+02
7.362649536132812500e+02
1.704188385009765625e+02
5.968366088867187500e+02
3.340113525390625000e+02
4.690713500976562500e+02
6.637987060546875000e+02
6.257562255859375000e+02
2.135785980224609375e+02
3.746330566406250000e+02
3.741825256347656250e+02
1.403854064941406250e+02
6.493123168945312500e+02
3.021799926757812500e+02
6.214664916992187500e+02
5.580380859375000000e+02
4.646692504882812500e+02
4.365352783203125000e+02
3.227041015625000000e+02
3.079711608886718750e+02
3.639224853515625000e+02
1.559364929199218750e+02
5.068343811035156250e+02
2.968702087402343750e+02
6.296556396484375000e+02
3.467205200195312500e+02
1.214203186035156250e+02
6.109142456054687500e+02
2.411924743652343750e+02
8.737545166015625000e+02
3.137490234375000000e+02
2.896152038574218750e+02
8.508778076171875000e+02
5.223078613281250000e+02
4.972007446289062500e+02
3.124224548339843750e+02
6.033941650390625000e+02
5.595336914062500000e+02
6.566035156250000000e+02
2.788901367187500000e+02
6.608255004882812500e+02
3.646466369628906250e+02
3.665370178222656250e+02
5.114936828613281250e+02
1.607971191406250000e+02
6.123783569335937500e+02
1.055617553710937500e+03
3.012686157226562500e+02
1.001715209960937500e+03
1.555510253906250000e+02
7.389292602539062500e+02
8.337692871093750000e+02
2.499838562011718750e+02
3.873995361328125000e+02
3.304314575195312500e+02
4.546047973632812500e+02
3.909381408691406250e+02
6.468594360351562500e+02
1.138399536132812500e+03
3.952388000488281250e+02
6.034566650390625000e+02
5.615062255859375000e+02
5.104726562500000000e+02
3.902072753906250000e+02
2.824333496093750000e+02
7.611762084960937500e+02
4.952713623046875000e+02
4.073135070800781250e+02
6.151680908203125000e+02
7.098153076171875000e+02
4.264709167480468750e+02
2.933664245605468750e+02
7.887082519531250000e+02
3.330419921875000000e+02
7.448131713867187500e+02
3.219508666992187500e+02
4.501382751464843750e+02
8.039910278320312500e+02
4.523823242187500000e+02
9.720618286132812500e+02
2.358192138671875000e+02
5.072259521484375000e+02
3.504958190917968750e+02
3.627170715332031250e+02
4.119804077148437500e+02
4.112911376953125000e+02
7.572443237304687500e+02
7.213615722656250000e+02
4.352777404785156250e+02
8.044807128906250000e+02
4.858342895507812500e+02
8.404433593750000000e+02
2.636159057617187500e+02
2.698315429687500000e+02
6.121109008789062500e+02
2.522488250732421875e+02
4.726839904785156250e+02
6.660701904296875000e+02
7.979329833984375000e+02
4.861856079101562500e+02
3.028394775390625000e+02
5.961848144531250000e+02
5.709454956054687500e+02
5.607106323242187500e+02
4.135932617187500000e+02
3.901411132812500000e+02
2.675114135742187500e+02
6.862812500000000000e+02
7.177267456054687500e+02
4.961401062011718750e+02
5.333291625976562500e+02
5.965994262695312500e+02
7.163973999023437500e+02
3.978276977539062500e+02
5.461888427734375000e+02
5.264711914062500000e+02
4.889609680175781250e+02
2.392328338623046875e+02
5.879204711914062500e+02
3.462572631835937500e+02
5.721206054687500000e+02
8.417634887695312500e+02
3.642530212402343750e+02
2.677900695800781250e+02
5.382672119140625000e+02
2.966440124511718750e+02
5.525573120117187500e+02
1.634094390869140625e+02
7.862368774414062500e+02
4.400588378906250000e+02
4.650594787597656250e+02
2.821022949218750000e+02
2.166047821044921875e+02
4.548779296875000000e+02
2.135888671875000000e+02
6.994523315429687500e+02
2.553247375488281250e+02
9.867165527343750000e+02
2.475838012695312500e+02
4.715359497070312500e+02
5.004763488769531250e+02
4.937569274902343750e+02
6.579298095703125000e+02
6.227876586914062500e+02
7.230386962890625000e+02
3.561733703613281250e+02
3.989443054199218750e+02
6.172008666992187500e+02
1.064994995117187500e+03
4.720028381347656250e+02
5.650214843750000000e+02
4.868022766113281250e+02
9.368164062500000000e+02
5.591258544921875000e+02
2.718949279785156250e+02
7.371112823486328125e+01
5.055315246582031250e+02
1.556531677246093750e+02
6.720813598632812500e+02
5.267770385742187500e+02
4.939987487792968750e+02
5.584370727539062500e+02
5.939722290039062500e+02
2.969360351562500000e+02
4.398775634765625000e+02
5.095541381835937500e+02
4.272911682128906250e+02
2.605871582031250000e+02
3.830131835937500000e+02
6.586712036132812500e+02
5.355178833007812500e+02
6.507910156250000000e+02
1.874503326416015625e+02
4.551721801757812500e+02
3.286914978027343750e+02
5.601307983398437500e+02
4.868716125488281250e+02
4.022060852050781250e+02
2.137894592285156250e+02
5.620911254882812500e+02
5.661624145507812500e+02
9.425668945312500000e+02
2.618667602539062500e+02
6.587010498046875000e+02
1.897552947998046875e+02
5.022980346679687500e+02
2.630484313964843750e+02
6.594484252929687500e+02
4.955020751953125000e+02
5.608065795898437500e+02
4.413245544433593750e+02
6.782042236328125000e+02
5.817011108398437500e+02
2.962568969726562500e+02
4.471004333496093750e+02
5.206871337890625000e+02
3.183576965332031250e+02
4.757335205078125000e+02
4.210780944824218750e+02
5.281137695312500000e+02
5.546981811523437500e+02
2.114612884521484375e+02
5.644165039062500000e+02
6.895872192382812500e+02
8.146325683593750000e+02
2.799013366699218750e+02
3.807274780273437500e+02
6.320429687500000000e+02
2.103987731933593750e+02
7.039540405273437500e+02
7.543142700195312500e+02
2.087861785888671875e+02
2.849638061523437500e+02
2.986923522949218750e+02
2.834223937988281250e+02
3.244609985351562500e+02
4.392167053222656250e+02
9.169625244140625000e+02
8.220592041015625000e+02
4.186635131835937500e+02
3.492034606933593750e+02
4.483400878906250000e+02
6.664165039062500000e+02
1.794002075195312500e+02
2.849165039062500000e+02
6.964570922851562500e+02
3.312418518066406250e+02
6.489755859375000000e+02
5.285660400390625000e+02
5.760089721679687500e+02
5.094997253417968750e+02
4.371185913085937500e+02
6.759607543945312500e+02
3.950781860351562500e+02
2.662731933593750000e+02
7.956867675781250000e+02
4.015527648925781250e+02
5.412811279296875000e+02
4.164354248046875000e+02
1.703006591796875000e+02
3.469196166992187500e+02
3.625958557128906250e+02
4.029014282226562500e+02
1.495085754394531250e+02
4.866178283691406250e+02
3.589595031738281250e+02
7.641332397460937500e+02
6.657741088867187500e+02
4.369996032714843750e+02
4.821591796875000000e+02
5.048588867187500000e+02
6.727914428710937500e+02
4.624111938476562500e+02
3.202336425781250000e+02
3.741572265625000000e+02
5.461294555664062500e+02
4.100527954101562500e+02
4.286391906738281250e+02
5.081321716308593750e+02
5.335619506835937500e+02
6.226117553710937500e+02
6.632893066406250000e+02
2.647408752441406250e+02
6.581813964843750000e+02
5.148375854492187500e+02
3.065908508300781250e+02
7.159085693359375000e+02
6.263726806640625000e+02
7.288301391601562500e+02
1.887431945800781250e+02
4.464159240722656250e+02
3.451049804687500000e+02
7.512100219726562500e+02
5.276687622070312500e+02
3.154256591796875000e+02
3.415400085449218750e+02
6.122111206054687500e+02
1.139613281250000000e+03
2.967094421386718750e+02
1.081735382080078125e+02
5.972959594726562500e+02
1.657751464843750000e+02
4.295502319335937500e+02
3.151012573242187500e+02
3.549879760742187500e+02
1.965765228271484375e+02
4.599320068359375000e+02
4.543266296386718750e+02
4.985324096679687500e+02
2.522705688476562500e+02
7.197629394531250000e+02
8.647887573242187500e+02
1.179984283447265625e+02
4.913834533691406250e+02
3.956052856445312500e+02
5.080522155761718750e+02
6.255071411132812500e+02
3.285205078125000000e+02
1.458253173828125000e+02
4.565881652832031250e+02
3.961469421386718750e+02
4.881424560546875000e+02
2.817534484863281250e+02
4.362074890136718750e+02
1.398587890625000000e+03
5.394476318359375000e+02
4.179072265625000000e+02
4.004966125488281250e+02
6.089295654296875000e+02
8.714409790039062500e+02
2.052339477539062500e+02
6.913724365234375000e+02
5.230515747070312500e+02
4.856373596191406250e+02
3.991881713867187500e+02
7.578572387695312500e+02
3.098595275878906250e+02
4.541145629882812500e+02
8.647874755859375000e+02
6.231713867187500000e+02
3.947323608398437500e+02
3.951062316894531250e+02
4.984802856445312500e+02
4.548947448730468750e+02
6.555108642578125000e+02
3.524271545410156250e+02
5.422922363281250000e+02
3.134564208984375000e+02
6.491975097656250000e+02
6.284244918823242188e+01
6.814561157226562500e+02
3.458356628417968750e+02
5.996528930664062500e+02
2.907725524902343750e+02
4.120552062988281250e+02
5.775471801757812500e+02
4.638735351562500000e+02
4.621960144042968750e+02
4.457038574218750000e+02
5.890593261718750000e+02
3.965862426757812500e+02
3.232477722167968750e+02
6.320375366210937500e+02
4.399909667968750000e+02
2.502413177490234375e+02
3.911180419921875000e+02
3.720320129394531250e+02
4.379444580078125000e+02
3.740696716308593750e+02
7.804368591308593750e+01
3.242670898437500000e+02
5.055519104003906250e+02
6.886834716796875000e+02
4.961141052246093750e+02
3.779425659179687500e+02
4.088292236328125000e+02
4.946310729980468750e+02
6.052961425781250000e+02
4.301187133789062500e+02
5.345614624023437500e+02
5.285553588867187500e+02
4.220505676269531250e+02
4.366876831054687500e+02
4.967545776367187500e+02
4.652644042968750000e+02
5.102580871582031250e+02
3.551334533691406250e+02
7.774472656250000000e+02
1.610000915527343750e+02
7.623624267578125000e+02
5.474315185546875000e+02
2.936697082519531250e+02
6.255875854492187500e+02
4.730833129882812500e+02
4.725113525390625000e+02
1.925678100585937500e+02
1.172002441406250000e+03
3.947599487304687500e+02
4.317448120117187500e+02
5.815087280273437500e+02
6.232178344726562500e+02
4.145075073242187500e+02
2.257117767333984375e+02
4.429971008300781250e+02
2.080294342041015625e+02
3.826510009765625000e+02
7.489160766601562500e+02
3.321884460449218750e+02
5.819686889648437500e+02
3.637261352539062500e+02
9.071487426757812500e+02
4.494265136718750000e+02
3.694233398437500000e+02
3.875880432128906250e+02
4.544724731445312500e+02
7.002677612304687500e+02
2.161003875732421875e+02
3.622655639648437500e+02
9.733045043945312500e+02
4.322355651855468750e+02
4.086813354492187500e+02
1.549641479492187500e+03
4.833472290039062500e+02
2.476751251220703125e+02
5.266977539062500000e+02
6.007198486328125000e+02
8.709083557128906250e+01
7.810926513671875000e+02
5.080790100097656250e+02
