2.165182342529296875e+02
3.990933532714843750e+02
2.175339660644531250e+02
5.107063598632812500e+02
5.435693969726562500e+02
4.720794372558593750e+02
7.643439331054687500e+02
3.308354797363281250e+02
8.409501647949218750e+01
6.592692871093750000e+02
4.929143981933593750e+02
2.772522888183593750e+02
2.115847778320312500e+02
2.237732238769531250e+02
5.368441772460937500e+02
2.388869628906250000e+02
5.103139953613281250e+02
4.785056762695312500e+02
3.746776428222656250e+02
7.448035888671875000e+02
6.371943969726562500e+02
5.070264282226562500e+02
5.541256103515625000e+02
4.589260864257812500e+02
5.750241088867187500e+02
4.078466491699218750e+02
5.235207519531250000e+02
6.010529174804687500e+02
4.608575439453125000e+02
2.512802276611328125e+02
2.816487731933593750e+02
3.790010681152343750e+02
6.208236694335937500e+02
6.605532226562500000e+02
7.625386352539062500e+02
4.614941711425781250e+02
6.533371582031250000e+02
4.696059875488281250e+02
7.513709716796875000e+02
2.601364135742187500e+02
5.336300048828125000e+02
7.190095214843750000e+02
1.002146301269531250e+02
5.208620605468750000e+02
2.946169128417968750e+02
5.397442626953125000e+02
1.700625762939453125e+02
3.888646240234375000e+02
5.618741455078125000e+02
3.612020568847656250e+02
2.388442382812500000e+02
2.546784210205078125e+02
2.420079498291015625e+02
6.883861694335937500e+02
2.591082458496093750e+02
2.919319152832031250e+02
4.172013244628906250e+02
5.027924194335937500e+02
3.237719116210937500e+02
6.142775268554687500e+02
5.146037597656250000e+02
3.778013916015625000e+02
4.003071899414062500e+02
4.800088806152343750e+02
2.535880279541015625e+02
3.579530029296875000e+02
9.004915771484375000e+02
4.900028076171875000e+02
1.739665985107421875e+02
7.446861572265625000e+02
5.290011596679687500e+02
6.129077148437500000e+02
3.831276245117187500e+02
2.529948577880859375e+02
5.229015502929687500e+02
6.446972656250000000e+02
3.556010131835937500e+02
7.835513916015625000e+02
4.950036621093750000e+02
1.094450561523437500e+03
2.219630584716796875e+02
5.358293457031250000e+02
5.652142944335937500e+02
6.441936645507812500e+02
4.163410949707031250e+02
3.542453613281250000e+02
5.869887695312500000e+02
5.916032714843750000e+02
2.001925201416015625e+02
2.023634948730468750e+02
1.327533874511718750e+02
3.763202514648437500e+02
3.327502136230468750e+02
5.189243164062500000e+02
2.836793823242187500e+02
4.129846191406250000e+02
1.445631561279296875e+02
3.843815307617187500e+02
7.288200683593750000e+02
9.168101196289062500e+02
1.571655120849609375e+02
5.653206787109375000e+02
2.509509735107421875e+02
1.639664764404296875e+02
1.055769729614257812e+02
5.047026672363281250e+02
5.865497436523437500e+02
3.941341857910156250e+02
2.416942443847656250e+02
6.158953247070312500e+02
5.533726196289062500e+02
7.145560302734375000e+02
3.382781677246093750e+02
2.538523712158203125e+02
7.766838989257812500e+02
2.534891204833984375e+02
6.649168090820312500e+02
4.096719665527343750e+02
5.265812301635742188e+01
2.325196685791015625e+02
1.442211914062500000e+02
4.307528686523437500e+02
1.943605346679687500e+02
3.400597534179687500e+02
3.723195495605468750e+02
4.498281250000000000e+02
3.714229431152343750e+02
2.877018127441406250e+02
4.747489929199218750e+02
2.655446472167968750e+02
2.613840332031250000e+02
6.752433471679687500e+02
5.429597778320312500e+02
5.988489990234375000e+02
1.963447570800781250e+02
4.110498657226562500e+02
1.322463531494140625e+02
2.648719177246093750e+02
1.227137298583984375e+02
3.398275451660156250e+02
1.022032226562500000e+03
6.747810668945312500e+02
3.719862976074218750e+02
9.297399902343750000e+02
4.221741638183593750e+02
2.950498657226562500e+02
3.736850585937500000e+02
3.478423461914062500e+02
5.927501831054687500e+02
6.931269531250000000e+02
5.857538452148437500e+02
4.913161010742187500e+02
7.405350952148437500e+02
4.023698120117187500e+02
3.047389526367187500e+02
4.905238647460937500e+02
2.828176269531250000e+02
2.099725189208984375e+02
4.361589050292968750e+02
6.307184448242187500e+02
1.050811004638671875e+02
6.713632812500000000e+02
5.588838500976562500e+02
3.708239440917968750e+02
3.133928527832031250e+02
9.438867187500000000e+02
2.199258270263671875e+02
6.748914794921875000e+02
4.080636291503906250e+02
8.221671142578125000e+02
3.637813415527343750e+02
5.834487915039062500e+02
1.146671020507812500e+03
3.528932495117187500e+02
2.488868408203125000e+02
2.686319580078125000e+02
5.760565795898437500e+02
3.304040527343750000e+02
7.194369506835937500e+02
4.630453491210937500e+02
4.861666259765625000e+02
5.481720581054687500e+02
4.522095336914062500e+02
3.996848754882812500e+02
7.943372802734375000e+02
7.746471557617187500e+02
7.682659301757812500e+02
1.329447937011718750e+02
5.398791503906250000e+02
3.757656250000000000e+02
3.130963134765625000e+02
9.591513061523437500e+02
4.953880004882812500e+02
4.807400512695312500e+02
3.598617248535156250e+02
5.102685241699218750e+02
1.570001464843750000e+03
3.209373779296875000e+02
5.672355346679687500e+02
2.048918609619140625e+02
3.411022644042968750e+02
2.638722839355468750e+02
4.040224304199218750e+02
2.989393615722656250e+02
4.816559448242187500e+02
6.120134887695312500e+02
2.128522949218750000e+02
3.725933227539062500e+02
3.395750122070312500e+02
2.211381988525390625e+02
3.961204223632812500e+02
2.244039916992187500e+02
3.739164733886718750e+02
7.906122436523437500e+02
1.904316101074218750e+02
5.176845703125000000e+02
4.900408325195312500e+02
3.191617126464843750e+02
4.150741577148437500e+02
7.153131103515625000e+02
3.902167358398437500e+02
3.260985412597656250e+02
1.089737304687500000e+03
6.595379028320312500e+02
4.247768249511718750e+02
5.856685791015625000e+02
4.746527709960937500e+02
4.548571777343750000e+02
1.325156707763671875e+02
9.469346313476562500e+02
4.983732299804687500e+02
7.913720703125000000e+02
7.449728393554687500e+02
4.120239562988281250e+02
4.810632934570312500e+02
4.519380493164062500e+02
3.373286132812500000e+02
1.442056427001953125e+02
6.143743286132812500e+02
5.787094726562500000e+02
4.223109130859375000e+02
3.980797424316406250e+02
4.016490173339843750e+02
6.468759765625000000e+02
5.831323852539062500e+02
5.027927246093750000e+02
5.182442626953125000e+02
3.719511413574218750e+02
2.983392028808593750e+02
1.059556121826171875e+02
5.578189086914062500e+02
3.815963745117187500e+02
5.101392211914062500e+02
2.551324462890625000e+02
1.611217193603515625e+02
1.450605163574218750e+02
2.192921142578125000e+02
5.587288818359375000e+02
1.062072265625000000e+03
4.374161987304687500e+02
5.823628540039062500e+02
5.991785888671875000e+02
2.241277923583984375e+02
3.270729064941406250e+02
4.532550659179687500e+02
7.472975463867187500e+02
3.489178466796875000e+02
2.486804046630859375e+02
3.775127563476562500e+02
2.359911651611328125e+02
7.177527465820312500e+02
6.982438964843750000e+02
5.702611694335937500e+02
9.018138122558593750e+01
2.356445617675781250e+02
1.066920654296875000e+03
5.265034790039062500e+02
5.305940551757812500e+02
5.353739624023437500e+02
3.872001953125000000e+02
6.264708862304687500e+02
3.372132873535156250e+02
5.531491088867187500e+02
6.378024291992187500e+02
4.273206176757812500e+02
6.925471801757812500e+02
3.460677185058593750e+02
5.918164062500000000e+02
2.060400543212890625e+02
4.634389038085937500e+02
1.002966491699218750e+03
3.505073547363281250e+02
1.721135406494140625e+02
6.790294189453125000e+02
2.264103546142578125e+02
7.027689819335937500e+02
2.915516357421875000e+02
5.797905883789062500e+02
4.924909667968750000e+02
9.458671875000000000e+02
5.302399902343750000e+02
5.595112304687500000e+02
2.084093933105468750e+02
7.139846801757812500e+02
8.409815673828125000e+02
4.956958923339843750e+02
3.760081481933593750e+02
4.838536071777343750e+02
7.859823608398437500e+02
5.752431030273437500e+02
8.068190917968750000e+02
2.430323791503906250e+02
2.957721252441406250e+02
3.089551391601562500e+02
6.337042236328125000e+02
1.791008911132812500e+02
6.135981445312500000e+02
4.229052124023437500e+02
3.754187316894531250e+02
7.192198486328125000e+02
1.490146331787109375e+02
2.564772338867187500e+02
3.728508605957031250e+02
4.662875366210937500e+02
3.161339416503906250e+02
4.184620056152343750e+02
3.124563293457031250e+02
1.141039733886718750e+02
2.861457214355468750e+02
4.000734252929687500e+02
5.424336547851562500e+02
5.326994018554687500e+02
2.945885314941406250e+02
3.278695068359375000e+02
9.656397094726562500e+02
6.803338623046875000e+02
6.362445068359375000e+02
4.693106079101562500e+02
3.716678466796875000e+02
5.310965576171875000e+02
1.521912689208984375e+02
7.794187164306640625e+01
6.581796875000000000e+02
2.772280578613281250e+02
3.807052917480468750e+02
4.829245605468750000e+02
4.502975158691406250e+02
4.331971130371093750e+02
5.216434326171875000e+02
3.307610168457031250e+02
5.449674072265625000e+02
2.664242858886718750e+02
4.643127746582031250e+02
6.239944458007812500e+02
7.804241180419921875e+01
3.550602416992187500e+02
5.444533081054687500e+02
7.748413696289062500e+02
3.456036376953125000e+02
7.778833618164062500e+02
3.373148803710937500e+02
2.597210998535156250e+02
1.140223999023437500e+03
4.265907287597656250e+02
6.139507446289062500e+02
5.147532958984375000e+02
5.276104736328125000e+02
3.332463684082031250e+02
2.101674346923828125e+02
3.377778015136718750e+02
4.887561950683593750e+02
6.248808593750000000e+02
4.112334289550781250e+02
3.379240417480468750e+02
6.185877685546875000e+02
3.539516906738281250e+02
2.272628021240234375e+02
3.962967224121093750e+02
6.664533691406250000e+02
6.320124435424804688e+01
4.776474914550781250e+02
4.810269470214843750e+02
4.232383422851562500e+02
5.544187622070312500e+02
6.877573852539062500e+02
6.276764526367187500e+02
3.325603332519531250e+02
3.548364868164062500e+02
5.855822753906250000e+02
4.445119323730468750e+02
7.698849487304687500e+02
4.336049194335937500e+02
5.025870666503906250e+02
2.217327575683593750e+02
6.944376831054687500e+02
4.757821044921875000e+02
5.069450073242187500e+02
4.401415710449218750e+02
5.193936767578125000e+02
3.129047546386718750e+02
2.744996643066406250e+02
2.326443328857421875e+02
3.894183044433593750e+02
6.106253662109375000e+02
7.575087280273437500e+02
5.071881713867187500e+02
7.999533081054687500e+02
5.535966186523437500e+02
4.178208923339843750e+02
2.814088745117187500e+02
2.052236938476562500e+02
3.147606201171875000e+02
6.185686645507812500e+02
3.436518859863281250e+02
6.023463745117187500e+02
9.819672851562500000e+02
5.020715637207031250e+02
7.229202270507812500e+02
1.563613891601562500e+02
5.133275756835937500e+02
4.137978210449218750e+02
7.185367431640625000e+02
2.141307220458984375e+02
4.776041870117187500e+02
6.291558837890625000e+02
6.217090454101562500e+02
1.546864929199218750e+02
5.754197998046875000e+02
4.921883239746093750e+02
9.032669067382812500e+02
4.972907104492187500e+02
6.036123657226562500e+02
6.094059448242187500e+02
5.655883178710937500e+02
5.607371826171875000e+02
6.573462524414062500e+02
2.405925445556640625e+02
5.626193847656250000e+02
3.496901550292968750e+02
4.744425354003906250e+02
2.090504302978515625e+02
7.461581420898437500e+02
2.770807800292968750e+02
5.682247314453125000e+02
4.457007446289062500e+02
3.654440917968750000e+02
7.910030517578125000e+02
1.666964416503906250e+02
9.399700317382812500e+02
1.550358428955078125e+02
3.707118835449218750e+02
4.614464416503906250e+02
5.481822509765625000e+02
1.472457427978515625e+02
4.007159118652343750e+02
1.246810302734375000e+03
4.548966369628906250e+02
1.051396728515625000e+03
5.796873779296875000e+02
1.776949157714843750e+02
2.372860412597656250e+02
3.168193664550781250e+02
5.738995971679687500e+02
2.722688598632812500e+02
5.440979003906250000e+02
3.569440307617187500e+02
5.970441894531250000e+02
5.555571289062500000e+02
3.610375976562500000e+02
5.313599243164062500e+02
6.050446777343750000e+02
2.851489562988281250e+02
3.640878601074218750e+02
3.259468078613281250e+02
3.362316284179687500e+02
6.354244384765625000e+02
5.882016601562500000e+02
3.943263244628906250e+02
3.780944824218750000e+02
4.209288940429687500e+02
1.465162200927734375e+02
8.039949951171875000e+02
3.262349853515625000e+02
6.596097412109375000e+02
3.543248291015625000e+02
5.055671997070312500e+02
4.359554443359375000e+02
4.909006347656250000e+02
3.023275146484375000e+02
3.280828857421875000e+02
8.671997070312500000e+02
4.324349365234375000e+02
4.172477111816406250e+02
4.194325866699218750e+02
3.536153869628906250e+02
5.726207885742187500e+02
6.965539550781250000e+02
3.123498535156250000e+02
3.517147827148437500e+02
4.441487121582031250e+02
4.547411804199218750e+02
3.407343444824218750e+02
3.748288269042968750e+02
7.575579833984375000e+02
3.696463012695312500e+02
3.207268981933593750e+02
3.759479980468750000e+02
2.276418457031250000e+02
6.526265869140625000e+02
5.496064453125000000e+02
4.971491088867187500e+02
4.955398254394531250e+02
1.858609008789062500e+02
3.946919555664062500e+02
2.462584533691406250e+02
3.978067016601562500e+02
4.149526367187500000e+02
2.998320922851562500e+02
2.436406707763671875e+02
1.663614959716796875e+02
4.869981079101562500e+02
6.445823974609375000e+02
2.308144073486328125e+02
4.040927429199218750e+02
3.502178344726562500e+02
3.325364990234375000e+02
4.036036987304687500e+02
2.631434326171875000e+02
4.492200317382812500e+02
6.897346191406250000e+02
5.164351806640625000e+02
2.960096435546875000e+02
7.173605346679687500e+02
5.963756103515625000e+02
3.920093383789062500e+02
4.500909423828125000e+02
4.467444458007812500e+02
2.392627716064453125e+02
1.277119674682617188e+02
5.194157714843750000e+02
3.110053405761718750e+02
4.567989196777343750e+02
5.116322631835937500e+02
2.004141540527343750e+02
2.883291931152343750e+02
3.292853088378906250e+02
2.899091491699218750e+02
3.878461303710937500e+02
5.825726318359375000e+02
3.758002014160156250e+02
5.859393920898437500e+02
3.624405212402343750e+02
7.039171752929687500e+02
6.977175903320312500e+02
4.545866394042968750e+02
4.392144470214843750e+02
3.567665405273437500e+02
3.027933349609375000e+02
2.011333923339843750e+02
2.789594421386718750e+02
6.489942016601562500e+02
5.324340209960937500e+02
6.302062988281250000e+02
6.350418090820312500e+02
5.010867614746093750e+02
2.487545166015625000e+02
1.706836242675781250e+02
4.092908630371093750e+02
3.039035339355468750e+02
1.795168914794921875e+02
3.038773803710937500e+02
6.754846801757812500e+02
2.949024353027343750e+02
1.111033554077148438e+02
7.570170288085937500e+02
2.958018188476562500e+02
2.354022369384765625e+02
2.575401611328125000e+02
2.960553894042968750e+02
4.522855834960937500e+02
4.968098144531250000e+02
3.026918945312500000e+02
1.634442749023437500e+02
2.725189208984375000e+02
9.449061889648437500e+02
3.081285095214843750e+02
2.319052276611328125e+02
5.740637207031250000e+02
4.473487548828125000e+02
4.493740234375000000e+02
4.637571716308593750e+02
4.588115234375000000e+02
2.012063598632812500e+02
3.846512756347656250e+02
2.493280334472656250e+02
3.780658569335937500e+02
5.809438476562500000e+02
4.375073242187500000e+02
9.704567260742187500e+02
5.483936157226562500e+02
1.468534698486328125e+02
6.468247070312500000e+02
5.517548217773437500e+02
7.127713012695312500e+02
4.257697448730468750e+02
4.678198242187500000e+02
2.638758544921875000e+02
2.281012878417968750e+02
4.838416137695312500e+02
4.796113281250000000e+02
4.188471679687500000e+02
3.201336669921875000e+02
4.337851867675781250e+02
8.462946166992187500e+02
4.048538208007812500e+02
6.841944580078125000e+02
4.000462036132812500e+02
1.140955200195312500e+03
4.921542968750000000e+02
7.778110961914062500e+02
5.928188476562500000e+02
5.371696777343750000e+02
4.123417358398437500e+02
3.032137756347656250e+02
6.028038940429687500e+02
4.512558593750000000e+02
2.624886779785156250e+02
9.263613281250000000e+02
4.650626220703125000e+02
3.212192382812500000e+02
8.176564941406250000e+02
5.390754394531250000e+02
2.218110504150390625e+02
3.187493896484375000e+02
2.880649108886718750e+02
5.182066040039062500e+02
4.651949157714843750e+02
6.870431518554687500e+02
2.635405273437500000e+02
5.044072570800781250e+02
6.988995361328125000e+02
1.674425811767578125e+02
2.108258819580078125e+02
3.624375305175781250e+02
6.609127197265625000e+02
9.658537597656250000e+02
7.988261718750000000e+02
2.495972137451171875e+02
4.528309020996093750e+02
3.409307861328125000e+02
7.526405639648437500e+02
6.016206054687500000e+02
2.980843200683593750e+02
9.338533020019531250e+01
4.242254028320312500e+02
6.069032592773437500e+02
5.535991210937500000e+02
2.569648437500000000e+02
3.842216491699218750e+02
3.804231262207031250e+02
5.529922485351562500e+01
1.923431243896484375e+02
3.366788940429687500e+02
3.671333618164062500e+02
4.692400817871093750e+02
3.333046264648437500e+02
3.254032897949218750e+02
8.151141967773437500e+02
5.005575256347656250e+02
3.606213989257812500e+02
2.851004943847656250e+02
5.859243774414062500e+02
5.635399780273437500e+02
8.450303955078125000e+02
3.944376831054687500e+02
3.879525146484375000e+02
1.831060638427734375e+02
4.652327575683593750e+02
4.477441101074218750e+02
3.805258789062500000e+02
4.238934020996093750e+02
4.398438415527343750e+02
4.581190795898437500e+02
4.347282714843750000e+02
3.433464355468750000e+02
5.708533935546875000e+02
2.467256622314453125e+02
3.328011474609375000e+02
5.173269653320312500e+02
1.774236755371093750e+02
2.144029846191406250e+02
4.599054260253906250e+02
2.303819580078125000e+02
9.284471130371093750e+01
2.488335418701171875e+02
5.003224487304687500e+02
4.048298950195312500e+02
4.785297241210937500e+02
2.154306488037109375e+02
1.624753875732421875e+02
2.856931152343750000e+02
4.148170166015625000e+02
3.383719787597656250e+02
5.932227172851562500e+02
6.180935058593750000e+02
6.445200195312500000e+02
6.247515869140625000e+02
5.865625000000000000e+02
4.782996826171875000e+02
4.672416992187500000e+02
5.848801269531250000e+02
3.024961242675781250e+02
1.787550201416015625e+02
3.540896606445312500e+02
1.677595214843750000e+02
4.121354064941406250e+02
4.503852844238281250e+02
6.130524291992187500e+02
2.774373168945312500e+02
3.010419616699218750e+02
5.710452270507812500e+02
3.702269287109375000e+02
6.451377563476562500e+02
6.706591796875000000e+02
2.017402648925781250e+02
7.877239990234375000e+02
2.872937622070312500e+02
1.421608886718750000e+03
3.848237915039062500e+02
1.860847320556640625e+02
3.150385131835937500e+02
4.644282226562500000e+02
4.065550842285156250e+02
3.644092712402343750e+02
3.874147338867187500e+02
6.151879882812500000e+02
7.480662841796875000e+02
1.936679229736328125e+02
4.261033630371093750e+02
5.851599121093750000e+02
1.313610534667968750e+02
4.205966491699218750e+02
6.061679077148437500e+02
5.686810302734375000e+02
5.076292724609375000e+02
2.063036193847656250e+02
8.120227050781250000e+02
1.339977111816406250e+02
6.157158813476562500e+02
4.312840881347656250e+02
8.744591064453125000e+02
5.187810668945312500e+02
2.722141418457031250e+02
6.116008300781250000e+02
2.836850280761718750e+02
5.646551513671875000e+02
1.114571777343750000e+03
4.605004882812500000e+02
2.624221496582031250e+02
5.652835083007812500e+02
5.939554443359375000e+02
7.414102783203125000e+02
6.526070556640625000e+02
4.081257019042968750e+02
2.735298156738281250e+02
9.183837127685546875e+01
3.786785278320312500e+02
7.679055786132812500e+02
9.194537353515625000e+02
4.650968322753906250e+02
2.977586059570312500e+02
5.274082641601562500e+02
1.398509674072265625e+02
3.103189697265625000e+02
2.895285644531250000e+02
3.044357604980468750e+02
2.124328460693359375e+02
5.650502929687500000e+02
5.104996643066406250e+02
3.351665649414062500e+02
6.644408569335937500e+02
9.818372802734375000e+02
2.521448364257812500e+02
2.456835632324218750e+02
4.153967285156250000e+02
5.417598876953125000e+02
3.838427734375000000e+02
4.724490661621093750e+02
3.438860473632812500e+02
9.126610717773437500e+02
1.990444641113281250e+02
7.218101196289062500e+02
1.069312744140625000e+02
2.920074157714843750e+02
8.960977172851562500e+01
5.613124389648437500e+02
3.808730773925781250e+02
4.490563049316406250e+02
9.462167358398437500e+02
4.302290039062500000e+02
4.765191955566406250e+02
1.069642944335937500e+03
2.717409973144531250e+02
4.183645629882812500e+02
4.578743896484375000e+02
2.089898529052734375e+02
6.538115234375000000e+02
1.863020324707031250e+02
4.538647766113281250e+02
3.175815124511718750e+02
6.928849487304687500e+02
5.573981933593750000e+02
6.048734130859375000e+02
2.359857177734375000e+02
9.748367919921875000e+02
4.222403259277343750e+02
6.212652587890625000e+02
2.887709045410156250e+02
5.270307617187500000e+02
5.489254760742187500e+02
8.128541259765625000e+02
5.346650390625000000e+02
3.900567626953125000e+02
4.961623840332031250e+02
4.931391906738281250e+02
1.227488647460937500e+03
3.518259277343750000e+02
5.185217285156250000e+02
4.775317993164062500e+02
5.510829467773437500e+02
2.260661010742187500e+02
5.946539916992187500e+02
3.264071350097656250e+02
4.063298034667968750e+02
4.138445739746093750e+02
5.393816528320312500e+02
1.205077514648437500e+03
3.328673400878906250e+02
4.536955566406250000e+02
3.143828125000000000e+02
3.614456176757812500e+02
1.174620132446289062e+02
3.471693801879882812e+01
5.078130187988281250e+02
7.369022216796875000e+02
6.062279663085937500e+02
3.286831359863281250e+02
2.606854553222656250e+02
8.036192016601562500e+02
3.975531921386718750e+02
3.918532714843750000e+02
6.343421020507812500e+02
3.956134033203125000e+02
3.615231933593750000e+02
2.820382080078125000e+02
2.944458923339843750e+02
4.265393371582031250e+02
2.509435729980468750e+02
7.578990478515625000e+02
2.046843719482421875e+02
2.736112060546875000e+02
5.278518066406250000e+02
4.005017089843750000e+02
7.417527465820312500e+02
2.535721130371093750e+02
7.282113647460937500e+02
3.666359863281250000e+02
3.658699035644531250e+02
4.196846618652343750e+02
6.746901855468750000e+02
6.067954101562500000e+02
6.501416015625000000e+02
7.235787963867187500e+02
3.506690673828125000e+02
2.160659942626953125e+02
2.550067443847656250e+02
7.045630493164062500e+02
1.288993835449218750e+02
3.489228515625000000e+02
3.069955139160156250e+02
6.553085327148437500e+02
1.596408996582031250e+02
5.202061157226562500e+02
1.595459442138671875e+02
5.016933593750000000e+02
2.755285949707031250e+02
2.297968292236328125e+02
3.062220153808593750e+02
3.593586120605468750e+02
4.759859924316406250e+02
2.532428283691406250e+02
2.955131225585937500e+02
5.323768920898437500e+02
5.686255493164062500e+02
4.808028869628906250e+02
2.011457977294921875e+02
5.459665527343750000e+02
1.560425720214843750e+02
4.560147705078125000e+02
4.439435424804687500e+02
4.480554199218750000e+02
4.493960571289062500e+02
7.800766601562500000e+02
1.376390838623046875e+02
4.056346130371093750e+02
1.511656188964843750e+02
3.217020263671875000e+02
4.128031616210937500e+02
3.598564453125000000e+02
4.101827697753906250e+02
3.345000000000000000e+02
1.997631378173828125e+02
4.262231445312500000e+02
4.567663269042968750e+02
3.584564208984375000e+02
4.028258361816406250e+02
3.779116821289062500e+02
2.477452697753906250e+02
3.384167785644531250e+02
6.274113769531250000e+02
4.246179199218750000e+02
6.591967773437500000e+02
3.991662902832031250e+02
3.593097839355468750e+02
6.354754028320312500e+02
4.137928161621093750e+02
2.822239379882812500e+02
8.659794921875000000e+02
3.890716552734375000e+02
5.429041748046875000e+02
6.068316040039062500e+02
1.059086547851562500e+03
2.991467895507812500e+02
2.164705200195312500e+02
3.815633239746093750e+02
5.155466308593750000e+02
4.232196044921875000e+02
2.245876007080078125e+02
2.438950347900390625e+02
6.956287841796875000e+02
1.135414794921875000e+03
1.566161041259765625e+02
3.216862792968750000e+02
2.216460723876953125e+02
5.364732055664062500e+02
1.795379791259765625e+02
8.137757568359375000e+02
5.330593872070312500e+02
7.290762329101562500e+02
4.042457580566406250e+02
2.405750274658203125e+02
7.101843872070312500e+02
3.735986328125000000e+02
1.747383270263671875e+02
7.426832885742187500e+02
9.133881225585937500e+02
3.601619567871093750e+02
2.666221008300781250e+02
2.545970001220703125e+02
2.849310913085937500e+02
4.367417297363281250e+02
4.377673950195312500e+02
3.372255249023437500e+02
4.625928344726562500e+02
3.775640258789062500e+02
5.278934936523437500e+02
2.555161895751953125e+02
6.295220336914062500e+02
4.873134460449218750e+02
3.457465209960937500e+02
4.994784545898437500e+02
4.355787048339843750e+02
5.980646972656250000e+02
3.092217407226562500e+02
4.046087951660156250e+02
2.004000701904296875e+02
3.829327392578125000e+02
3.349799194335937500e+02
1.984009857177734375e+02
2.020482025146484375e+02
4.897998962402343750e+02
6.979387207031250000e+02
2.595151977539062500e+02
4.507150878906250000e+02
2.712776794433593750e+02
2.121496734619140625e+02
2.286516571044921875e+02
7.907324218750000000e+01
2.282512054443359375e+02
6.332941894531250000e+02
5.138669433593750000e+02
3.658198242187500000e+02
3.422721252441406250e+02
6.091815185546875000e+02
1.975910339355468750e+02
2.574685058593750000e+02
2.157174987792968750e+02
3.315371093750000000e+02
3.778904113769531250e+02
3.435419311523437500e+02
5.375301513671875000e+02
3.390151062011718750e+02
6.311138305664062500e+02
5.179906005859375000e+02
3.296252136230468750e+02
7.761444091796875000e+02
2.387203216552734375e+02
7.002097778320312500e+02
5.511357421875000000e+02
5.173442382812500000e+02
4.203747863769531250e+02
4.110101318359375000e+02
5.909606323242187500e+02
5.888323974609375000e+02
3.374894714355468750e+02
2.459931335449218750e+02
6.774375000000000000e+02
2.272393035888671875e+02
2.706716308593750000e+02
2.075434875488281250e+02
5.826424560546875000e+02
1.062137207031250000e+03
7.809680175781250000e+02
4.908019409179687500e+02
5.120504760742187500e+02
6.268314208984375000e+02
2.972184753417968750e+02
4.538385314941406250e+02
3.443005371093750000e+02
9.327514648437500000e+01
9.049574584960937500e+02
6.534865112304687500e+02
3.061652221679687500e+02
2.678879394531250000e+02
2.939678039550781250e+02
3.886797485351562500e+02
2.179589996337890625e+02
7.749844970703125000e+02
4.139411315917968750e+02
4.497123413085937500e+02
5.746888427734375000e+02
2.642210693359375000e+02
5.248051757812500000e+02
5.841822509765625000e+02
1.027080200195312500e+03
4.983637695312500000e+02
3.420949096679687500e+02
2.814718017578125000e+02
1.230372467041015625e+02
2.959425659179687500e+02
5.641451416015625000e+02
1.105582962036132812e+02
4.052723083496093750e+02
8.577829589843750000e+02
1.425559539794921875e+02
7.213312377929687500e+02
1.996776733398437500e+02
7.849514770507812500e+02
5.485750732421875000e+02
6.516990966796875000e+02
1.092547851562500000e+03
6.957980957031250000e+02
5.339865112304687500e+02
6.407622680664062500e+02
5.877156982421875000e+02
3.205568542480468750e+02
3.183065795898437500e+02
4.284382019042968750e+02
3.214103088378906250e+02
7.945878295898437500e+02
2.771524658203125000e+02
5.132651367187500000e+02
4.022771911621093750e+02
3.502080688476562500e+02
5.920560302734375000e+02
2.986050415039062500e+02
3.711512145996093750e+02
2.387868652343750000e+02
3.567976684570312500e+02
5.781402587890625000e+02
5.080812683105468750e+02
4.917590332031250000e+02
1.125031005859375000e+03
5.834368896484375000e+02
9.023833618164062500e+02
5.442235717773437500e+02
4.862375793457031250e+02
5.451845703125000000e+02
3.944350280761718750e+02
6.267222290039062500e+02
3.122844238281250000e+02
6.549079589843750000e+02
4.974075317382812500e+02
4.023427734375000000e+02
3.967295837402343750e+02
7.844857788085937500e+02
6.197088012695312500e+02
7.661541748046875000e+02
6.752526245117187500e+02
3.099469909667968750e+02
2.209024200439453125e+02
5.755314941406250000e+02
2.907315368652343750e+02
2.742799987792968750e+02
6.552807617187500000e+02
3.364409790039062500e+02
1.936636962890625000e+02
3.341648559570312500e+02
8.826027832031250000e+02
4.755939331054687500e+02
1.844535675048828125e+02
5.578192749023437500e+02
2.935507202148437500e+02
4.459256286621093750e+02
1.705292510986328125e+02
2.942376708984375000e+02
7.895029907226562500e+02
3.524324035644531250e+02
6.137558593750000000e+02
6.216028442382812500e+02
5.295013427734375000e+02
5.382555541992187500e+02
7.907490844726562500e+02
3.365021667480468750e+02
2.601382141113281250e+02
4.464046325683593750e+02
4.184237670898437500e+02
4.399038696289062500e+02
3.616262207031250000e+02
5.576607055664062500e+02
2.974944458007812500e+02
2.979418640136718750e+02
3.797992858886718750e+02
4.963266906738281250e+02
1.371066284179687500e+02
5.174321289062500000e+02
2.836542053222656250e+02
3.082738952636718750e+02
4.460004577636718750e+02
3.144765014648437500e+02
9.100059204101562500e+02
9.369141845703125000e+02
5.859264526367187500e+02
1.339330932617187500e+03
1.802386627197265625e+02
5.547851562500000000e+02
5.444437255859375000e+02
5.652321777343750000e+02
1.250932922363281250e+02
2.396182250976562500e+02
8.340701293945312500e+02
2.437942199707031250e+02
4.618543701171875000e+02
3.928833618164062500e+02
3.305121459960937500e+02
1.364970581054687500e+03
4.449358520507812500e+02
5.651066894531250000e+02
6.552874145507812500e+02
4.234762878417968750e+02
4.556612243652343750e+02
2.051986694335937500e+02
2.776791381835937500e+02
2.781284179687500000e+02
3.941882934570312500e+02
3.123073425292968750e+02
6.773540649414062500e+02
1.870476837158203125e+02
2.337160186767578125e+02
5.237947998046875000e+02
3.192329406738281250e+02
1.352585144042968750e+02
4.242259521484375000e+02
3.866054077148437500e+02
6.073854980468750000e+02
5.541013793945312500e+02
1.790434265136718750e+02
3.078014526367187500e+02
2.613959045410156250e+02
2.883548889160156250e+02
5.443439331054687500e+02
5.430486450195312500e+02
4.061269531250000000e+02
5.928264160156250000e+02
4.483291625976562500e+02
4.649357910156250000e+02
4.914281311035156250e+02
2.863380432128906250e+02
9.082559814453125000e+02
4.814582519531250000e+02
6.202686157226562500e+02
3.805645141601562500e+02
4.053258972167968750e+02
5.907914428710937500e+02
3.780476684570312500e+02
4.461958618164062500e+02
4.872523498535156250e+02
7.251775512695312500e+02
3.141712341308593750e+02
6.728673095703125000e+02
2.194368743896484375e+02
5.859097290039062500e+02
3.229952697753906250e+02
3.451577758789062500e+02
4.741413269042968750e+02
3.161741333007812500e+02
3.683111267089843750e+02
3.018998107910156250e+02
2.889408874511718750e+02
2.620574340820312500e+02
6.862072753906250000e+02
2.275249023437500000e+02
4.387398376464843750e+02
4.788692932128906250e+02
3.600784606933593750e+02
5.587895507812500000e+02
5.310773925781250000e+02
5.391936645507812500e+02
4.351780395507812500e+02
3.156526184082031250e+02
5.186394042968750000e+02
4.334760437011718750e+02
2.334048767089843750e+02
5.427160034179687500e+02
3.903788452148437500e+02
5.156448364257812500e+02
3.851726989746093750e+02
2.662648620605468750e+02
2.701251831054687500e+02
8.395755004882812500e+02
3.515839233398437500e+02
3.204376525878906250e+02
4.377378540039062500e+02
3.189389648437500000e+02
3.982877807617187500e+02
2.661031188964843750e+02
8.854160156250000000e+02
8.194165649414062500e+02
1.849851379394531250e+02
7.156173095703125000e+02
2.218580627441406250e+02
3.978036499023437500e+02
2.751869506835937500e+02
3.081936950683593750e+02
4.112772216796875000e+02
5.222560424804687500e+02
3.565904846191406250e+02
4.883482360839843750e+02
3.546699523925781250e+02
7.296900634765625000e+02
2.571153869628906250e+02
5.738328857421875000e+02
5.486960449218750000e+02
6.288440551757812500e+02
1.557057495117187500e+02
7.743757934570312500e+02
4.923402099609375000e+02
4.107216186523437500e+02
6.021438598632812500e+02
4.025765075683593750e+02
3.896829528808593750e+02
2.801736145019531250e+02
6.901377563476562500e+02
4.590329284667968750e+02
4.136313629150390625e+01
1.422434844970703125e+02
4.105845031738281250e+02
3.652927246093750000e+02
4.646643676757812500e+02
4.240401000976562500e+02
5.656256103515625000e+02
3.449232788085937500e+02
4.850426330566406250e+02
3.753396911621093750e+02
2.557105255126953125e+02
4.851459960937500000e+02
4.786696472167968750e+02
7.177791748046875000e+02
8.013599243164062500e+02
3.035795898437500000e+02
4.220024108886718750e+02
4.649742736816406250e+02
2.252267761230468750e+02
5.378717651367187500e+02
3.331916198730468750e+02
7.581325683593750000e+02
5.224604492187500000e+02
1.576834716796875000e+02
4.408368225097656250e+02
5.887832641601562500e+02
4.023291931152343750e+02
5.252711791992187500e+02
5.931082153320312500e+02
4.703161621093750000e+02
7.583506469726562500e+02
5.973331909179687500e+02
2.423444824218750000e+02
2.983997497558593750e+02
6.609467163085937500e+02
5.596592407226562500e+02
6.464586181640625000e+02
1.998249664306640625e+02
8.283694458007812500e+01
1.036360595703125000e+03
5.759793090820312500e+02
6.471329345703125000e+02
4.657250671386718750e+02
3.686894836425781250e+02
2.909359130859375000e+02
2.751826171875000000e+02
5.409032592773437500e+02
1.993307189941406250e+02
1.376987762451171875e+02
2.658444824218750000e+02
3.594384155273437500e+02
2.614574584960937500e+02
9.000823974609375000e+02
4.886667480468750000e+02
7.942595825195312500e+02
4.588702392578125000e+02
3.818684997558593750e+02
5.092665710449218750e+02
3.960608825683593750e+02
5.036101684570312500e+02
4.661214599609375000e+02
1.924183502197265625e+02
4.425871887207031250e+02
4.900766906738281250e+02
6.593093261718750000e+02
3.132058410644531250e+02
2.728583068847656250e+02
5.539754638671875000e+02
6.293607177734375000e+02
1.868765106201171875e+02
4.737800903320312500e+02
2.251607208251953125e+02
2.884755859375000000e+02
5.462064208984375000e+02
4.883597412109375000e+02
5.222518920898437500e+02
5.063526611328125000e+02
5.574019775390625000e+02
5.024604492187500000e+02
4.303591613769531250e+02
3.979013671875000000e+02
7.218380126953125000e+02
5.330282211303710938e+01
3.716569824218750000e+02
2.983260192871093750e+02
4.772536315917968750e+02
5.670765991210937500e+02
3.284579772949218750e+02
6.349194335937500000e+02
4.220289611816406250e+02
2.332051544189453125e+02
6.381221923828125000e+02
7.389259033203125000e+02
4.512778320312500000e+02
2.947895812988281250e+02
5.090285034179687500e+02
3.256751403808593750e+02
7.985009155273437500e+02
3.828957824707031250e+02
6.462141113281250000e+02
6.304466552734375000e+02
5.745756835937500000e+02
3.268933715820312500e+02
5.279177856445312500e+02
3.411680908203125000e+02
4.588955078125000000e+02
3.023614807128906250e+02
4.781359252929687500e+02
5.470576782226562500e+02
3.793402099609375000e+02
9.872432861328125000e+02
4.856501464843750000e+02
1.278010864257812500e+02
1.768515930175781250e+02
3.125456542968750000e+02
1.458562469482421875e+02
2.078141784667968750e+02
2.629943237304687500e+02
3.623352966308593750e+02
3.862152404785156250e+02
6.225536499023437500e+02
6.330228271484375000e+02
6.092898559570312500e+02
4.806763000488281250e+02
2.959628295898437500e+02
2.592688598632812500e+02
6.877642211914062500e+02
3.249496459960937500e+02
4.010733947753906250e+02
5.233073120117187500e+02
7.924241943359375000e+02
4.211418762207031250e+02
4.738744812011718750e+02
8.686150512695312500e+02
3.404387207031250000e+02
2.698727416992187500e+02
2.733012695312500000e+02
5.789027099609375000e+02
4.794696044921875000e+02
4.639000244140625000e+02
7.445910034179687500e+02
5.250535888671875000e+02
2.588483581542968750e+02
3.645498962402343750e+02
5.656668701171875000e+02
3.012893676757812500e+02
3.492669982910156250e+02
5.331241455078125000e+02
8.896581420898437500e+02
3.779269714355468750e+02
4.038754577636718750e+02
4.798383789062500000e+02
3.018231201171875000e+02
5.835706787109375000e+02
2.758363952636718750e+02
4.407989196777343750e+02
3.061241760253906250e+02
4.192947082519531250e+02
6.582009277343750000e+02
2.947083435058593750e+02
7.643266601562500000e+02
4.361690368652343750e+02
1.113816833496093750e+02
5.174420166015625000e+02
5.130367431640625000e+02
5.617868041992187500e+02
4.948817443847656250e+02
4.159266052246093750e+02
5.614005737304687500e+02
5.318800048828125000e+02
6.424569091796875000e+02
2.023409576416015625e+02
5.747602539062500000e+02
3.307125244140625000e+02
4.171872253417968750e+02
4.944523010253906250e+02
6.566160888671875000e+02
3.916268005371093750e+02
2.912777709960937500e+02
1.700340728759765625e+02
3.939876403808593750e+02
4.656928100585937500e+02
6.001074829101562500e+02
1.860832672119140625e+02
8.021070861816406250e+01
5.485452270507812500e+02
4.152373046875000000e+02
5.094764404296875000e+02
2.166430969238281250e+02
5.216472167968750000e+02
1.891037139892578125e+02
7.234749755859375000e+02
2.935333251953125000e+02
5.541119995117187500e+02
3.635192565917968750e+02
2.991029968261718750e+02
5.126851806640625000e+02
3.589205017089843750e+02
1.727630310058593750e+02
1.520346832275390625e+02
3.423714294433593750e+02
8.810794067382812500e+02
4.351355590820312500e+02
4.329775085449218750e+02
4.307776489257812500e+02
3.994200744628906250e+02
3.507602844238281250e+02
4.080871276855468750e+02
2.495730438232421875e+02
3.623627014160156250e+02
4.703146972656250000e+02
4.046689147949218750e+02
6.002868041992187500e+02
8.321120452880859375e+01
3.709102783203125000e+02
2.874171447753906250e+02
2.891771545410156250e+02
5.366755981445312500e+02
5.515148315429687500e+02
5.224590454101562500e+02
4.015604248046875000e+02
4.299114990234375000e+02
6.684664306640625000e+02
3.575079040527343750e+02
1.518716278076171875e+02
5.072504577636718750e+02
4.442855529785156250e+02
3.603539123535156250e+02
2.673302917480468750e+02
4.907693176269531250e+02
5.240858764648437500e+02
3.658604125976562500e+02
2.683406677246093750e+02
3.964082641601562500e+02
4.858831787109375000e+02
2.300415649414062500e+02
6.468794555664062500e+02
2.161852569580078125e+02
4.719616394042968750e+02
3.568772277832031250e+02
4.402620544433593750e+02
4.915477294921875000e+02
7.243295288085937500e+02
2.663904724121093750e+02
1.814429626464843750e+02
6.282989501953125000e+02
3.722689208984375000e+02
2.522868347167968750e+02
8.184951782226562500e+02
2.129599914550781250e+02
4.064482727050781250e+02
5.152790527343750000e+02
1.815013732910156250e+02
3.475855407714843750e+02
5.259789428710937500e+02
2.090432891845703125e+02
2.866020202636718750e+02
4.007499694824218750e+02
2.691422119140625000e+02
1.771160583496093750e+02
7.305365600585937500e+02
6.226565551757812500e+02
5.536539916992187500e+02
3.848784179687500000e+02
5.499577636718750000e+02
2.783080444335937500e+02
6.014331054687500000e+02
7.604658813476562500e+02
4.957713623046875000e+02
2.950572814941406250e+02
8.802877807617187500e+01
4.005587768554687500e+02
5.237437133789062500e+02
5.754030151367187500e+02
5.848521728515625000e+02
3.976986999511718750e+02
2.000717468261718750e+02
5.002395935058593750e+02
2.528341674804687500e+02
5.205332031250000000e+02
2.604352722167968750e+02
4.173829040527343750e+02
6.654516601562500000e+02
6.578513183593750000e+02
6.471367187500000000e+02
3.280164794921875000e+02
2.232649230957031250e+02
7.249576416015625000e+02
4.312769775390625000e+02
5.022096252441406250e+02
7.063898925781250000e+02
3.103035888671875000e+02
4.023174743652343750e+02
4.484061279296875000e+02
8.044777832031250000e+02
8.403755493164062500e+02
1.288072662353515625e+02
5.001462097167968750e+02
4.336738281250000000e+02
9.342655639648437500e+02
4.324912719726562500e+02
4.089409790039062500e+02
5.833187255859375000e+02
1.898260040283203125e+02
4.748816223144531250e+02
2.920139160156250000e+02
4.193953857421875000e+02
6.892644653320312500e+02
2.174285278320312500e+02
3.583515930175781250e+02
4.454609375000000000e+02
3.602814941406250000e+02
1.835195770263671875e+02
2.682005004882812500e+02
5.351655883789062500e+02
5.310363769531250000e+02
2.420986785888671875e+02
3.797489624023437500e+02
3.258439025878906250e+02
4.961654052734375000e+02
2.012556610107421875e+02
5.299428100585937500e+02
5.331171875000000000e+02
4.260992126464843750e+02
5.200317382812500000e+02
8.701085815429687500e+02
2.890081787109375000e+02
2.500356445312500000e+02
2.196043548583984375e+02
3.775817260742187500e+02
4.598492431640625000e+02
5.640932006835937500e+02
1.796726837158203125e+02
3.999337158203125000e+02
2.161969451904296875e+02
4.071023254394531250e+02
2.204166107177734375e+02
3.424010925292968750e+02
6.822988281250000000e+02
1.288807373046875000e+03
5.098700561523437500e+02
4.607443237304687500e+02
2.258405151367187500e+02
2.151219177246093750e+02
2.702143859863281250e+02
4.810392761230468750e+02
6.944661712646484375e+01
3.729309692382812500e+02
4.809781188964843750e+02
3.898344726562500000e+02
4.648003845214843750e+02
1.746673126220703125e+02
4.231699218750000000e+02
2.899378051757812500e+02
2.123535919189453125e+02
7.780622558593750000e+02
5.348179321289062500e+02
3.291206054687500000e+02
7.893829956054687500e+02
4.268748779296875000e+02
3.016115112304687500e+02
6.908217163085937500e+02
7.754389038085937500e+02
4.735614929199218750e+02
3.571344604492187500e+02
3.154731445312500000e+02
4.357341003417968750e+02
3.105766296386718750e+02
1.748019714355468750e+02
1.157539138793945312e+02
4.595891418457031250e+02
3.880235290527343750e+02
2.722297973632812500e+02
5.186740722656250000e+02
7.417405395507812500e+02
2.391617736816406250e+02
3.502457275390625000e+02
4.640121765136718750e+02
2.746788330078125000e+02
4.515594482421875000e+02
3.131355590820312500e+02
4.006531677246093750e+02
2.794021301269531250e+02
3.599136962890625000e+02
5.154661254882812500e+02
3.236296386718750000e+02
4.083506774902343750e+02
2.960806884765625000e+02
3.890646057128906250e+02
5.016271667480468750e+02
4.740121765136718750e+02
4.616358642578125000e+02
5.566363525390625000e+02
1.081602630615234375e+02
3.474187316894531250e+02
4.748103332519531250e+02
5.907347412109375000e+02
3.088610229492187500e+02
8.641256103515625000e+02
6.144954223632812500e+02
3.379418945312500000e+02
3.371367492675781250e+02
7.376149902343750000e+02
4.721641235351562500e+02
1.655073852539062500e+02
4.944025268554687500e+02
4.875666503906250000e+02
4.744341125488281250e+02
4.182410278320312500e+02
3.181056518554687500e+02
2.295192871093750000e+02
5.296408691406250000e+02
3.618500671386718750e+02
2.740339660644531250e+02
5.533824462890625000e+02
6.897733764648437500e+02
4.634625854492187500e+02
4.709336853027343750e+02
5.246873168945312500e+02
5.396831054687500000e+02
6.658764648437500000e+02
6.655966186523437500e+02
9.585644531250000000e+02
3.172883300781250000e+02
2.503818817138671875e+02
6.968241577148437500e+02
4.952281494140625000e+02
5.060098876953125000e+02
6.618441772460937500e+02
5.498681640625000000e+02
5.956743774414062500e+02
4.511209106445312500e+02
1.746230468750000000e+02
5.732336425781250000e+02
2.513035888671875000e+02
2.710527648925781250e+02
5.931243896484375000e+02
4.436457824707031250e+02
3.005764465332031250e+02
5.063193359375000000e+02
3.924143371582031250e+02
4.819472351074218750e+02
6.882037963867187500e+02
5.116670532226562500e+02
6.453311157226562500e+02
2.313399963378906250e+02
6.268790283203125000e+02
7.880608520507812500e+02
7.075778198242187500e+02
8.810255126953125000e+02
2.668501586914062500e+02
1.150387268066406250e+02
5.816993408203125000e+02
4.156388244628906250e+02
9.381990966796875000e+02
4.164073181152343750e+02
2.479798431396484375e+02
2.125353851318359375e+02
2.960767517089843750e+02
4.378852539062500000e+02
1.521577301025390625e+02
4.823251342773437500e+02
6.318858642578125000e+02
4.858124694824218750e+02
2.200847167968750000e+02
8.663668823242187500e+02
2.271190032958984375e+02
5.428139038085937500e+02
8.759788208007812500e+02
5.372664184570312500e+02
4.751578369140625000e+02
3.445393981933593750e+02
6.858386840820312500e+02
4.367756652832031250e+02
8.377100219726562500e+02
7.530797729492187500e+02
1.164424804687500000e+03
7.099314575195312500e+02
3.273259887695312500e+02
2.990675048828125000e+02
3.417709045410156250e+02
2.974406433105468750e+02
7.511982421875000000e+02
9.079381561279296875e+01
3.633711853027343750e+02
1.827538757324218750e+02
3.796911926269531250e+02
5.692463378906250000e+02
5.807412109375000000e+02
5.031445922851562500e+02
9.513106689453125000e+02
1.994514312744140625e+02
5.469414672851562500e+02
5.347035522460937500e+02
8.400916748046875000e+02
3.105594177246093750e+02
5.224490356445312500e+02
2.199653167724609375e+02
2.653569335937500000e+02
7.696656494140625000e+02
5.078675842285156250e+02
5.851843872070312500e+02
2.570140686035156250e+02
4.672988891601562500e+02
4.744397277832031250e+02
4.212094421386718750e+02
4.062919616699218750e+02
3.753987426757812500e+02
2.653596496582031250e+02
6.666887817382812500e+02
2.488557891845703125e+02
2.177442932128906250e+02
1.136719970703125000e+03
2.978926696777343750e+02
3.999173278808593750e+02
4.168249511718750000e+02
5.158650512695312500e+02
9.375285034179687500e+02
3.802207946777343750e+02
6.850878906250000000e+02
3.319374084472656250e+02
2.634383239746093750e+02
8.471503906250000000e+02
3.065186767578125000e+02
3.147954406738281250e+02
3.271226501464843750e+02
4.548554992675781250e+02
5.258208007812500000e+02
3.769971313476562500e+02
3.105779724121093750e+02
1.471292572021484375e+02
3.862286987304687500e+02
5.524044189453125000e+02
4.947045898437500000e+02
5.853125000000000000e+02
4.647918090820312500e+02
6.215570068359375000e+02
5.798822631835937500e+02
6.540556030273437500e+02
9.459478759765625000e+02
6.470401611328125000e+02
6.159078369140625000e+02
4.185712585449218750e+02
4.387516784667968750e+02
4.935613098144531250e+02
3.573446350097656250e+02
3.815626525878906250e+02
4.975663146972656250e+02
5.914973144531250000e+02
3.726756591796875000e+02
3.549213562011718750e+02
4.508223266601562500e+02
1.332749755859375000e+03
5.167200317382812500e+02
3.141827697753906250e+02
5.329387207031250000e+02
8.080491333007812500e+02
5.636639404296875000e+02
1.397007904052734375e+02
1.138495788574218750e+02
6.022698974609375000e+02
1.102101928710937500e+03
4.104779663085937500e+02
1.672086791992187500e+02
6.137098999023437500e+02
3.157332153320312500e+02
3.046133422851562500e+02
5.869901733398437500e+02
6.172708129882812500e+02
2.242762451171875000e+02
2.020224304199218750e+02
6.436845703125000000e+02
2.488084716796875000e+02
1.732599792480468750e+02
2.171442108154296875e+02
4.977887878417968750e+02
6.316598510742187500e+02
5.807016601562500000e+02
2.720671081542968750e+02
3.803935546875000000e+02
6.899911499023437500e+02
2.471626586914062500e+02
2.934458312988281250e+02
2.225630493164062500e+02
2.351416778564453125e+02
2.374197845458984375e+02
7.005571289062500000e+02
5.144804077148437500e+02
3.624356689453125000e+02
3.795388793945312500e+02
4.793728942871093750e+02
4.552681274414062500e+02
1.603069458007812500e+02
4.907993774414062500e+02
3.118970642089843750e+02
2.928381958007812500e+02
5.251418457031250000e+02
3.281104736328125000e+02
5.675034179687500000e+02
5.051654663085937500e+02
5.256623535156250000e+02
1.698766784667968750e+02
3.538121643066406250e+02
3.393120117187500000e+02
5.601549682617187500e+02
1.774222869873046875e+02
2.166170043945312500e+02
6.780774536132812500e+02
2.382979431152343750e+02
7.122565307617187500e+02
4.173708190917968750e+02
6.250938110351562500e+02
3.667947998046875000e+02
7.946719970703125000e+02
4.630869445800781250e+02
8.468950805664062500e+02
4.741587219238281250e+02
5.637452392578125000e+02
5.160538940429687500e+02
5.614921264648437500e+02
2.654198913574218750e+02
2.437539215087890625e+02
1.096739425659179688e+02
1.729729309082031250e+02
8.298762817382812500e+02
4.007304992675781250e+02
5.378566284179687500e+02
4.135656738281250000e+02
3.657241516113281250e+02
2.743158569335937500e+02
6.743455200195312500e+02
5.417524414062500000e+02
2.239336700439453125e+02
2.340505828857421875e+02
5.141574707031250000e+02
5.562891235351562500e+02
7.324857177734375000e+02
2.618108215332031250e+02
6.931260986328125000e+02
3.497469482421875000e+02
3.341363525390625000e+02
3.470244445800781250e+02
4.243092041015625000e+02
2.973175659179687500e+02
4.336229858398437500e+02
2.429444580078125000e+02
3.537838745117187500e+02
3.294378356933593750e+02
3.309997558593750000e+02
3.024310302734375000e+02
2.298044891357421875e+02
8.293557128906250000e+02
4.372074584960937500e+02
2.984771118164062500e+02
5.695618896484375000e+02
3.166436767578125000e+02
4.076708679199218750e+02
5.786531372070312500e+02
7.238568115234375000e+02
6.764652709960937500e+02
4.145177307128906250e+02
2.072629852294921875e+02
4.700352172851562500e+02
6.246120605468750000e+02
3.781921997070312500e+02
4.000852050781250000e+02
2.196646118164062500e+02
2.788120117187500000e+02
2.360088348388671875e+02
7.227831420898437500e+02
8.688006591796875000e+02
7.011132812500000000e+02
5.880573730468750000e+02
3.327629699707031250e+02
3.448443908691406250e+02
5.304783935546875000e+02
4.113047790527343750e+02
4.381178894042968750e+02
5.261320190429687500e+02
6.387808227539062500e+02
5.842665405273437500e+02
5.457069091796875000e+02
5.177088012695312500e+02
5.605344238281250000e+02
4.419176635742187500e+02
3.680207519531250000e+02
9.870606994628906250e+01
2.945861816406250000e+02
3.306557312011718750e+02
8.075051269531250000e+02
1.831743621826171875e+02
2.258468017578125000e+02
3.829740905761718750e+02
3.751786499023437500e+02
4.657428283691406250e+02
5.557448120117187500e+02
4.138508911132812500e+02
2.568958435058593750e+02
5.833098144531250000e+02
9.527554321289062500e+01
5.953185424804687500e+02
3.526347961425781250e+02
5.064788208007812500e+02
7.132897338867187500e+02
1.731223449707031250e+02
4.273136901855468750e+02
3.315964965820312500e+02
5.958021240234375000e+02
6.808548583984375000e+02
5.999597778320312500e+02
3.542758789062500000e+02
2.412085113525390625e+02
5.943021240234375000e+02
5.729214477539062500e+02
8.729271850585937500e+02
2.463267822265625000e+02
3.852280883789062500e+02
4.506396789550781250e+02
4.403988037109375000e+02
3.440017395019531250e+02
4.145582275390625000e+02
3.669428100585937500e+02
5.413619995117187500e+02
4.326987915039062500e+02
5.035006713867187500e+02
6.360576782226562500e+02
4.661452636718750000e+02
3.989074401855468750e+02
6.790241088867187500e+02
4.585223999023437500e+02
3.073445434570312500e+02
4.358934936523437500e+02
2.448832550048828125e+02
5.896830444335937500e+02
4.671128234863281250e+02
6.496007690429687500e+02
3.829044494628906250e+02
5.054924621582031250e+02
4.901777648925781250e+02
5.244727172851562500e+02
2.818955688476562500e+02
3.678233337402343750e+02
4.284631958007812500e+02
9.073251953125000000e+02
3.111431579589843750e+02
3.403809204101562500e+02
6.187703247070312500e+02
4.296296386718750000e+02
6.220475463867187500e+02
7.524072265625000000e+02
2.188658142089843750e+02
7.942243041992187500e+02
2.879673767089843750e+02
2.781492614746093750e+02
4.239283142089843750e+02
6.235669555664062500e+02
1.815782623291015625e+02
3.615039978027343750e+02
7.151219482421875000e+02
3.895225906372070312e+01
5.462341918945312500e+02
4.192662353515625000e+02
1.645673828125000000e+02
4.441983642578125000e+02
1.956760559082031250e+02
6.546025390625000000e+02
3.888289184570312500e+02
3.699160461425781250e+02
3.951109924316406250e+02
2.980347900390625000e+02
4.025841674804687500e+02
7.582454833984375000e+02
9.689409179687500000e+02
7.282948608398437500e+02
6.672213745117187500e+02
3.562519836425781250e+02
8.205711059570312500e+02
6.420385131835937500e+02
4.094118652343750000e+02
4.044210510253906250e+02
6.220972290039062500e+02
3.432402648925781250e+02
1.666881866455078125e+02
6.170479125976562500e+02
2.205211669921875000e+03
3.092149963378906250e+02
5.074637756347656250e+02
5.308497924804687500e+02
2.801497802734375000e+02
9.526845092773437500e+02
8.485827636718750000e+02
3.562819519042968750e+02
6.541341552734375000e+02
3.722785034179687500e+02
6.149056396484375000e+02
3.787428588867187500e+02
2.824794006347656250e+02
4.695349121093750000e+02
5.538553466796875000e+02
8.013144531250000000e+02
2.230210266113281250e+02
4.737635040283203125e+01
7.160549926757812500e+02
4.109130859375000000e+02
6.007469482421875000e+02
1.391981964111328125e+02
4.034636840820312500e+02
9.871378326416015625e+01
3.532739562988281250e+02
2.595383911132812500e+02
4.760001220703125000e+02
6.348789672851562500e+02
5.484018554687500000e+02
2.451248931884765625e+02
5.603812866210937500e+02
2.991258850097656250e+02
2.292295684814453125e+02
2.651511230468750000e+02
1.632217254638671875e+02
4.443434753417968750e+02
4.454317626953125000e+02
4.633868713378906250e+02
6.773317260742187500e+02
3.780819702148437500e+02
1.732897460937500000e+03
5.408001098632812500e+02
3.642662658691406250e+02
1.058455734252929688e+02
4.301010437011718750e+02
2.782131652832031250e+02
3.815910644531250000e+02
3.198462524414062500e+02
9.812632446289062500e+02
2.441275024414062500e+02
2.583036193847656250e+02
3.887882080078125000e+02
1.827918853759765625e+02
6.970769653320312500e+02
5.437156982421875000e+02
3.138687438964843750e+02
3.190844421386718750e+02
6.396319580078125000e+02
4.626987609863281250e+02
5.649809570312500000e+02
4.902441406250000000e+02
1.273315811157226562e+02
1.885635223388671875e+02
4.861104125976562500e+02
6.173737182617187500e+02
2.975023498535156250e+02
7.631188354492187500e+02
6.526208496093750000e+02
2.753170776367187500e+02
1.296330718994140625e+02
4.174272155761718750e+02
4.530866699218750000e+02
6.810640258789062500e+02
4.630711364746093750e+02
3.974967041015625000e+02
5.869696044921875000e+02
3.275192871093750000e+02
5.882957763671875000e+02
2.260278625488281250e+02
2.948176269531250000e+02
5.820663452148437500e+02
3.728561096191406250e+02
5.294496459960937500e+02
1.045157592773437500e+03
4.737355041503906250e+02
1.039616088867187500e+03
3.597844543457031250e+02
7.808585815429687500e+02
4.538852844238281250e+02
4.351461181640625000e+02
4.065506896972656250e+02
2.870070190429687500e+02
2.238588409423828125e+02
5.356116943359375000e+02
4.487536010742187500e+02
5.265081787109375000e+02
7.026609497070312500e+02
5.870274047851562500e+02
3.647156066894531250e+02
8.022756958007812500e+02
1.544013977050781250e+02
3.718290405273437500e+02
4.622649841308593750e+02
3.854649353027343750e+02
4.838118896484375000e+02
3.728445434570312500e+02
1.052371704101562500e+03
5.042609558105468750e+02
9.367949676513671875e+01
5.887825317382812500e+02
2.612179565429687500e+02
8.045872192382812500e+02
1.026524414062500000e+03
3.581327819824218750e+02
2.526758575439453125e+02
2.415665740966796875e+02
5.841974487304687500e+02
9.914857177734375000e+02
5.231251831054687500e+02
4.584715576171875000e+02
4.959102478027343750e+02
1.887442169189453125e+02
7.715104370117187500e+02
5.353868408203125000e+02
8.347685546875000000e+02
2.729984436035156250e+02
4.425256652832031250e+02
6.067224121093750000e+02
3.978040161132812500e+02
2.242469024658203125e+02
4.191661682128906250e+02
5.150029907226562500e+02
3.850000610351562500e+02
6.997613525390625000e+02
6.180579833984375000e+02
5.528598022460937500e+02
2.087130889892578125e+02
3.850286560058593750e+02
3.785831604003906250e+02
4.243330688476562500e+02
2.714434509277343750e+02
8.015937500000000000e+02
7.095003662109375000e+02
5.035530090332031250e+02
3.732877197265625000e+02
4.314769287109375000e+02
3.972270812988281250e+02
5.292077636718750000e+02
4.385569152832031250e+02
3.936387023925781250e+02
5.462487182617187500e+02
2.773546447753906250e+02
6.401712036132812500e+02
1.946245574951171875e+02
5.701779785156250000e+02
5.113153381347656250e+02
6.791997680664062500e+02
6.221630859375000000e+02
6.122602539062500000e+02
9.627350616455078125e+01
4.114427795410156250e+02
2.439865570068359375e+02
2.742472839355468750e+02
4.744115600585937500e+02
3.266158447265625000e+02
5.375808715820312500e+02
2.979378051757812500e+02
3.801009826660156250e+02
3.199130554199218750e+02
4.961010742187500000e+02
2.737238464355468750e+02
2.316242370605468750e+02
6.983977661132812500e+02
4.090443115234375000e+02
3.375640869140625000e+02
7.360335083007812500e+02
7.035269165039062500e+02
3.261159667968750000e+02
3.374598083496093750e+02
2.843136596679687500e+02
3.663747253417968750e+02
4.510931091308593750e+02
3.975449523925781250e+02
4.204140319824218750e+02
7.187732543945312500e+02
5.087550048828125000e+02
4.047338562011718750e+02
4.109537658691406250e+02
7.415196533203125000e+02
3.768645629882812500e+02
2.970269165039062500e+02
6.053588256835937500e+02
4.557692871093750000e+02
2.884640808105468750e+02
7.203021240234375000e+02
1.016153869628906250e+02
5.639666137695312500e+02
6.752045288085937500e+02
2.601403198242187500e+02
8.939990844726562500e+02
1.963743438720703125e+02
4.465509948730468750e+02
9.159085845947265625e+01
4.649297790527343750e+02
4.853936462402343750e+02
3.946548461914062500e+02
4.538646240234375000e+02
3.412517089843750000e+02
3.730072326660156250e+02
6.476464843750000000e+02
6.524350585937500000e+02
1.642658996582031250e+02
1.644305114746093750e+02
3.710490112304687500e+02
4.516127319335937500e+02
3.107901000976562500e+02
4.306049804687500000e+02
3.855157165527343750e+02
2.274213867187500000e+02
7.128257446289062500e+02
5.267654418945312500e+02
2.763663635253906250e+02
6.283967895507812500e+02
3.666715087890625000e+02
2.073539886474609375e+02
7.080534057617187500e+02
7.181770629882812500e+02
6.978775634765625000e+02
4.536689453125000000e+02
3.668919982910156250e+02
3.008792114257812500e+02
3.997419433593750000e+02
7.084945678710937500e+02
1.767904663085937500e+02
1.138770599365234375e+02
2.983112182617187500e+02
2.629945068359375000e+02
4.542614440917968750e+02
5.061642150878906250e+02
5.798039550781250000e+02
3.838724670410156250e+02
3.557008666992187500e+02
2.918511352539062500e+02
2.942239685058593750e+02
7.703326416015625000e+02
4.735649414062500000e+02
1.983403320312500000e+02
6.341378784179687500e+02
5.558909301757812500e+02
3.064400329589843750e+02
2.961486206054687500e+02
1.547501220703125000e+02
4.778419189453125000e+02
9.521965332031250000e+02
4.993075561523437500e+02
7.472337036132812500e+02
4.478641967773437500e+02
9.241173095703125000e+02
4.123291015625000000e+02
3.940369873046875000e+02
4.819873657226562500e+02
3.218927001953125000e+02
4.185787963867187500e+02
4.236266479492187500e+02
7.715603637695312500e+02
8.904003295898437500e+02
5.237465209960937500e+02
5.182074584960937500e+02
2.329264984130859375e+02
1.282116210937500000e+03
4.804822387695312500e+02
3.538658447265625000e+02
1.869850158691406250e+02
6.495807495117187500e+02
3.822644424438476562e+01
5.998571166992187500e+02
4.949114990234375000e+02
5.541406250000000000e+02
3.963019409179687500e+02
2.688261108398437500e+02
2.571672363281250000e+02
2.731357727050781250e+02
6.047110595703125000e+02
2.512772674560546875e+02
1.754440460205078125e+02
4.471047973632812500e+02
2.577951354980468750e+02
2.804557800292968750e+02
6.234686889648437500e+02
2.140108184814453125e+02
7.294864501953125000e+02
3.992936096191406250e+02
6.990413208007812500e+02
1.170173583984375000e+03
2.152008056640625000e+02
6.033853149414062500e+02
3.840703735351562500e+02
5.218143920898437500e+02
2.201686401367187500e+02
4.380620117187500000e+02
4.634805297851562500e+02
4.881008300781250000e+02
8.785444335937500000e+02
8.758902587890625000e+02
6.905163574218750000e+02
4.986122131347656250e+02
5.182473754882812500e+02
5.043605957031250000e+02
4.674237976074218750e+02
4.043014221191406250e+02
5.425839233398437500e+02
4.535436096191406250e+02
2.194647827148437500e+02
4.214990234375000000e+02
6.402858886718750000e+02
3.302507324218750000e+02
2.334669342041015625e+02
2.522976379394531250e+02
3.941355895996093750e+02
3.662911682128906250e+02
2.528653564453125000e+02
4.726184082031250000e+02
3.402459106445312500e+02
5.777958374023437500e+02
6.452208862304687500e+02
2.844831542968750000e+02
4.264238586425781250e+02
4.573399047851562500e+02
2.755256347656250000e+02
5.906984863281250000e+02
1.833757781982421875e+02
3.400208740234375000e+02
2.461723022460937500e+02
2.953479309082031250e+02
2.683598937988281250e+02
9.938646240234375000e+02
4.849811096191406250e+02
7.866675415039062500e+02
5.753769683837890625e+01
5.282260742187500000e+02
8.659405517578125000e+02
3.089439697265625000e+02
1.442712554931640625e+02
3.631358032226562500e+02
3.525728759765625000e+02
9.749948730468750000e+02
3.524724121093750000e+02
3.672181091308593750e+02
3.661546325683593750e+02
5.405017089843750000e+02
3.605131835937500000e+02
5.543004760742187500e+02
1.510245208740234375e+02
1.727115325927734375e+02
6.346533203125000000e+02
1.780119171142578125e+02
3.955821533203125000e+02
2.280627899169921875e+02
3.723469238281250000e+02
5.430539550781250000e+02
9.071103515625000000e+02
6.376813964843750000e+02
4.619807434082031250e+02
6.118330078125000000e+02
1.461788330078125000e+02
5.445147705078125000e+02
4.888170166015625000e+02
5.858583984375000000e+02
5.015691833496093750e+02
4.185389709472656250e+02
4.268040466308593750e+02
5.368425903320312500e+02
3.273828735351562500e+02
4.131638488769531250e+02
6.369854736328125000e+02
2.271666107177734375e+02
2.238678131103515625e+02
4.987097778320312500e+02
4.379651184082031250e+02
4.293859558105468750e+02
3.425329589843750000e+02
6.557285156250000000e+02
2.558392944335937500e+02
6.443581542968750000e+02
2.124426879882812500e+02
4.893732910156250000e+02
4.402502746582031250e+02
3.794642639160156250e+02
1.884028472900390625e+02
3.842275390625000000e+02
4.370651855468750000e+02
3.246500854492187500e+02
6.868504638671875000e+02
5.398956909179687500e+02
3.278090515136718750e+02
6.003871459960937500e+02
4.502163391113281250e+02
5.593867187500000000e+02
4.821701354980468750e+02
5.929017333984375000e+02
2.597733459472656250e+02
1.098609848022460938e+02
6.170678100585937500e+02
1.873791961669921875e+02
5.916577758789062500e+02
2.656964721679687500e+02
3.412890930175781250e+02
5.230830688476562500e+02
3.935790710449218750e+02
3.311722412109375000e+02
5.194441528320312500e+02
4.507862548828125000e+02
4.157139892578125000e+02
3.594972229003906250e+02
3.390634155273437500e+02
4.870016784667968750e+02
4.704654541015625000e+02
6.448488769531250000e+02
1.896097717285156250e+02
5.289328613281250000e+02
4.571210327148437500e+02
6.641464233398437500e+02
1.346660400390625000e+03
1.435805053710937500e+02
7.805998229980468750e+01
6.203205566406250000e+02
1.974035949707031250e+02
4.001742858886718750e+02
5.603736572265625000e+02
3.536340026855468750e+02
3.184776611328125000e+02
3.526015014648437500e+02
3.245335693359375000e+02
4.088379821777343750e+02
3.068092346191406250e+02
4.168959045410156250e+02
2.621820678710937500e+02
9.106249237060546875e+01
4.124215698242187500e+02
3.593376770019531250e+02
3.131994934082031250e+02
4.862757568359375000e+02
2.621372985839843750e+02
2.796958618164062500e+02
2.374171905517578125e+02
2.792981567382812500e+02
6.616450195312500000e+02
5.385250854492187500e+02
3.941891479492187500e+02
1.684163665771484375e+02
4.716319274902343750e+02
6.585747070312500000e+02
4.237780456542968750e+02
9.125554199218750000e+02
6.748429565429687500e+02
2.766740112304687500e+02
5.413997192382812500e+02
7.260274505615234375e+01
2.310563507080078125e+02
6.091752929687500000e+02
3.137089538574218750e+02
6.304887084960937500e+02
2.935306091308593750e+02
7.995264282226562500e+02
6.553875122070312500e+02
3.977715759277343750e+02
4.755600585937500000e+02
2.361892242431640625e+02
4.465182495117187500e+02
5.041335449218750000e+02
4.240316772460937500e+02
1.578880920410156250e+02
3.583233337402343750e+02
3.501355895996093750e+02
6.447390136718750000e+02
4.754129638671875000e+02
2.528900451660156250e+02
4.060186462402343750e+02
1.280522216796875000e+03
9.234852294921875000e+02
2.866554260253906250e+02
5.421075439453125000e+02
5.025371093750000000e+02
3.318863830566406250e+02
2.755656738281250000e+02
1.921254730224609375e+02
4.711530151367187500e+02
3.031333007812500000e+02
5.751333618164062500e+02
1.178095703125000000e+02
2.748667907714843750e+02
6.350472412109375000e+02
7.610926513671875000e+02
2.972063903808593750e+02
2.232598266601562500e+02
8.751861572265625000e+02
7.569273071289062500e+02
3.109695129394531250e+02
1.932508697509765625e+02
6.169450683593750000e+02
5.624798583984375000e+02
6.252480468750000000e+02
2.355565185546875000e+02
4.843324279785156250e+02
4.600738220214843750e+02
1.694463653564453125e+02
5.938547363281250000e+02
2.526742401123046875e+02
5.633712158203125000e+02
7.043126220703125000e+02
1.624083709716796875e+02
4.285913391113281250e+02
2.440974578857421875e+02
7.029194335937500000e+02
4.994222717285156250e+02
2.185566406250000000e+02
6.771826782226562500e+02
5.858647460937500000e+02
5.139311523437500000e+02
2.749811401367187500e+02
3.100675964355468750e+02
4.112101135253906250e+02
2.746842041015625000e+02
4.657533569335937500e+02
4.942509765625000000e+02
6.747445678710937500e+02
3.968522338867187500e+02
9.327440795898437500e+02
5.453138427734375000e+02
3.488308105468750000e+02
2.479162292480468750e+02
4.980332031250000000e+02
4.758316040039062500e+02
5.763063964843750000e+02
6.474711303710937500e+02
5.401932373046875000e+02
2.915122070312500000e+02
7.361569824218750000e+02
8.781875610351562500e+02
5.146774902343750000e+02
8.154205322265625000e+02
5.648900756835937500e+02
3.748295288085937500e+02
2.381134643554687500e+02
4.358017272949218750e+02
1.755677795410156250e+02
2.686479187011718750e+02
5.455770874023437500e+02
4.223794860839843750e+02
3.125748291015625000e+02
5.404036865234375000e+02
3.975319519042968750e+02
2.525102691650390625e+02
6.704251708984375000e+02
1.122346313476562500e+03
6.430685424804687500e+02
5.593881225585937500e+02
3.235447387695312500e+02
5.124664916992187500e+02
3.347250061035156250e+02
5.845195312500000000e+02
2.144011230468750000e+02
3.504387817382812500e+02
2.564739685058593750e+02
2.980227355957031250e+02
7.236087036132812500e+02
7.511419067382812500e+02
3.424535522460937500e+02
6.338345947265625000e+02
1.771272430419921875e+02
3.406387023925781250e+02
1.272551727294921875e+02
5.892481689453125000e+02
2.760847778320312500e+02
3.468694152832031250e+02
2.063642730712890625e+02
3.505541687011718750e+02
4.702908630371093750e+02
4.813895874023437500e+02
4.009043273925781250e+02
5.744284667968750000e+02
3.428667907714843750e+02
2.514796142578125000e+02
3.424308166503906250e+02
3.190550231933593750e+02
6.318966064453125000e+02
4.986119079589843750e+02
1.981706237792968750e+02
2.751858825683593750e+02
3.090019531250000000e+02
4.782525634765625000e+02
3.984697875976562500e+02
5.714583740234375000e+02
2.215124664306640625e+02
5.620787353515625000e+02
5.588713989257812500e+02
3.758560791015625000e+02
1.729485321044921875e+02
2.808645629882812500e+02
3.700973205566406250e+02
8.988471679687500000e+02
5.763375854492187500e+02
6.443351440429687500e+02
3.212862548828125000e+02
2.531098937988281250e+02
3.968069152832031250e+02
2.924876708984375000e+02
3.159985656738281250e+02
3.110449829101562500e+02
7.297952880859375000e+02
9.648498535156250000e+02
4.974268188476562500e+02
3.334987182617187500e+02
2.684538879394531250e+02
5.067023925781250000e+02
2.069461669921875000e+02
5.721965332031250000e+02
6.117826538085937500e+02
5.321525878906250000e+02
4.020049438476562500e+02
2.672332458496093750e+02
2.621278991699218750e+02
2.700680541992187500e+02
2.536096496582031250e+02
3.094503173828125000e+02
4.454064636230468750e+02
7.545392456054687500e+02
2.470231323242187500e+02
9.601553955078125000e+02
2.579245910644531250e+02
3.960054016113281250e+02
7.367511596679687500e+02
6.535989990234375000e+02
3.144750976562500000e+02
2.716965942382812500e+02
4.118972473144531250e+02
5.541977539062500000e+02
1.813612213134765625e+02
1.130149230957031250e+02
4.183350830078125000e+02
4.892568359375000000e+02
4.602018432617187500e+02
5.083004760742187500e+02
5.867868652343750000e+02
1.890592498779296875e+02
3.827429504394531250e+02
4.862930908203125000e+02
7.236406250000000000e+02
2.585683288574218750e+02
4.421518554687500000e+02
4.883626403808593750e+02
1.739572448730468750e+02
6.141766967773437500e+02
6.780491943359375000e+02
1.441992034912109375e+02
2.979522399902343750e+02
4.382879638671875000e+02
6.708275604248046875e+01
3.744191284179687500e+02
3.738345336914062500e+02
2.399282379150390625e+02
5.044260253906250000e+02
2.913909301757812500e+02
2.450042877197265625e+02
5.786173095703125000e+02
6.024163818359375000e+02
5.910931396484375000e+02
6.392846069335937500e+02
4.556687622070312500e+02
8.981470489501953125e+01
3.918498535156250000e+02
3.472846984863281250e+02
4.673095397949218750e+02
6.258901977539062500e+02
4.628684692382812500e+02
2.682848510742187500e+02
4.950086669921875000e+02
1.647549896240234375e+02
3.781481628417968750e+02
2.736378784179687500e+02
3.549884033203125000e+02
4.181639099121093750e+02
7.273083496093750000e+02
5.185991821289062500e+02
3.411416931152343750e+02
4.464909973144531250e+02
7.491188812255859375e+01
5.349972534179687500e+02
6.759335937500000000e+02
5.839155883789062500e+02
5.331029052734375000e+02
7.028356323242187500e+02
7.877576293945312500e+02
6.574051513671875000e+02
1.868540802001953125e+02
1.808191070556640625e+02
3.161026611328125000e+02
7.133704833984375000e+02
3.036520080566406250e+02
3.633394470214843750e+02
5.656740112304687500e+02
4.523952636718750000e+02
5.721686401367187500e+02
3.914852905273437500e+02
2.051676635742187500e+02
2.457367706298828125e+02
6.895231933593750000e+02
5.386889038085937500e+02
6.314915161132812500e+02
4.463020019531250000e+02
1.715440063476562500e+02
1.984626617431640625e+02
5.388736572265625000e+02
8.669918823242187500e+02
5.575090942382812500e+02
2.506556243896484375e+02
3.109462280273437500e+02
3.369919738769531250e+02
5.050687561035156250e+02
4.405744018554687500e+02
4.412651062011718750e+02
6.608227539062500000e+02
2.010706939697265625e+02
4.233215332031250000e+02
1.865790405273437500e+02
1.011173400878906250e+03
5.292229003906250000e+02
4.408370971679687500e+02
3.274139709472656250e+02
4.632978515625000000e+02
7.482854614257812500e+02
4.236675415039062500e+02
1.924440612792968750e+02
4.419300537109375000e+02
6.163896484375000000e+02
4.351987304687500000e+02
3.025504455566406250e+02
3.191904296875000000e+02
8.274788818359375000e+02
4.524084777832031250e+02
4.424194030761718750e+02
2.495467376708984375e+02
2.810689697265625000e+02
4.436712036132812500e+02
5.029218750000000000e+02
1.847663269042968750e+02
4.337135314941406250e+02
1.036455154418945312e+02
6.070996093750000000e+02
2.941104736328125000e+02
7.073391113281250000e+02
2.129915161132812500e+02
7.660610961914062500e+02
4.366686401367187500e+02
4.570556030273437500e+02
5.510845947265625000e+02
4.233655090332031250e+02
5.242664184570312500e+02
2.087936248779296875e+02
3.538123474121093750e+02
2.287602691650390625e+02
4.738623352050781250e+02
6.583194580078125000e+02
3.552874755859375000e+02
7.426539916992187500e+02
6.317048339843750000e+02
6.301351928710937500e+02
1.767590484619140625e+02
8.148933105468750000e+02
4.061442260742187500e+02
7.219722900390625000e+02
3.294401855468750000e+02
2.350647277832031250e+02
2.646681823730468750e+02
3.668763427734375000e+02
7.733111572265625000e+02
1.296784515380859375e+02
3.382768249511718750e+02
4.842070922851562500e+02
4.791207580566406250e+02
1.803968811035156250e+02
3.588846130371093750e+02
5.890440063476562500e+02
2.414316101074218750e+02
5.592278442382812500e+02
5.465642700195312500e+02
3.024005126953125000e+02
4.452291259765625000e+02
4.310228881835937500e+02
3.892154846191406250e+02
3.629063110351562500e+02
2.415256652832031250e+02
4.553898315429687500e+02
6.352607421875000000e+02
1.940825500488281250e+02
6.980993041992187500e+02
4.673149719238281250e+02
5.014383239746093750e+02
7.369457397460937500e+02
6.313056030273437500e+02
6.746628417968750000e+02
4.764405212402343750e+02
5.323685913085937500e+02
3.052462768554687500e+02
9.911811523437500000e+02
5.478825683593750000e+02
3.379756774902343750e+02
2.666945800781250000e+02
3.090082397460937500e+02
2.704349060058593750e+02
5.673151245117187500e+02
4.956592407226562500e+02
4.565862121582031250e+02
4.715718688964843750e+02
1.848695526123046875e+02
7.261040039062500000e+02
5.479054565429687500e+02
7.779243774414062500e+02
5.481206665039062500e+02
3.820379028320312500e+02
3.075606689453125000e+02
6.449370727539062500e+02
5.166185913085937500e+02
5.055874938964843750e+02
8.749245605468750000e+02
8.546270141601562500e+02
4.933044738769531250e+02
2.521018981933593750e+02
4.103362121582031250e+02
7.173517456054687500e+02
3.097831420898437500e+02
4.013922729492187500e+02
1.822449035644531250e+02
7.929475097656250000e+02
2.856321716308593750e+02
1.467995452880859375e+02
2.109837341308593750e+02
6.171674804687500000e+02
6.632108154296875000e+02
5.785603637695312500e+02
6.671125488281250000e+02
4.291549377441406250e+02
8.369527587890625000e+02
6.727520751953125000e+02
7.280787353515625000e+02
4.110093383789062500e+02
5.124353637695312500e+02
3.296776123046875000e+02
4.893442382812500000e+02
6.783604736328125000e+02
1.457142333984375000e+02
4.616756896972656250e+02
5.416765747070312500e+02
4.057953796386718750e+02
1.054936141967773438e+02
6.807833251953125000e+02
8.008786621093750000e+02
2.594590454101562500e+02
3.834287414550781250e+02
5.264738159179687500e+02
3.731168823242187500e+02
7.101781005859375000e+02
4.733019714355468750e+02
1.838361968994140625e+02
3.839203186035156250e+02
3.550694580078125000e+02
7.361453857421875000e+02
2.345112152099609375e+02
4.782670288085937500e+02
5.933330688476562500e+02
5.613808593750000000e+02
4.120897827148437500e+02
1.674053192138671875e+02
3.025280761718750000e+02
6.398176269531250000e+02
2.564353332519531250e+02
1.227894515991210938e+02
5.020050048828125000e+02
3.219767761230468750e+02
1.628133392333984375e+02
3.550436706542968750e+02
3.978577270507812500e+02
4.046967468261718750e+02
8.942662963867187500e+02
3.742998962402343750e+02
2.309320831298828125e+02
7.726288452148437500e+02
3.033245544433593750e+02
2.969413757324218750e+02
9.458292846679687500e+02
4.830759887695312500e+02
3.398896179199218750e+02
4.379516906738281250e+02
4.407347412109375000e+02
3.175538940429687500e+02
3.298973388671875000e+02
5.653678588867187500e+02
5.225407714843750000e+02
4.862279357910156250e+02
7.520223388671875000e+02
6.262857666015625000e+02
2.047636871337890625e+02
4.205767211914062500e+02
1.145292282104492188e+02
2.383606262207031250e+02
2.739506530761718750e+02
4.279308776855468750e+02
5.928010864257812500e+02
4.910151977539062500e+02
1.259215087890625000e+03
2.619720764160156250e+02
4.119913024902343750e+02
8.711344604492187500e+02
7.677227172851562500e+02
4.558130798339843750e+02
1.430266418457031250e+02
3.065197143554687500e+02
5.453507690429687500e+02
9.310337066650390625e+01
4.417562561035156250e+02
3.519407348632812500e+02
3.063037414550781250e+02
3.195235900878906250e+02
2.370482635498046875e+02
5.264790039062500000e+02
2.062070617675781250e+02
2.984527282714843750e+02
4.160988769531250000e+02
6.642911376953125000e+02
5.820155639648437500e+02
5.449816284179687500e+02
6.739396972656250000e+02
2.884693298339843750e+02
2.162230377197265625e+02
7.469459228515625000e+02
5.209907226562500000e+02
9.235385131835937500e+01
4.466643676757812500e+02
5.562133789062500000e+02
2.696201171875000000e+02
1.910985870361328125e+02
6.034955444335937500e+02
9.178087158203125000e+02
5.499485473632812500e+02
2.994797058105468750e+02
5.177037963867187500e+02
2.146792449951171875e+02
2.828257751464843750e+02
1.634883117675781250e+02
8.302717285156250000e+02
3.945388183593750000e+02
7.811088867187500000e+02
5.674373779296875000e+02
1.578064575195312500e+02
3.434827270507812500e+02
1.192063369750976562e+02
5.897163085937500000e+02
4.297398681640625000e+02
4.383315734863281250e+02
7.388914184570312500e+02
3.815765380859375000e+02
3.903480529785156250e+02
3.864862060546875000e+02
3.224656677246093750e+02
4.752178344726562500e+02
5.075003662109375000e+02
4.436876220703125000e+02
4.234245910644531250e+02
4.769380187988281250e+02
5.754337768554687500e+02
2.981259155273437500e+02
4.459758300781250000e+02
3.923702697753906250e+02
5.477704467773437500e+02
4.238939208984375000e+02
2.845492553710937500e+02
2.756402282714843750e+02
3.233207092285156250e+02
4.055272521972656250e+02
6.207076416015625000e+02
1.174795410156250000e+03
3.714573059082031250e+02
6.123553466796875000e+02
8.430479125976562500e+02
5.835316772460937500e+02
2.667932434082031250e+02
5.682785034179687500e+02
8.142293701171875000e+02
6.980954589843750000e+02
3.805594177246093750e+02
6.352814331054687500e+02
3.350115356445312500e+02
7.152429809570312500e+02
5.261400756835937500e+02
5.336207885742187500e+02
2.645748596191406250e+02
2.540551147460937500e+02
5.556397094726562500e+02
2.905986938476562500e+02
4.596802673339843750e+02
2.891912231445312500e+02
2.979932861328125000e+02
4.842240600585937500e+02
8.451431274414062500e+02
4.896704101562500000e+02
3.630806884765625000e+02
4.807418518066406250e+02
1.226491699218750000e+03
5.516181030273437500e+02
3.005863037109375000e+02
3.107069091796875000e+02
3.049555053710937500e+02
1.045178100585937500e+03
5.792918701171875000e+02
3.522711486816406250e+02
6.340841064453125000e+02
3.100685424804687500e+02
6.413673095703125000e+02
4.462742919921875000e+02
6.163226928710937500e+02
6.749108886718750000e+02
4.664617919921875000e+02
7.699972534179687500e+02
2.274099884033203125e+02
5.121408081054687500e+02
1.778113555908203125e+02
4.931559753417968750e+02
5.646173095703125000e+02
5.498405151367187500e+02
5.537302246093750000e+02
4.659383544921875000e+02
2.533059539794921875e+02
5.806755371093750000e+02
4.619535827636718750e+02
7.785856323242187500e+02
4.134406738281250000e+02
5.543579101562500000e+02
4.944204101562500000e+02
5.933218994140625000e+02
2.257261047363281250e+02
7.608179931640625000e+02
3.257936096191406250e+02
3.527190246582031250e+02
7.101215820312500000e+02
5.341207275390625000e+02
2.062002868652343750e+02
3.173199768066406250e+02
5.982152709960937500e+02
3.772982482910156250e+02
3.035748291015625000e+02
4.622653198242187500e+02
6.063330078125000000e+02
2.809228210449218750e+02
6.149026489257812500e+02
4.189835510253906250e+02
8.256989135742187500e+02
5.923330078125000000e+02
2.758957824707031250e+02
1.983910217285156250e+02
4.671888732910156250e+02
4.112307434082031250e+02
3.875160522460937500e+02
5.910812377929687500e+02
6.485462646484375000e+02
6.661229705810546875e+01
7.098485107421875000e+02
7.660205688476562500e+02
9.053308715820312500e+02
2.387696228027343750e+02
4.429901733398437500e+02
4.881545104980468750e+02
4.464385986328125000e+02
2.228517456054687500e+02
2.061767425537109375e+02
3.837791137695312500e+02
4.015653381347656250e+02
7.871760253906250000e+02
3.134387207031250000e+02
8.160143432617187500e+02
6.188700561523437500e+02
3.081227722167968750e+02
4.076329345703125000e+02
5.212321166992187500e+02
2.239449157714843750e+02
8.341336059570312500e+02
6.066559448242187500e+02
4.163192443847656250e+02
3.039445190429687500e+02
4.837992858886718750e+02
5.611527709960937500e+02
1.453229736328125000e+03
4.269319763183593750e+02
4.984860229492187500e+02
5.870855712890625000e+02
4.922062072753906250e+02
3.818327026367187500e+02
4.203922424316406250e+02
2.870110778808593750e+02
4.148474731445312500e+02
4.352933044433593750e+02
3.754674072265625000e+02
8.308804931640625000e+02
3.358638000488281250e+02
4.263223266601562500e+02
6.972986450195312500e+02
7.428205566406250000e+02
3.912696533203125000e+02
4.237046813964843750e+02
7.370857543945312500e+02
1.209138061523437500e+03
1.465743103027343750e+02
4.664288024902343750e+02
3.457338256835937500e+02
2.915345458984375000e+02
4.740527954101562500e+02
5.368325805664062500e+02
4.172762145996093750e+02
5.351860351562500000e+02
2.629764404296875000e+02
4.913030090332031250e+02
2.753516540527343750e+02
8.387991943359375000e+02
5.751066894531250000e+02
4.612320251464843750e+02
7.468312377929687500e+02
9.973886108398437500e+02
4.838344421386718750e+02
7.239760742187500000e+02
3.803849792480468750e+02
1.806369934082031250e+02
5.004004516601562500e+02
4.359576721191406250e+02
7.802506713867187500e+02
2.988609008789062500e+02
1.770664520263671875e+02
7.761994018554687500e+02
5.431430664062500000e+02
1.483607330322265625e+02
7.486699218750000000e+02
8.161073303222656250e+01
4.803724365234375000e+02
4.814525756835937500e+02
3.680612182617187500e+02
5.192029418945312500e+02
4.404544372558593750e+02
9.055121459960937500e+02
3.858979187011718750e+02
4.591262817382812500e+02
6.912416992187500000e+02
5.782894897460937500e+02
5.622611694335937500e+02
3.788295593261718750e+02
6.015921020507812500e+02
4.952862854003906250e+02
4.718748168945312500e+02
5.212579956054687500e+02
2.024275665283203125e+02
2.326348571777343750e+02
4.661375427246093750e+02
3.767723846435546875e+01
5.329121704101562500e+02
5.972883911132812500e+02
4.180372619628906250e+02
2.048989868164062500e+02
2.625201416015625000e+02
5.465845947265625000e+02
5.555725097656250000e+02
4.039766845703125000e+02
4.566991271972656250e+02
5.589424438476562500e+02
2.794526367187500000e+02
4.920992736816406250e+02
5.117452697753906250e+02
4.582087707519531250e+02
5.351123657226562500e+02
2.738790893554687500e+02
7.115808868408203125e+01
6.025372314453125000e+02
3.425081787109375000e+02
2.426402130126953125e+02
3.013814392089843750e+02
2.905441589355468750e+02
1.031980346679687500e+03
7.565372314453125000e+02
4.518581848144531250e+02
1.985410766601562500e+02
3.223157348632812500e+02
4.389109497070312500e+02
4.881162414550781250e+02
4.201149291992187500e+02
2.903610839843750000e+02
4.526273193359375000e+02
1.112430541992187500e+03
4.995194396972656250e+02
2.728010864257812500e+02
4.369623718261718750e+02
6.898178100585937500e+02
3.460903015136718750e+02
6.769515991210937500e+02
3.603741455078125000e+02
4.214989318847656250e+02
3.443160095214843750e+02
4.177013244628906250e+02
2.762955017089843750e+02
3.693312988281250000e+02
3.955279541015625000e+02
3.981593322753906250e+02
4.636835937500000000e+02
5.740928955078125000e+02
2.600587158203125000e+02
1.602583618164062500e+02
1.064346923828125000e+03
1.643139801025390625e+02
1.601041107177734375e+02
7.097177734375000000e+02
4.804074401855468750e+02
7.556374511718750000e+02
3.283515319824218750e+02
3.455424194335937500e+02
3.703248291015625000e+02
2.991869812011718750e+02
3.890603942871093750e+02
2.105733947753906250e+02
5.225723266601562500e+02
4.220567321777343750e+02
4.165435485839843750e+02
5.513726806640625000e+02
7.241840209960937500e+02
3.489131774902343750e+02
2.994859924316406250e+02
8.490810546875000000e+02
5.226021118164062500e+02
2.920795593261718750e+02
1.495838928222656250e+02
1.166693115234375000e+02
3.304735717773437500e+02
1.718372344970703125e+02
5.397230224609375000e+02
2.722394409179687500e+02
1.737859497070312500e+02
5.712723999023437500e+02
5.900607299804687500e+02
4.521474914550781250e+02
5.190701904296875000e+02
4.803369140625000000e+02
2.603290405273437500e+02
6.449546508789062500e+02
3.224497680664062500e+02
3.354998474121093750e+02
2.694278564453125000e+02
3.774601135253906250e+02
3.471662292480468750e+02
2.125617980957031250e+02
6.251765747070312500e+02
4.077728881835937500e+02
1.985852966308593750e+02
6.510979003906250000e+02
1.943268585205078125e+02
4.373056335449218750e+02
2.743884582519531250e+02
3.440468139648437500e+02
3.136062316894531250e+02
4.479929199218750000e+02
4.470610046386718750e+02
2.860624389648437500e+02
4.730021667480468750e+02
5.816850585937500000e+02
4.762231750488281250e+02
2.597729797363281250e+02
7.688966674804687500e+02
2.738702392578125000e+02
7.911456909179687500e+02
3.174705810546875000e+02
5.453760375976562500e+02
3.833451232910156250e+02
5.533432006835937500e+02
7.880344848632812500e+02
6.490013427734375000e+02
5.633440551757812500e+02
2.509431152343750000e+02
2.404484405517578125e+02
1.494933319091796875e+02
6.260032958984375000e+02
1.684010620117187500e+02
5.896926879882812500e+02
5.734672241210937500e+02
4.388229370117187500e+02
8.191153717041015625e+01
1.910305175781250000e+02
6.182474975585937500e+02
6.263143310546875000e+02
2.468852081298828125e+02
5.967853393554687500e+02
8.007118530273437500e+02
5.366100463867187500e+02
3.099079895019531250e+02
5.046731567382812500e+02
4.357192382812500000e+02
4.715388183593750000e+02
4.371004943847656250e+02
3.271129455566406250e+02
3.355583496093750000e+02
5.513683471679687500e+02
9.929797363281250000e+02
6.084908447265625000e+02
2.297498321533203125e+02
4.205835571289062500e+02
3.961141357421875000e+02
6.622029418945312500e+02
4.338777160644531250e+02
3.000622558593750000e+02
6.113248901367187500e+02
3.801924133300781250e+02
4.656788330078125000e+02
8.143579711914062500e+02
6.127877197265625000e+02
5.478461914062500000e+02
2.842427978515625000e+02
7.801833496093750000e+02
3.638796081542968750e+02
8.985023803710937500e+02
5.483268432617187500e+02
5.668824462890625000e+02
7.193786010742187500e+02
4.076492004394531250e+02
6.105701904296875000e+02
5.738673095703125000e+02
7.798241577148437500e+02
4.199670410156250000e+02
2.457905273437500000e+02
5.559616699218750000e+02
4.121983032226562500e+02
1.626056518554687500e+02
1.062509887695312500e+03
4.584511718750000000e+02
1.899420013427734375e+02
7.487116699218750000e+02
4.951521301269531250e+02
2.680501403808593750e+02
4.078255920410156250e+02
9.155498046875000000e+02
4.001130065917968750e+02
3.402192687988281250e+02
3.931223144531250000e+02
4.898269348144531250e+02
3.611605529785156250e+02
8.368414916992187500e+02
3.830023803710937500e+02
3.896817932128906250e+02
5.194139099121093750e+01
9.419913482666015625e+01
1.667607574462890625e+02
1.802497863769531250e+02
3.054143676757812500e+02
5.067076416015625000e+02
3.308429565429687500e+02
3.829085388183593750e+02
3.451967163085937500e+02
7.670935668945312500e+02
2.590426940917968750e+02
4.209302673339843750e+02
4.431571655273437500e+02
3.755099487304687500e+02
4.088769226074218750e+02
5.989601440429687500e+02
2.020494537353515625e+02
8.351067352294921875e+01
5.792424926757812500e+02
1.824793701171875000e+02
4.472996826171875000e+02
6.850271606445312500e+02
3.927566528320312500e+02
9.200490112304687500e+02
5.995995483398437500e+02
6.626697387695312500e+02
2.065253448486328125e+02
5.754343872070312500e+02
5.349284667968750000e+02
5.410159912109375000e+02
3.350729370117187500e+02
3.691969604492187500e+02
4.822529602050781250e+02
6.044900512695312500e+02
5.241264038085937500e+02
2.014599609375000000e+02
7.172348022460937500e+02
4.621158752441406250e+02
9.570206298828125000e+02
3.870505676269531250e+02
8.046561889648437500e+02
4.270378417968750000e+02
2.663941650390625000e+02
8.438674926757812500e+02
6.209378051757812500e+02
2.535642700195312500e+02
